# step  t  vx_mean  vy_mean  vmag_mean
0 0.00000000e+00 9.31322575e-09 -2.23517418e-08 2.42143869e-08
50 5.00000000e+00 6.40284270e-10 5.82076609e-10 8.65319089e-10
100 1.00000000e+01 2.61934474e-10 6.98491931e-10 7.45989709e-10
150 1.50000000e+01 9.31322575e-10 1.13504939e-09 1.46822984e-09
200 2.00000000e+01 -9.31322575e-10 -1.19325705e-09 1.51367900e-09
250 2.50000000e+01 3.02679837e-09 8.87666829e-10 3.15427658e-09
300 3.00000000e+01 -1.04773790e-09 -1.89174898e-10 1.06467922e-09
350 3.50000000e+01 1.28056854e-09 -1.42608769e-09 1.91665904e-09
400 4.00000000e+01 5.82076609e-10 1.77533366e-09 1.86832084e-09
450 4.50000000e+01 1.48429535e-09 1.10594556e-09 1.85101277e-09
500 5.00000000e+01 -6.40284270e-10 4.22005542e-10 7.66845893e-10
550 5.50000000e+01 -1.42608769e-09 -2.32830644e-10 1.44496928e-09
600 6.00000000e+01 -2.91038305e-10 -2.61934474e-10 3.91551993e-10
650 6.50000000e+01 -1.45519152e-09 1.42608769e-09 2.03747601e-09
700 7.00000000e+01 6.69388101e-10 2.60479283e-09 2.68942858e-09
750 7.50000000e+01 -1.16415322e-09 -5.96628524e-10 1.30813543e-09
800 8.00000000e+01 8.73114914e-10 -4.36557457e-11 8.74205626e-10
850 8.50000000e+01 6.69388101e-10 -1.07684173e-09 1.26793869e-09
900 9.00000000e+01 -4.22005542e-10 -6.40284270e-10 7.66845893e-10
950 9.50000000e+01 -6.83940016e-10 9.82254278e-10 1.19691161e-09
1000 1.00000000e+02 8.00355338e-10 -2.18278728e-09 2.32489333e-09
1050 1.05000000e+02 -8.00355338e-10 -4.07453626e-10 8.98101956e-10
1100 1.10000000e+02 5.52972779e-10 -6.91215973e-10 8.85188350e-10
1150 1.15000000e+02 1.48429535e-09 6.98491931e-10 1.64043399e-09
1200 1.20000000e+02 2.64844857e-09 -1.11322151e-09 2.87289784e-09
1250 1.25000000e+02 1.02591002e-09 -3.63797881e-10 1.08850369e-09
1300 1.30000000e+02 6.33008312e-10 1.00408215e-09 1.18696272e-09
1350 1.35000000e+02 -2.47382559e-10 -8.94942787e-10 9.28504562e-10
1400 1.40000000e+02 1.76078174e-09 6.11180440e-10 1.86383848e-09
1450 1.45000000e+02 1.99361239e-09 -1.10958354e-09 2.28159286e-09
1500 1.50000000e+02 -6.25732355e-10 -3.27418093e-11 6.26588386e-10
1550 1.55000000e+02 -2.40106601e-10 1.35332812e-09 1.37446287e-09
1600 1.60000000e+02 4.36557457e-11 -7.27595761e-10 7.28904257e-10
1650 1.65000000e+02 -2.14640750e-10 2.03726813e-10 2.95931184e-10
1700 1.70000000e+02 -1.51885615e-09 6.54836185e-10 1.65400557e-09
1750 1.75000000e+02 -1.30421540e-09 -1.15323928e-09 1.74095912e-09
1800 1.80000000e+02 7.27595761e-10 6.29370334e-10 9.62030462e-10
1850 1.85000000e+02 -1.11685949e-09 3.23780114e-10 1.16284508e-09
1900 1.90000000e+02 -1.85536919e-10 3.27418093e-11 1.88403754e-10
1950 1.95000000e+02 -2.21734808e-09 1.23691279e-09 2.53901276e-09
2000 2.00000000e+02 -1.18870958e-09 5.31144906e-10 1.30197748e-09
2050 2.05000000e+02 -1.64709490e-09 1.49884727e-09 2.22698558e-09
2100 2.10000000e+02 3.31965566e-10 -5.16592991e-10 6.14059814e-10
2150 2.15000000e+02 -4.01087163e-10 1.16779120e-09 1.23474985e-09
2200 2.20000000e+02 -1.64982339e-09 1.80443749e-09 2.44497686e-09
2250 2.25000000e+02 -5.07498044e-10 6.80302037e-10 8.48743263e-10
2300 2.30000000e+02 1.03136699e-09 8.94942787e-10 1.36551839e-09
2350 2.35000000e+02 2.36468622e-11 3.12866177e-10 3.13758536e-10
2400 2.40000000e+02 -8.87666829e-10 2.69210432e-10 9.27591858e-10
2450 2.45000000e+02 -1.95723260e-09 4.87489160e-10 2.01702879e-09
2500 2.50000000e+02 -9.89530236e-10 2.46654963e-09 2.65763752e-09
2550 2.55000000e+02 7.23957783e-10 7.71251507e-10 1.05780138e-09
2600 2.60000000e+02 1.16051524e-09 9.71340341e-10 1.51337295e-09
2650 2.65000000e+02 8.03993316e-10 4.91127139e-10 9.42131158e-10
2700 2.70000000e+02 -2.18278728e-11 -9.93168214e-10 9.93408052e-10
2750 2.75000000e+02 -8.80390871e-10 -5.45696821e-10 1.03579588e-09
2800 2.80000000e+02 -1.63709046e-10 1.45519152e-10 2.19035329e-10
2850 2.85000000e+02 -1.22599886e-09 5.18411980e-10 1.33109886e-09
2900 2.90000000e+02 7.85803422e-10 4.32919478e-10 8.97165700e-10
2950 2.95000000e+02 -1.53886504e-09 -5.00222086e-10 1.61812476e-09
3000 3.00000000e+02 -8.65838956e-10 7.14862836e-10 1.12281164e-09
3050 3.05000000e+02 -2.58296495e-10 -4.25643520e-10 4.97885013e-10
3100 3.10000000e+02 -2.24099495e-09 5.78438630e-10 2.31444369e-09
3150 3.15000000e+02 -5.31144906e-10 -6.91215973e-11 5.35623661e-10
3200 3.20000000e+02 -1.81171345e-09 -4.54747351e-11 1.81228407e-09
3250 3.25000000e+02 -1.08775566e-09 -9.78616299e-10 1.46318223e-09
3300 3.30000000e+02 -1.41881173e-10 1.52795110e-10 2.08510463e-10
3350 3.35000000e+02 -6.14818418e-10 1.49157131e-10 6.32652778e-10
3400 3.40000000e+02 -1.34241418e-09 -7.82165444e-10 1.55365975e-09
3450 3.45000000e+02 -3.05590220e-10 -2.94676283e-10 4.24522667e-10
3500 3.50000000e+02 7.56699592e-10 7.93079380e-10 1.09616111e-09
3550 3.55000000e+02 4.36557457e-11 1.09139364e-10 1.17546693e-10
3600 3.60000000e+02 6.73026079e-10 -1.23873178e-09 1.40975903e-09
3650 3.65000000e+02 1.14596332e-09 3.56521923e-10 1.20014158e-09
3700 3.70000000e+02 5.56610757e-10 -1.90993887e-10 5.88467671e-10
3750 3.75000000e+02 -7.38509698e-10 4.18367563e-11 7.39693780e-10
3800 3.80000000e+02 -9.60426405e-10 -1.03682396e-09 1.41330209e-09
3850 3.85000000e+02 -2.91038305e-09 -1.30785338e-09 3.19073815e-09
3900 3.90000000e+02 -6.11180440e-10 2.14640750e-10 6.47774792e-10
3950 3.95000000e+02 -3.27418093e-11 -4.91127139e-11 5.90261361e-11
4000 4.00000000e+02 -2.83216650e-09 -1.30239641e-09 3.11727501e-09
4050 4.05000000e+02 2.91038305e-11 -1.47338142e-10 1.50185089e-10
4100 4.10000000e+02 -5.12955012e-10 3.32875061e-10 6.11497057e-10
4150 4.15000000e+02 -1.16961019e-09 -4.36557457e-10 1.24842717e-09
4200 4.20000000e+02 -8.96761776e-10 -2.81943358e-10 9.40039222e-10
4250 4.25000000e+02 -7.96717359e-10 -1.58252078e-10 8.12282137e-10
4300 4.30000000e+02 -1.07320375e-09 -1.04046194e-09 1.49476665e-09
4350 4.35000000e+02 -1.15323928e-09 1.28056854e-09 1.72331559e-09
4400 4.40000000e+02 -4.62023309e-10 3.38332029e-10 5.72655306e-10
4450 4.45000000e+02 5.45696821e-12 -7.63975549e-10 7.63995038e-10
4500 4.50000000e+02 -1.69529812e-09 -2.46473064e-10 1.71312133e-09
4550 4.55000000e+02 -1.37333700e-09 -8.14907253e-10 1.59691213e-09
4600 4.60000000e+02 -7.02129910e-10 -7.50333129e-10 1.02761190e-09
4650 4.65000000e+02 -1.37879397e-09 -1.36969902e-09 1.94348867e-09
4700 4.70000000e+02 -1.46974344e-09 -1.81898940e-09 2.33856114e-09
4750 4.75000000e+02 -2.37014319e-09 -1.19507604e-09 2.65438985e-09
4800 4.80000000e+02 -1.49339030e-09 -1.85764293e-09 2.38349572e-09
4850 4.85000000e+02 -1.52067514e-09 -5.98902261e-10 1.63436128e-09
4900 4.90000000e+02 -1.60434865e-09 3.20596882e-10 1.63606753e-09
4950 4.95000000e+02 -1.78079063e-09 -2.51702659e-09 3.08328365e-09
5000 5.00000000e+02 -1.15505827e-09 -1.91448635e-09 2.23593774e-09
5050 5.05000000e+02 -1.88083504e-09 8.41282599e-11 1.88271560e-09
5100 5.10000000e+02 -1.43154466e-09 2.41925591e-10 1.45184300e-09
5150 5.15000000e+02 -1.30057742e-10 -1.18598109e-09 1.19309101e-09
5200 5.20000000e+02 -1.32422429e-09 -5.88215698e-10 1.44898850e-09
5250 5.25000000e+02 -1.43018042e-09 -2.31079866e-09 2.71757364e-09
5300 5.30000000e+02 -1.81898940e-10 -3.09137249e-09 3.09671941e-09
5350 5.35000000e+02 2.34649633e-10 -4.93855623e-10 5.46766702e-10
5400 5.40000000e+02 -7.92169885e-10 -1.37015377e-09 1.58267321e-09
5450 5.45000000e+02 5.45696821e-11 1.44018486e-09 1.44121833e-09
5500 5.50000000e+02 1.10048859e-09 -2.97404767e-10 1.13996699e-09
5550 5.55000000e+02 -1.59161573e-10 -1.45973900e-10 2.15964779e-10
5600 5.60000000e+02 7.58063834e-10 -4.80667950e-10 8.97609299e-10
5650 5.65000000e+02 1.21235644e-09 -3.78804543e-10 1.27015787e-09
5700 5.70000000e+02 4.11091605e-10 -1.59116098e-09 1.64340791e-09
5750 5.75000000e+02 5.82076609e-11 -1.36333256e-09 1.36457458e-09
5800 5.80000000e+02 -6.49833964e-10 -5.73436409e-10 8.66668043e-10
5850 5.85000000e+02 2.02362571e-09 -6.57109922e-10 2.12764059e-09
5900 5.90000000e+02 8.84483597e-10 -3.95630195e-11 8.85367984e-10
5950 5.95000000e+02 6.98037184e-10 -1.60389391e-09 1.74920884e-09
6000 6.00000000e+02 -1.07502274e-09 1.02636477e-09 1.48630365e-09
6050 6.05000000e+02 5.73436409e-10 -6.88032742e-10 8.95666439e-10
6100 6.10000000e+02 -7.32143235e-10 -1.15346666e-09 1.36620608e-09
6150 6.15000000e+02 -5.30690158e-10 -6.74617695e-10 8.58336227e-10
6200 6.20000000e+02 1.14596332e-10 1.58138391e-09 1.58553064e-09
6250 6.25000000e+02 -5.75710146e-10 -7.03039404e-10 9.08683981e-10
6300 6.30000000e+02 -2.02453521e-09 8.44920578e-10 2.19377154e-09
6350 6.35000000e+02 5.13864507e-10 1.50066626e-10 5.35328612e-10
6400 6.40000000e+02 -7.03039404e-10 1.59388946e-09 1.74205282e-09
6450 6.45000000e+02 -4.90217644e-10 -2.59979061e-09 2.64560476e-09
6500 6.50000000e+02 -1.10685505e-09 -3.37877282e-10 1.15727662e-09
6550 6.55000000e+02 -1.15596777e-09 3.21051630e-10 1.19972315e-09
6600 6.60000000e+02 2.35104380e-09 -3.23780114e-10 2.37323419e-09
6650 6.65000000e+02 -3.57431418e-10 -5.42968337e-10 6.50055254e-10
6700 6.70000000e+02 1.90539140e-09 -2.80624590e-09 3.39198061e-09
6750 6.75000000e+02 1.69438863e-09 -2.47928256e-09 3.00296434e-09
6800 6.80000000e+02 1.03227649e-09 -1.45610102e-09 1.78488793e-09
6850 6.85000000e+02 9.82254278e-11 -1.86219040e-09 1.86477916e-09
6900 6.90000000e+02 2.87400326e-10 -2.21598384e-09 2.23454320e-09
6950 6.95000000e+02 -6.36646291e-11 -1.49611878e-09 1.49747274e-09
7000 7.00000000e+02 -9.03128239e-10 -2.61343303e-09 2.76508097e-09
7050 7.05000000e+02 -9.87711246e-10 -5.70935299e-10 1.14085083e-09
7100 7.10000000e+02 -1.89720595e-09 -9.92258720e-10 2.14102027e-09
7150 7.15000000e+02 4.17912815e-10 -2.33831088e-09 2.37536290e-09
7200 7.20000000e+02 -1.11867848e-09 -2.28351382e-09 2.54280887e-09
7250 7.25000000e+02 -2.41016096e-10 -1.82376425e-09 1.83962083e-09
7300 7.30000000e+02 4.41559678e-10 -1.83308657e-09 1.88551885e-09
7350 7.35000000e+02 -1.39243639e-09 -3.01156433e-09 3.31789072e-09
7400 7.40000000e+02 -2.21461960e-10 -1.02818376e-09 1.05176387e-09
7450 7.45000000e+02 -2.21461960e-10 -2.19279173e-09 2.20394668e-09
7500 7.50000000e+02 -2.39651854e-10 -2.00293471e-09 2.01722097e-09
7550 7.55000000e+02 7.48059392e-10 -3.44016371e-09 3.52055666e-09
7600 7.60000000e+02 -5.51153789e-10 -8.99945007e-10 1.05530636e-09
7650 7.65000000e+02 -1.30057742e-10 -2.03681338e-09 2.04096148e-09
7700 7.70000000e+02 -9.95896698e-11 -1.19371180e-09 1.19785890e-09
7750 7.75000000e+02 4.54747351e-11 -2.04681783e-09 2.04732293e-09
7800 7.80000000e+02 -8.84938345e-10 -1.40266820e-09 1.65849147e-09
7850 7.85000000e+02 2.53294274e-10 -1.84809323e-09 1.86537036e-09
7900 7.90000000e+02 -8.54925020e-11 -1.13050191e-09 1.13372993e-09
7950 7.95000000e+02 -9.04492481e-10 -9.99307304e-10 1.34785820e-09
8000 8.00000000e+02 1.13368515e-09 -1.67915459e-09 2.02603113e-09
8050 8.05000000e+02 -4.43833414e-10 -8.45375325e-10 9.54802357e-10
8100 8.10000000e+02 -1.10685505e-09 -1.13845999e-09 1.58783477e-09
8150 8.15000000e+02 1.05228537e-09 -9.44964995e-10 1.41430666e-09
8200 8.20000000e+02 4.31100489e-10 -4.78394213e-10 6.43978769e-10
8250 8.25000000e+02 3.92446964e-10 3.88581611e-10 5.52277365e-10
8300 8.30000000e+02 7.78072717e-10 -6.98946678e-10 1.04590803e-09
8350 8.35000000e+02 -2.18733476e-10 1.27988642e-09 1.29844275e-09
8400 8.40000000e+02 4.18822310e-10 1.27533895e-09 1.34234927e-09
8450 8.45000000e+02 -2.06000550e-10 -1.41426426e-09 1.42918845e-09
8500 8.50000000e+02 1.24282451e-09 4.83396434e-10 1.33352348e-09
8550 8.55000000e+02 2.00088834e-10 -1.34127731e-09 1.35611960e-09
8600 8.60000000e+02 -5.00222086e-12 1.65255187e-09 1.65255944e-09
8650 8.65000000e+02 -1.43245416e-10 -6.74845069e-10 6.89880508e-10
8700 8.70000000e+02 1.29739419e-09 -1.38402356e-09 1.89703793e-09
8750 8.75000000e+02 -4.47016646e-10 3.17186277e-10 5.48115878e-10
8800 8.80000000e+02 1.68711267e-10 2.38742359e-11 1.70392109e-10
8850 8.85000000e+02 2.28828867e-09 6.62566890e-10 2.38228040e-09
8900 8.90000000e+02 6.28460839e-10 2.78532752e-10 6.87418010e-10
8950 8.95000000e+02 1.55387170e-09 -9.04037734e-10 1.79772119e-09
9000 9.00000000e+02 3.91082722e-11 1.97815098e-11 4.38265340e-11
9050 9.05000000e+02 -1.03227649e-10 8.12406142e-10 8.18938146e-10
9100 9.10000000e+02 1.09957909e-09 2.86036084e-09 3.06443115e-09
9150 9.15000000e+02 1.32149580e-09 1.07002052e-09 1.70038086e-09
9200 9.20000000e+02 -2.83762347e-10 9.88393367e-10 1.02832024e-09
9250 9.25000000e+02 9.91576599e-10 5.40239853e-10 1.12919584e-09
9300 9.30000000e+02 1.04455466e-09 -4.74528861e-10 1.14728902e-09
9350 9.35000000e+02 3.49245965e-10 -9.16998033e-10 9.81253350e-10
9400 9.40000000e+02 2.26236807e-09 1.90379978e-09 2.95681635e-09
9450 9.45000000e+02 1.46246748e-09 -4.47926141e-11 1.46315328e-09
9500 9.50000000e+02 1.42108547e-09 1.07797860e-09 1.78368208e-09
9550 9.55000000e+02 -3.90173227e-10 -1.42290446e-09 1.47542951e-09
9600 9.60000000e+02 -1.79625204e-09 -1.02727427e-09 2.06925441e-09
9650 9.65000000e+02 -2.07069206e-09 1.15960574e-11 2.07072453e-09
9700 9.70000000e+02 -9.31322575e-10 -8.57880877e-10 1.26622326e-09
9750 9.75000000e+02 1.78033588e-10 -8.29686542e-10 8.48572752e-10
9800 9.80000000e+02 -4.43378667e-10 -1.05092113e-09 1.14062258e-09
9850 9.85000000e+02 -5.14774001e-10 -1.65732672e-09 1.73543197e-09
9900 9.90000000e+02 -8.00355338e-10 -1.19212018e-09 1.43586879e-09
9950 9.95000000e+02 -2.91493052e-10 -1.48361323e-09 1.51197765e-09
10000 1.00000000e+03 7.77617970e-10 -2.76941137e-10 8.25461144e-10
