# step  t  vx_mean  vy_mean  vmag_mean
0 0.00000000e+00 5.08705620e-03 -4.10909718e-03 6.53932874e-03
100 1.00000000e+01 5.01716742e-03 -4.20539174e-03 6.54654784e-03
200 2.00000000e+01 4.96217096e-03 -4.06255666e-03 6.41307315e-03
300 3.00000000e+01 4.95437300e-03 -3.97321489e-03 6.35076754e-03
400 4.00000000e+01 4.81374003e-03 -3.54899652e-03 5.98059106e-03
500 5.00000000e+01 4.82245022e-03 -3.42297973e-03 5.91378190e-03
600 6.00000000e+01 4.75130975e-03 -3.24395578e-03 5.75310294e-03
700 7.00000000e+01 4.59714886e-03 -3.00836214e-03 5.49399858e-03
800 8.00000000e+01 4.66594100e-03 -3.26074660e-03 5.69240492e-03
900 9.00000000e+01 4.55756579e-03 -3.02905007e-03 5.47234413e-03
1000 1.00000000e+02 4.63976199e-03 -3.01838107e-03 5.53516175e-03
1100 1.10000000e+02 4.62400680e-03 -2.91575352e-03 5.46653981e-03
1200 1.20000000e+02 4.59170621e-03 -2.76892819e-03 5.36197065e-03
1300 1.30000000e+02 4.63348068e-03 -2.86256848e-03 5.44641548e-03
1400 1.40000000e+02 4.48541529e-03 -3.04901064e-03 5.42359809e-03
1500 1.50000000e+02 4.40713204e-03 -2.97602732e-03 5.31785215e-03
1600 1.60000000e+02 4.36094590e-03 -2.93948711e-03 5.25912859e-03
1700 1.70000000e+02 4.23995499e-03 -2.75561493e-03 5.05674123e-03
1800 1.80000000e+02 4.23948979e-03 -2.79987114e-03 5.08060549e-03
1900 1.90000000e+02 4.18188702e-03 -2.77540507e-03 5.01906887e-03
2000 2.00000000e+02 4.40312829e-03 -2.89893802e-03 5.27175307e-03
2100 2.10000000e+02 4.57824860e-03 -3.03192157e-03 5.49116642e-03
2200 2.20000000e+02 4.62815072e-03 -3.14993062e-03 5.59837852e-03
2300 2.30000000e+02 4.69680270e-03 -3.32084461e-03 5.75221388e-03
2400 2.40000000e+02 4.82834969e-03 -3.37345945e-03 5.89009247e-03
2500 2.50000000e+02 4.90250438e-03 -3.36149428e-03 5.94425715e-03
2600 2.60000000e+02 5.06267324e-03 -3.59578826e-03 6.20969835e-03
2700 2.70000000e+02 4.85074520e-03 -3.82925477e-03 6.18004216e-03
2800 2.80000000e+02 4.83175181e-03 -3.59664648e-03 6.02342854e-03
2900 2.90000000e+02 4.76302486e-03 -3.59637616e-03 5.96827675e-03
3000 3.00000000e+02 4.76819510e-03 -3.45171709e-03 5.88642806e-03
3100 3.10000000e+02 4.55449475e-03 -3.34146712e-03 5.64878969e-03
3200 3.20000000e+02 4.53601498e-03 -3.25856265e-03 5.58512869e-03
3300 3.30000000e+02 4.46812762e-03 -2.90976604e-03 5.33206366e-03
3400 3.40000000e+02 4.55955043e-03 -2.64459685e-03 5.27099542e-03
3500 3.50000000e+02 4.70673572e-03 -2.57319142e-03 5.36420313e-03
3600 3.60000000e+02 4.63005900e-03 -2.35860492e-03 5.19619703e-03
3700 3.70000000e+02 4.48706793e-03 -2.43838341e-03 5.10680842e-03
3800 3.80000000e+02 4.55978932e-03 -2.76231603e-03 5.33123517e-03
3900 3.90000000e+02 4.44266386e-03 -2.66101421e-03 5.17863484e-03
4000 4.00000000e+02 4.36635735e-03 -2.71098735e-03 5.13950668e-03
4100 4.10000000e+02 4.33641113e-03 -2.58455612e-03 5.04820679e-03
4200 4.20000000e+02 4.36007371e-03 -2.56433850e-03 5.05826796e-03
4300 4.30000000e+02 4.34739422e-03 -2.52948143e-03 5.02972293e-03
4400 4.40000000e+02 4.43987967e-03 -2.72972533e-03 5.21190290e-03
4500 4.50000000e+02 4.32175072e-03 -2.83980416e-03 5.17126841e-03
4600 4.60000000e+02 4.62666852e-03 -3.00056557e-03 5.51447689e-03
4700 4.70000000e+02 4.64355620e-03 -2.92405649e-03 5.48750586e-03
4800 4.80000000e+02 4.54341806e-03 -3.16414656e-03 5.53664801e-03
4900 4.90000000e+02 4.75761853e-03 -3.29804886e-03 5.78896022e-03
5000 5.00000000e+02 4.73731942e-03 -3.10882390e-03 5.66630227e-03
5100 5.10000000e+02 4.73756623e-03 -3.08546168e-03 5.65372510e-03
5200 5.20000000e+02 4.77152783e-03 -3.23003158e-03 5.76199461e-03
5300 5.30000000e+02 4.86794207e-03 -3.35004367e-03 5.90928529e-03
5400 5.40000000e+02 4.82346630e-03 -3.08766635e-03 5.72708570e-03
5500 5.50000000e+02 5.05656702e-03 -3.21389921e-03 5.99149549e-03
5600 5.60000000e+02 5.22520393e-03 -2.97220191e-03 6.01138423e-03
5700 5.70000000e+02 5.05993795e-03 -2.97839008e-03 5.87143760e-03
5800 5.80000000e+02 5.23915607e-03 -2.88160890e-03 5.97933326e-03
5900 5.90000000e+02 5.27396752e-03 -3.07754870e-03 6.10622955e-03
6000 6.00000000e+02 5.13408659e-03 -2.90317181e-03 5.89807186e-03
6100 6.10000000e+02 5.20678470e-03 -2.99583469e-03 6.00713179e-03
6200 6.20000000e+02 5.11594396e-03 -2.85196910e-03 5.85718451e-03
6300 6.30000000e+02 5.20576350e-03 -2.97546457e-03 5.99611233e-03
6400 6.40000000e+02 5.00647211e-03 -3.03684059e-03 5.85552421e-03
6500 6.50000000e+02 5.12939645e-03 -3.06338957e-03 5.97453459e-03
6600 6.60000000e+02 5.09533659e-03 -3.11250286e-03 5.97077290e-03
6700 6.70000000e+02 4.99578379e-03 -2.86702416e-03 5.76000722e-03
6800 6.80000000e+02 5.06338757e-03 -2.86932569e-03 5.81987316e-03
6900 6.90000000e+02 4.99057164e-03 -2.93734018e-03 5.79083523e-03
7000 7.00000000e+02 5.03027998e-03 -3.08402698e-03 5.90041855e-03
7100 7.10000000e+02 5.03309304e-03 -3.07924789e-03 5.90032144e-03
7200 7.20000000e+02 5.20232413e-03 -3.47814104e-03 6.25792629e-03
7300 7.30000000e+02 5.12911379e-03 -3.42551200e-03 6.16781491e-03
7400 7.40000000e+02 5.15268696e-03 -3.48572433e-03 6.22096914e-03
7500 7.50000000e+02 5.05360775e-03 -3.53475148e-03 6.16712407e-03
7600 7.60000000e+02 4.94207069e-03 -3.16977361e-03 5.87124582e-03
7700 7.70000000e+02 5.00909146e-03 -3.03262076e-03 5.85557734e-03
7800 7.80000000e+02 4.81897593e-03 -3.24043352e-03 5.80714546e-03
7900 7.90000000e+02 4.67255898e-03 -2.88968207e-03 5.49391208e-03
8000 8.00000000e+02 4.75533865e-03 -3.05496017e-03 5.65208168e-03
8100 8.10000000e+02 4.66843881e-03 -3.06825689e-03 5.58645874e-03
8200 8.20000000e+02 4.48241178e-03 -2.75368057e-03 5.26068171e-03
8300 8.30000000e+02 4.42952989e-03 -2.93830968e-03 5.31548670e-03
8400 8.40000000e+02 4.48170956e-03 -3.00895795e-03 5.39810602e-03
8500 8.50000000e+02 4.54186462e-03 -3.04280827e-03 5.46692019e-03
8600 8.60000000e+02 4.51385370e-03 -2.80724186e-03 5.31558859e-03
8700 8.70000000e+02 4.59203776e-03 -3.06478329e-03 5.52084300e-03
8800 8.80000000e+02 4.51944442e-03 -2.89038871e-03 5.36467379e-03
8900 8.90000000e+02 4.34309570e-03 -2.77796085e-03 5.15553554e-03
9000 9.00000000e+02 4.14437614e-03 -2.63958122e-03 4.91357737e-03
9100 9.10000000e+02 4.02225275e-03 -2.52732472e-03 4.75035655e-03
9200 9.20000000e+02 3.97673063e-03 -2.48474535e-03 4.68917327e-03
9300 9.30000000e+02 3.93122947e-03 -2.88221170e-03 4.87459839e-03
9400 9.40000000e+02 4.20539593e-03 -3.28484480e-03 5.33624965e-03
9500 9.50000000e+02 4.30518156e-03 -3.01165949e-03 5.25401571e-03
9600 9.60000000e+02 4.24498739e-03 -3.15479678e-03 5.28891867e-03
9700 9.70000000e+02 4.41190321e-03 -3.34845739e-03 5.53868729e-03
9800 9.80000000e+02 4.51632217e-03 -3.55938845e-03 5.75034017e-03
9900 9.90000000e+02 4.62590996e-03 -3.29516619e-03 5.67953899e-03
10000 1.00000000e+03 4.65109060e-03 -3.27892019e-03 5.69069076e-03
10100 1.01000000e+03 4.69864951e-03 -3.42716719e-03 5.81573574e-03
10200 1.02000000e+03 4.75306902e-03 -3.23780370e-03 5.75109015e-03
10300 1.03000000e+03 4.88750637e-03 -3.30957980e-03 5.90262966e-03
10400 1.04000000e+03 4.87566832e-03 -3.03797843e-03 5.74468925e-03
10500 1.05000000e+03 4.89660539e-03 -2.89582997e-03 5.68881143e-03
10600 1.06000000e+03 4.71787434e-03 -2.97427922e-03 5.57715655e-03
10700 1.07000000e+03 4.70997114e-03 -2.88327178e-03 5.52241652e-03
10800 1.08000000e+03 4.75391652e-03 -2.91885622e-03 5.57848043e-03
10900 1.09000000e+03 4.70610848e-03 -2.75792135e-03 5.45468488e-03
11000 1.10000000e+03 4.81221732e-03 -3.04371631e-03 5.69400074e-03
11100 1.11000000e+03 4.87024477e-03 -3.19756707e-03 5.82612386e-03
11200 1.12000000e+03 4.96767508e-03 -2.94289412e-03 5.77394332e-03
11300 1.13000000e+03 4.87118633e-03 -2.80537573e-03 5.62126225e-03
11400 1.14000000e+03 4.79084440e-03 -2.76806462e-03 5.53302555e-03
11500 1.15000000e+03 4.74987412e-03 -2.74668541e-03 5.48685565e-03
11600 1.16000000e+03 4.72826138e-03 -2.90332525e-03 5.54849107e-03
11700 1.17000000e+03 4.67406632e-03 -2.97338888e-03 5.53966943e-03
11800 1.18000000e+03 4.52217599e-03 -3.15506244e-03 5.51402709e-03
11900 1.19000000e+03 4.50139958e-03 -3.03731766e-03 5.43027594e-03
12000 1.20000000e+03 4.60668094e-03 -3.21787922e-03 5.61927540e-03
12100 1.21000000e+03 4.80517419e-03 -3.28756892e-03 5.82218244e-03
12200 1.22000000e+03 4.79474012e-03 -3.44944466e-03 5.90662351e-03
12300 1.23000000e+03 4.72498778e-03 -3.47018661e-03 5.86239752e-03
12400 1.24000000e+03 4.73283604e-03 -3.43152904e-03 5.84594975e-03
12500 1.25000000e+03 4.67513315e-03 -3.32686212e-03 5.73802070e-03
12600 1.26000000e+03 4.69387695e-03 -3.24942009e-03 5.70887132e-03
12700 1.27000000e+03 4.61942796e-03 -3.13808885e-03 5.58450681e-03
12800 1.28000000e+03 4.61866846e-03 -3.11244465e-03 5.56950717e-03
12900 1.29000000e+03 4.63311188e-03 -3.12299421e-03 5.58738029e-03
13000 1.30000000e+03 4.71236091e-03 -3.12484824e-03 5.65429234e-03
13100 1.31000000e+03 4.78491699e-03 -3.15856538e-03 5.73340788e-03
13200 1.32000000e+03 4.91585908e-03 -2.93744355e-03 5.72662599e-03
13300 1.33000000e+03 4.93504945e-03 -3.16572795e-03 5.86315159e-03
13400 1.34000000e+03 4.93803341e-03 -3.12661147e-03 5.84464483e-03
13500 1.35000000e+03 5.10819256e-03 -3.03334394e-03 5.94094325e-03
13600 1.36000000e+03 5.13316225e-03 -2.93854391e-03 5.91476078e-03
13700 1.37000000e+03 5.12696570e-03 -2.80608796e-03 5.84464771e-03
13800 1.38000000e+03 5.15908422e-03 -2.93590082e-03 5.93596358e-03
13900 1.39000000e+03 5.25756832e-03 -3.11896089e-03 6.11309592e-03
14000 1.40000000e+03 5.23982197e-03 -3.19663994e-03 6.13793460e-03
14100 1.41000000e+03 5.15716989e-03 -3.33564868e-03 6.14190145e-03
14200 1.42000000e+03 4.98233456e-03 -3.21592717e-03 5.93007970e-03
14300 1.43000000e+03 4.96808626e-03 -3.16980411e-03 5.89317734e-03
14400 1.44000000e+03 5.14426781e-03 -3.15136858e-03 6.03279498e-03
14500 1.45000000e+03 5.38737420e-03 -3.35811009e-03 6.34828356e-03
14600 1.46000000e+03 5.46785258e-03 -3.20410985e-03 6.33748623e-03
14700 1.47000000e+03 5.36957663e-03 -3.20898904e-03 6.25539478e-03
14800 1.48000000e+03 5.33953635e-03 -3.02639510e-03 6.13756595e-03
14900 1.49000000e+03 5.24283387e-03 -3.06418212e-03 6.07260397e-03
15000 1.50000000e+03 5.13862632e-03 -2.96689663e-03 5.93362925e-03
15100 1.51000000e+03 5.01942541e-03 -3.24588967e-03 5.97749373e-03
15200 1.52000000e+03 4.98172455e-03 -3.10604670e-03 5.87069890e-03
15300 1.53000000e+03 4.78590373e-03 -3.22879478e-03 5.77321317e-03
15400 1.54000000e+03 4.74364916e-03 -2.96021439e-03 5.59151827e-03
15500 1.55000000e+03 4.53270646e-03 -2.79867393e-03 5.32710086e-03
15600 1.56000000e+03 4.57390770e-03 -3.09183239e-03 5.52087486e-03
15700 1.57000000e+03 4.53293230e-03 -2.84396438e-03 5.35122497e-03
15800 1.58000000e+03 4.57557803e-03 -2.89535383e-03 5.41470111e-03
15900 1.59000000e+03 4.62109502e-03 -2.92530353e-03 5.46917910e-03
16000 1.60000000e+03 4.68548946e-03 -3.02949036e-03 5.57957196e-03
16100 1.61000000e+03 4.63188998e-03 -2.91546318e-03 5.47305494e-03
16200 1.62000000e+03 4.74530086e-03 -2.96171522e-03 5.59371409e-03
16300 1.63000000e+03 4.59754560e-03 -2.79139611e-03 5.37859813e-03
16400 1.64000000e+03 4.49583074e-03 -2.98400153e-03 5.39599474e-03
16500 1.65000000e+03 4.41025989e-03 -2.74501229e-03 5.19475551e-03
16600 1.66000000e+03 4.29221755e-03 -2.86088348e-03 5.15827353e-03
16700 1.67000000e+03 4.34846152e-03 -2.94372020e-03 5.25115284e-03
16800 1.68000000e+03 4.34290944e-03 -2.67333235e-03 5.09976158e-03
16900 1.69000000e+03 4.48267814e-03 -2.99209799e-03 5.38953186e-03
17000 1.70000000e+03 4.52286378e-03 -3.30608641e-03 5.60236593e-03
17100 1.71000000e+03 4.55578044e-03 -3.10563622e-03 5.51362964e-03
17200 1.72000000e+03 4.64921538e-03 -3.02683003e-03 5.54769355e-03
17300 1.73000000e+03 4.83433530e-03 -3.13609769e-03 5.76245663e-03
17400 1.74000000e+03 5.05241612e-03 -3.18673113e-03 5.97345494e-03
17500 1.75000000e+03 4.85076988e-03 -2.84355739e-03 5.62279175e-03
17600 1.76000000e+03 4.93614608e-03 -2.85594189e-03 5.70280126e-03
17700 1.77000000e+03 4.91270050e-03 -3.02312686e-03 5.76835525e-03
17800 1.78000000e+03 4.95537138e-03 -2.86046532e-03 5.72171017e-03
17900 1.79000000e+03 4.73961746e-03 -2.75805150e-03 5.48368688e-03
18000 1.80000000e+03 4.75530978e-03 -2.64582643e-03 5.44181667e-03
18100 1.81000000e+03 4.84073861e-03 -2.75480747e-03 5.56971404e-03
18200 1.82000000e+03 4.95798979e-03 -3.04677035e-03 5.81931889e-03
18300 1.83000000e+03 4.99249063e-03 -2.78997049e-03 5.71916935e-03
18400 1.84000000e+03 4.96407878e-03 -2.82078306e-03 5.70954422e-03
18500 1.85000000e+03 4.87507740e-03 -2.99437833e-03 5.72124822e-03
18600 1.86000000e+03 4.79231821e-03 -3.02407751e-03 5.66668851e-03
18700 1.87000000e+03 4.78993077e-03 -3.16194375e-03 5.73945338e-03
18800 1.88000000e+03 4.78171417e-03 -3.07303411e-03 5.68404162e-03
18900 1.89000000e+03 4.77423426e-03 -3.21093039e-03 5.75355427e-03
19000 1.90000000e+03 4.66565648e-03 -3.16945533e-03 5.64037211e-03
19100 1.91000000e+03 4.65119630e-03 -3.18169966e-03 5.63532073e-03
19200 1.92000000e+03 4.72626183e-03 -3.06309527e-03 5.63206033e-03
19300 1.93000000e+03 4.92336601e-03 -3.49942781e-03 6.04032515e-03
19400 1.94000000e+03 4.97330260e-03 -3.58823733e-03 6.13263287e-03
19500 1.95000000e+03 5.11729252e-03 -3.40443640e-03 6.14628912e-03
19600 1.96000000e+03 5.01754787e-03 -3.35016893e-03 6.03319306e-03
19700 1.97000000e+03 4.93635377e-03 -3.35052516e-03 5.96603783e-03
19800 1.98000000e+03 4.83570341e-03 -3.15862079e-03 5.77589065e-03
19900 1.99000000e+03 4.81692143e-03 -3.11047630e-03 5.73391619e-03
20000 2.00000000e+03 4.81404737e-03 -3.36035388e-03 5.87086282e-03
20100 2.01000000e+03 4.75690002e-03 -3.12221982e-03 5.69002235e-03
20200 2.02000000e+03 4.75730235e-03 -3.01510282e-03 5.63229710e-03
20300 2.03000000e+03 4.79606539e-03 -3.39896907e-03 5.87837001e-03
20400 2.04000000e+03 4.92458045e-03 -3.07463272e-03 5.80558860e-03
20500 2.05000000e+03 4.84376913e-03 -3.02460045e-03 5.71054352e-03
20600 2.06000000e+03 4.86804591e-03 -2.98097031e-03 5.70824448e-03
20700 2.07000000e+03 4.89337230e-03 -2.98544043e-03 5.73218519e-03
20800 2.08000000e+03 4.99013206e-03 -3.49951605e-03 6.09491842e-03
20900 2.09000000e+03 4.94485488e-03 -3.57328262e-03 6.10081458e-03
21000 2.10000000e+03 5.01008751e-03 -3.56688909e-03 6.15009550e-03
21100 2.11000000e+03 4.88230772e-03 -3.38174240e-03 5.93911697e-03
21200 2.12000000e+03 5.03306650e-03 -3.29808635e-03 6.01740242e-03
21300 2.13000000e+03 4.93480358e-03 -3.16999690e-03 5.86525078e-03
21400 2.14000000e+03 4.85801324e-03 -3.20620788e-03 5.82065818e-03
21500 2.15000000e+03 4.92509408e-03 -3.25815752e-03 5.90526393e-03
21600 2.16000000e+03 4.76485211e-03 -3.30490456e-03 5.79881107e-03
21700 2.17000000e+03 4.99879383e-03 -3.52280354e-03 6.11539733e-03
21800 2.18000000e+03 4.96121403e-03 -3.59256752e-03 6.12537232e-03
21900 2.19000000e+03 4.95776534e-03 -3.34050087e-03 5.97815885e-03
22000 2.20000000e+03 4.80686408e-03 -3.06955446e-03 5.70334172e-03
22100 2.21000000e+03 4.72897012e-03 -2.87149614e-03 5.53250833e-03
22200 2.22000000e+03 4.89868596e-03 -3.34956031e-03 5.93436420e-03
22300 2.23000000e+03 4.86447383e-03 -3.33486008e-03 5.89782989e-03
22400 2.24000000e+03 4.69707511e-03 -2.95367814e-03 5.54857902e-03
22500 2.25000000e+03 4.78303712e-03 -3.00215557e-03 5.64715700e-03
22600 2.26000000e+03 4.74464241e-03 -2.97940825e-03 5.60254453e-03
22700 2.27000000e+03 4.65039723e-03 -3.11308377e-03 5.59620273e-03
22800 2.28000000e+03 4.76431428e-03 -3.05223698e-03 5.65816588e-03
22900 2.29000000e+03 4.73393407e-03 -3.16736335e-03 5.69581621e-03
23000 2.30000000e+03 4.51184204e-03 -3.05694924e-03 5.44992268e-03
23100 2.31000000e+03 4.63084271e-03 -2.98451609e-03 5.50926860e-03
23200 2.32000000e+03 4.74481983e-03 -2.88642454e-03 5.55380607e-03
23300 2.33000000e+03 4.72289976e-03 -2.99386960e-03 5.59187243e-03
23400 2.34000000e+03 4.81332839e-03 -3.04830936e-03 5.69739590e-03
23500 2.35000000e+03 4.83348919e-03 -2.88878335e-03 5.63095791e-03
23600 2.36000000e+03 4.76463605e-03 -2.79381452e-03 5.52332837e-03
23700 2.37000000e+03 4.77748271e-03 -2.64246366e-03 5.45957464e-03
23800 2.38000000e+03 4.57111187e-03 -2.25744443e-03 5.09814860e-03
23900 2.39000000e+03 4.71564196e-03 -2.53674807e-03 5.35465871e-03
24000 2.40000000e+03 4.61575948e-03 -2.55543040e-03 5.27593215e-03
24100 2.41000000e+03 4.85910382e-03 -2.74682790e-03 5.58175183e-03
24200 2.42000000e+03 4.83147334e-03 -2.73915892e-03 5.55392890e-03
24300 2.43000000e+03 5.00401109e-03 -2.73596752e-03 5.70312592e-03
24400 2.44000000e+03 5.03673125e-03 -2.87273503e-03 5.79838497e-03
24500 2.45000000e+03 4.97120619e-03 -2.88420916e-03 5.74730836e-03
24600 2.46000000e+03 5.01265703e-03 -2.85874284e-03 5.77054080e-03
24700 2.47000000e+03 4.99436771e-03 -2.81891995e-03 5.73498200e-03
24800 2.48000000e+03 4.88590682e-03 -2.81555182e-03 5.63909723e-03
24900 2.49000000e+03 4.85581486e-03 -2.88993237e-03 5.65072093e-03
25000 2.50000000e+03 4.74025775e-03 -2.98602227e-03 5.60235419e-03
25100 2.51000000e+03 4.70768288e-03 -2.87860725e-03 5.51803024e-03
25200 2.52000000e+03 4.73115128e-03 -2.89238617e-03 5.54524031e-03
25300 2.53000000e+03 4.68907878e-03 -3.06756049e-03 5.60333715e-03
25400 2.54000000e+03 4.74519050e-03 -2.93782749e-03 5.58100916e-03
25500 2.55000000e+03 4.88275895e-03 -2.92334449e-03 5.69098216e-03
25600 2.56000000e+03 4.98338044e-03 -3.10050976e-03 5.86917723e-03
25700 2.57000000e+03 4.91446629e-03 -3.20044509e-03 5.86471037e-03
25800 2.58000000e+03 5.00999624e-03 -3.12543567e-03 5.90494796e-03
25900 2.59000000e+03 5.07115386e-03 -3.12776351e-03 5.95814620e-03
26000 2.60000000e+03 5.01015503e-03 -3.28087620e-03 5.98880640e-03
26100 2.61000000e+03 4.87825647e-03 -3.15636303e-03 5.81033680e-03
26200 2.62000000e+03 4.78760432e-03 -2.99861003e-03 5.64914306e-03
26300 2.63000000e+03 4.80150664e-03 -3.11919069e-03 5.72571538e-03
26400 2.64000000e+03 4.89651645e-03 -3.30436160e-03 5.90717182e-03
26500 2.65000000e+03 5.06155938e-03 -3.23068909e-03 6.00472609e-03
26600 2.66000000e+03 4.97748796e-03 -3.15833185e-03 5.89495093e-03
26700 2.67000000e+03 4.95099090e-03 -3.03831184e-03 5.80892845e-03
26800 2.68000000e+03 5.20499703e-03 -3.19639826e-03 6.10810575e-03
26900 2.69000000e+03 5.00961579e-03 -3.23700509e-03 5.96443227e-03
27000 2.70000000e+03 4.99430206e-03 -3.17864236e-03 5.92003550e-03
27100 2.71000000e+03 5.17257629e-03 -3.29628726e-03 6.13360051e-03
27200 2.72000000e+03 4.96552093e-03 -3.34706157e-03 5.98825678e-03
27300 2.73000000e+03 4.87776427e-03 -3.16600152e-03 5.81516551e-03
27400 2.74000000e+03 4.78356238e-03 -2.96595716e-03 5.62844303e-03
27500 2.75000000e+03 4.95412154e-03 -3.02373804e-03 5.80399104e-03
27600 2.76000000e+03 4.94356174e-03 -3.13264574e-03 5.85254406e-03
27700 2.77000000e+03 4.99807065e-03 -3.40333488e-03 6.04676761e-03
27800 2.78000000e+03 4.89861192e-03 -3.35297897e-03 5.93623338e-03
27900 2.79000000e+03 4.87552583e-03 -3.41682462e-03 5.95360753e-03
28000 2.80000000e+03 5.01927268e-03 -3.48405284e-03 6.10996910e-03
28100 2.81000000e+03 5.02002705e-03 -3.44456732e-03 6.08816192e-03
28200 2.82000000e+03 5.02875634e-03 -3.43917194e-03 6.09231433e-03
28300 2.83000000e+03 4.91314055e-03 -3.33725754e-03 5.93938027e-03
28400 2.84000000e+03 4.75763809e-03 -3.55042052e-03 5.93637988e-03
28500 2.85000000e+03 4.72341012e-03 -3.30299325e-03 5.76371127e-03
28600 2.86000000e+03 4.74820798e-03 -3.49449925e-03 5.89550711e-03
28700 2.87000000e+03 4.72661713e-03 -3.52286315e-03 5.89503810e-03
28800 2.88000000e+03 4.87337215e-03 -3.55113251e-03 6.02995010e-03
28900 2.89000000e+03 4.70925216e-03 -3.42534389e-03 5.82323249e-03
29000 2.90000000e+03 4.81184945e-03 -3.28418310e-03 5.82578353e-03
29100 2.91000000e+03 4.98363096e-03 -3.19148833e-03 5.91795364e-03
29200 2.92000000e+03 4.88998555e-03 -3.15939565e-03 5.82183300e-03
29300 2.93000000e+03 4.86893300e-03 -3.15266941e-03 5.80050282e-03
29400 2.94000000e+03 4.95715998e-03 -3.01424484e-03 5.80164692e-03
29500 2.95000000e+03 5.06014749e-03 -2.89554102e-03 5.83003006e-03
29600 2.96000000e+03 5.05373301e-03 -3.19747510e-03 5.98030638e-03
29700 2.97000000e+03 5.35325380e-03 -3.58795701e-03 6.44443649e-03
29800 2.98000000e+03 5.25535224e-03 -3.29522556e-03 6.20300239e-03
29900 2.99000000e+03 5.13595063e-03 -2.95832776e-03 5.92703063e-03
30000 3.00000000e+03 5.16378088e-03 -2.78718374e-03 5.86796610e-03
30100 3.01000000e+03 5.12394449e-03 -2.74089561e-03 5.81096514e-03
30200 3.02000000e+03 5.05659496e-03 -2.90388986e-03 5.83110015e-03
30300 3.03000000e+03 4.94702160e-03 -2.80778762e-03 5.68829448e-03
30400 3.04000000e+03 4.88680694e-03 -2.94182752e-03 5.70396627e-03
30500 3.05000000e+03 4.87772049e-03 -2.81014852e-03 5.62930652e-03
30600 3.06000000e+03 4.86267731e-03 -2.73156771e-03 5.57737328e-03
30700 3.07000000e+03 4.80620889e-03 -2.69784010e-03 5.51162273e-03
30800 3.08000000e+03 4.72319964e-03 -2.64424854e-03 5.41300889e-03
30900 3.09000000e+03 4.65202238e-03 -2.34933174e-03 5.21159015e-03
31000 3.10000000e+03 4.74627782e-03 -2.52171280e-03 5.37458729e-03
31100 3.11000000e+03 4.57448745e-03 -2.44513713e-03 5.18696742e-03
31200 3.12000000e+03 4.74999286e-03 -2.58243270e-03 5.40660622e-03
31300 3.13000000e+03 4.63328557e-03 -2.55707488e-03 5.29206643e-03
31400 3.14000000e+03 4.64885961e-03 -2.88126851e-03 5.46933304e-03
31500 3.15000000e+03 4.75233793e-03 -2.99336156e-03 5.61648727e-03
31600 3.16000000e+03 4.76995856e-03 -3.11646354e-03 5.69779340e-03
31700 3.17000000e+03 4.81197145e-03 -3.02891270e-03 5.68589319e-03
31800 3.18000000e+03 4.70260158e-03 -3.07361921e-03 5.61797087e-03
31900 3.19000000e+03 4.74416791e-03 -3.14801442e-03 5.69360377e-03
32000 3.20000000e+03 4.73424932e-03 -3.05489474e-03 5.63431438e-03
32100 3.21000000e+03 4.67335200e-03 -2.77436152e-03 5.43482297e-03
32200 3.22000000e+03 4.75240080e-03 -2.83087813e-03 5.53165295e-03
32300 3.23000000e+03 4.71223053e-03 -3.04163061e-03 5.60862134e-03
32400 3.24000000e+03 4.76984866e-03 -2.92517338e-03 5.59536375e-03
32500 3.25000000e+03 4.80020745e-03 -2.88214022e-03 5.59899311e-03
32600 3.26000000e+03 4.74161096e-03 -2.91294092e-03 5.56489886e-03
32700 3.27000000e+03 4.86885896e-03 -3.27905081e-03 5.87009044e-03
32800 3.28000000e+03 4.88341041e-03 -3.26064671e-03 5.87192594e-03
32900 3.29000000e+03 5.05113602e-03 -3.40598449e-03 6.09218396e-03
33000 3.30000000e+03 4.91990987e-03 -3.02415062e-03 5.77503248e-03
33100 3.31000000e+03 4.86292318e-03 -2.98131839e-03 5.70405831e-03
33200 3.32000000e+03 4.77548828e-03 -2.91855424e-03 5.59671754e-03
33300 3.33000000e+03 4.78913728e-03 -3.01939389e-03 5.66149939e-03
33400 3.34000000e+03 4.73250821e-03 -3.04285390e-03 5.62633041e-03
33500 3.35000000e+03 4.77916002e-03 -3.04460083e-03 5.66656552e-03
33600 3.36000000e+03 4.86052502e-03 -2.81142653e-03 5.61505321e-03
33700 3.37000000e+03 5.01799025e-03 -2.95895874e-03 5.82543242e-03
33800 3.38000000e+03 5.25020622e-03 -3.18725267e-03 6.14192518e-03
33900 3.39000000e+03 5.35550341e-03 -3.21587245e-03 6.24685940e-03
34000 3.40000000e+03 5.22043370e-03 -3.19585763e-03 6.12098309e-03
34100 3.41000000e+03 5.06289350e-03 -3.30026913e-03 6.04356409e-03
34200 3.42000000e+03 5.28952572e-03 -3.63155873e-03 6.41617497e-03
34300 3.43000000e+03 5.14625572e-03 -3.54412687e-03 6.24858249e-03
34400 3.44000000e+03 4.99437749e-03 -3.33780376e-03 6.00705756e-03
34500 3.45000000e+03 4.86228243e-03 -3.22527951e-03 5.83474235e-03
34600 3.46000000e+03 4.87943552e-03 -3.32855852e-03 5.90662280e-03
34700 3.47000000e+03 4.78831027e-03 -3.27000441e-03 5.79834839e-03
34800 3.48000000e+03 4.87195933e-03 -3.32331960e-03 5.89749446e-03
34900 3.49000000e+03 4.74940240e-03 -3.24057182e-03 5.74961989e-03
35000 3.50000000e+03 4.70335688e-03 -3.35927005e-03 5.77981498e-03
35100 3.51000000e+03 4.68925526e-03 -3.30186100e-03 5.73510253e-03
35200 3.52000000e+03 4.59407317e-03 -3.48755741e-03 5.76789085e-03
35300 3.53000000e+03 4.60992893e-03 -3.39910481e-03 5.72759620e-03
35400 3.54000000e+03 4.80713882e-03 -3.18233902e-03 5.76505553e-03
35500 3.55000000e+03 4.79800021e-03 -3.34660290e-03 5.84983393e-03
35600 3.56000000e+03 4.69597196e-03 -3.24375508e-03 5.70737240e-03
35700 3.57000000e+03 4.66256868e-03 -3.31939501e-03 5.72345437e-03
35800 3.58000000e+03 4.74713650e-03 -3.45419394e-03 5.87083986e-03
35900 3.59000000e+03 4.78776358e-03 -3.18999426e-03 5.75315074e-03
36000 3.60000000e+03 4.77634044e-03 -3.10031045e-03 5.69432638e-03
36100 3.61000000e+03 4.79636481e-03 -3.27167008e-03 5.80594011e-03
36200 3.62000000e+03 4.91110981e-03 -3.12855490e-03 5.82295933e-03
36300 3.63000000e+03 5.04898140e-03 -2.82184570e-03 5.78403202e-03
36400 3.64000000e+03 4.91328677e-03 -2.59727845e-03 5.55753923e-03
36500 3.65000000e+03 4.90944274e-03 -2.44657113e-03 5.48528379e-03
36600 3.66000000e+03 4.93918452e-03 -2.65316200e-03 5.60667569e-03
36700 3.67000000e+03 5.57096023e-03 -3.18202609e-03 6.41567517e-03
36800 3.68000000e+03 5.54870721e-03 -2.97938287e-03 6.29800556e-03
36900 3.69000000e+03 5.34654083e-03 -2.96809478e-03 6.11515212e-03
37000 3.70000000e+03 5.29580703e-03 -2.97683477e-03 6.07512283e-03
37100 3.71000000e+03 5.02257934e-03 -2.70121382e-03 5.70288167e-03
37200 3.72000000e+03 5.03492309e-03 -2.80087674e-03 5.76154155e-03
37300 3.73000000e+03 4.99047711e-03 -2.80653546e-03 5.72551335e-03
37400 3.74000000e+03 4.78731096e-03 -2.92932545e-03 5.61242317e-03
37500 3.75000000e+03 4.95937048e-03 -3.02632595e-03 5.80981964e-03
37600 3.76000000e+03 4.94591333e-03 -2.86787748e-03 5.71723534e-03
37700 3.77000000e+03 4.72377427e-03 -2.59891688e-03 5.39151299e-03
37800 3.78000000e+03 4.72685788e-03 -2.60269316e-03 5.39603531e-03
37900 3.79000000e+03 4.70879953e-03 -2.35251989e-03 5.26375749e-03
38000 3.80000000e+03 4.52482654e-03 -2.42572627e-03 5.13402407e-03
38100 3.81000000e+03 4.66767838e-03 -2.73426715e-03 5.40956915e-03
38200 3.82000000e+03 4.52484237e-03 -2.61305179e-03 5.22515437e-03
38300 3.83000000e+03 4.52395435e-03 -2.94070086e-03 5.39572836e-03
38400 3.84000000e+03 4.65868786e-03 -2.85653211e-03 5.46471850e-03
38500 3.85000000e+03 4.70792037e-03 -3.14830756e-03 5.66359909e-03
38600 3.86000000e+03 4.56015393e-03 -3.09048477e-03 5.50872943e-03
38700 3.87000000e+03 4.60314378e-03 -2.88632745e-03 5.43321441e-03
38800 3.88000000e+03 4.55866754e-03 -3.08575435e-03 5.50484601e-03
38900 3.89000000e+03 4.61027492e-03 -3.06355907e-03 5.53534362e-03
39000 3.90000000e+03 4.49888408e-03 -2.86500901e-03 5.33368865e-03
39100 3.91000000e+03 4.65768017e-03 -2.83175474e-03 5.45094666e-03
39200 3.92000000e+03 4.61981678e-03 -2.80592451e-03 5.40517525e-03
39300 3.93000000e+03 4.69847023e-03 -2.78029824e-03 5.45945792e-03
39400 3.94000000e+03 4.75339033e-03 -2.96099018e-03 5.60019486e-03
39500 3.95000000e+03 4.74745780e-03 -3.09230830e-03 5.66575028e-03
39600 3.96000000e+03 4.66948235e-03 -2.87762517e-03 5.48496054e-03
39700 3.97000000e+03 4.80299070e-03 -2.91058375e-03 5.61606779e-03
39800 3.98000000e+03 4.73877788e-03 -2.74081249e-03 5.47430990e-03
39900 3.99000000e+03 4.95765870e-03 -2.97158468e-03 5.78002555e-03
40000 4.00000000e+03 4.98412130e-03 -3.07645136e-03 5.85713396e-03
40100 4.01000000e+03 5.01874276e-03 -3.20162508e-03 5.95299773e-03
40200 4.02000000e+03 4.96520335e-03 -3.10093653e-03 5.85397742e-03
40300 4.03000000e+03 5.06155612e-03 -3.01033491e-03 5.88909727e-03
40400 4.04000000e+03 4.84649651e-03 -2.99688871e-03 5.69823397e-03
40500 4.05000000e+03 4.76988405e-03 -2.90400581e-03 5.58435705e-03
40600 4.06000000e+03 4.93513420e-03 -2.71231076e-03 5.63135678e-03
40700 4.07000000e+03 4.84634889e-03 -2.59523466e-03 5.49748493e-03
40800 4.08000000e+03 5.11314813e-03 -2.83739180e-03 5.84765560e-03
40900 4.09000000e+03 5.18428069e-03 -3.07408674e-03 6.02716978e-03
41000 4.10000000e+03 5.28519135e-03 -3.28191230e-03 6.22126964e-03
41100 4.11000000e+03 5.24970330e-03 -3.43655609e-03 6.27449620e-03
41200 4.12000000e+03 5.25884377e-03 -3.17506026e-03 6.14299971e-03
41300 4.13000000e+03 5.38886432e-03 -3.38560063e-03 6.36412997e-03
41400 4.14000000e+03 5.46231726e-03 -3.29548004e-03 6.37942776e-03
41500 4.15000000e+03 5.24413679e-03 -3.32080200e-03 6.20714883e-03
41600 4.16000000e+03 5.18163200e-03 -3.32619436e-03 6.15734351e-03
41700 4.17000000e+03 5.04235458e-03 -3.53258941e-03 6.15666530e-03
41800 4.18000000e+03 4.93472209e-03 -3.37415957e-03 5.97799590e-03
41900 4.19000000e+03 5.21297380e-03 -3.40605085e-03 6.22706016e-03
42000 4.20000000e+03 4.98630386e-03 -3.28552932e-03 5.97142605e-03
42100 4.21000000e+03 4.75626858e-03 -3.35271657e-03 5.81917513e-03
42200 4.22000000e+03 4.90122009e-03 -3.42856767e-03 5.98139069e-03
42300 4.23000000e+03 4.72491607e-03 -3.08817369e-03 5.64461235e-03
42400 4.24000000e+03 4.90579475e-03 -3.04556941e-03 5.77428048e-03
42500 4.25000000e+03 4.91721649e-03 -3.15332040e-03 5.84144225e-03
42600 4.26000000e+03 4.80154110e-03 -3.12638772e-03 5.72966815e-03
42700 4.27000000e+03 4.77120094e-03 -2.95616919e-03 5.61277959e-03
42800 4.28000000e+03 4.79526445e-03 -2.85564549e-03 5.58115332e-03
42900 4.29000000e+03 4.69309604e-03 -2.84689968e-03 5.48907899e-03
43000 4.30000000e+03 5.08161774e-03 -3.03852092e-03 5.92076416e-03
43100 4.31000000e+03 5.17934188e-03 -3.16272280e-03 6.06864053e-03
43200 4.32000000e+03 5.16956905e-03 -3.01146065e-03 5.98275350e-03
43300 4.33000000e+03 5.04120626e-03 -2.75237858e-03 5.74363547e-03
43400 4.34000000e+03 5.01649827e-03 -2.55933078e-03 5.63164531e-03
43500 4.35000000e+03 4.92364960e-03 -2.58595403e-03 5.56142820e-03
43600 4.36000000e+03 4.87725250e-03 -2.85765715e-03 5.65276891e-03
43700 4.37000000e+03 5.12862299e-03 -3.11650080e-03 6.00127911e-03
43800 4.38000000e+03 5.06485533e-03 -3.26513872e-03 6.02610076e-03
43900 4.39000000e+03 5.17286081e-03 -3.32487887e-03 6.14925267e-03
44000 4.40000000e+03 5.31250983e-03 -3.52900545e-03 6.37782410e-03
44100 4.41000000e+03 5.12901600e-03 -3.07722716e-03 5.98131525e-03
44200 4.42000000e+03 5.00888936e-03 -3.07247322e-03 5.87614366e-03
44300 4.43000000e+03 5.13991155e-03 -3.16046155e-03 6.03383857e-03
44400 4.44000000e+03 5.16457390e-03 -3.18185776e-03 6.06605657e-03
44500 4.45000000e+03 5.08387387e-03 -2.99550826e-03 5.90074938e-03
44600 4.46000000e+03 5.09398244e-03 -2.98913289e-03 5.90623167e-03
44700 4.47000000e+03 5.05865226e-03 -3.07454821e-03 5.91969673e-03
44800 4.48000000e+03 4.95467335e-03 -2.97042704e-03 5.77686981e-03
44900 4.49000000e+03 4.85641230e-03 -2.91074021e-03 5.66190330e-03
45000 4.50000000e+03 4.63803019e-03 -3.14595038e-03 5.60431333e-03
45100 4.51000000e+03 4.73670382e-03 -3.06126568e-03 5.63983250e-03
45200 4.52000000e+03 4.71973978e-03 -3.24670109e-03 5.72861341e-03
45300 4.53000000e+03 4.92981821e-03 -3.24015203e-03 5.89929596e-03
45400 4.54000000e+03 4.84665809e-03 -3.03867878e-03 5.72046007e-03
45500 4.55000000e+03 4.87527018e-03 -3.09339305e-03 5.77384966e-03
45600 4.56000000e+03 4.86547174e-03 -3.14427726e-03 5.79303847e-03
45700 4.57000000e+03 4.78045736e-03 -3.03187361e-03 5.66083299e-03
45800 4.58000000e+03 4.70617320e-03 -2.87329522e-03 5.51397240e-03
45900 4.59000000e+03 4.62393463e-03 -2.89374101e-03 5.45476933e-03
46000 4.60000000e+03 4.63998318e-03 -2.83621298e-03 5.43815667e-03
46100 4.61000000e+03 4.62563336e-03 -3.04069673e-03 5.53555061e-03
46200 4.62000000e+03 4.56004450e-03 -3.25901201e-03 5.60492329e-03
46300 4.63000000e+03 4.41014022e-03 -3.29028163e-03 5.50229861e-03
46400 4.64000000e+03 4.41906042e-03 -3.09832511e-03 5.39700968e-03
46500 4.65000000e+03 4.54129279e-03 -2.97090737e-03 5.42675140e-03
46600 4.66000000e+03 4.48909774e-03 -2.75789481e-03 5.26858447e-03
46700 4.67000000e+03 4.48605604e-03 -2.52299104e-03 5.14686143e-03
46800 4.68000000e+03 4.55208402e-03 -2.83369888e-03 5.36202557e-03
46900 4.69000000e+03 4.60872240e-03 -3.03399842e-03 5.51774126e-03
47000 4.70000000e+03 4.78199217e-03 -3.15400143e-03 5.72845304e-03
47100 4.71000000e+03 4.79883887e-03 -2.97199376e-03 5.64460817e-03
47200 4.72000000e+03 4.93140751e-03 -2.96230800e-03 5.75274272e-03
47300 4.73000000e+03 4.95731831e-03 -2.97247199e-03 5.78018984e-03
47400 4.74000000e+03 4.68906108e-03 -2.97095254e-03 5.55102268e-03
47500 4.75000000e+03 4.64123022e-03 -2.73968233e-03 5.38951549e-03
47600 4.76000000e+03 4.64242278e-03 -2.63347500e-03 5.33734764e-03
47700 4.77000000e+03 4.74748621e-03 -2.74336105e-03 5.48312458e-03
47800 4.78000000e+03 4.83458396e-03 -2.86422018e-03 5.61933798e-03
47900 4.79000000e+03 4.87343455e-03 -3.22285527e-03 5.84270146e-03
48000 4.80000000e+03 4.92862333e-03 -3.23619042e-03 5.89612214e-03
48100 4.81000000e+03 4.96714935e-03 -3.19075212e-03 5.90368289e-03
48200 4.82000000e+03 5.15177753e-03 -3.43919150e-03 6.19425943e-03
48300 4.83000000e+03 5.13205258e-03 -3.43198818e-03 6.17385670e-03
48400 4.84000000e+03 5.17386384e-03 -3.58256535e-03 6.29314242e-03
48500 4.85000000e+03 5.06069325e-03 -3.64992698e-03 6.23959799e-03
48600 4.86000000e+03 4.99117235e-03 -3.67553905e-03 6.19849891e-03
48700 4.87000000e+03 5.10745589e-03 -3.72046791e-03 6.31885964e-03
48800 4.88000000e+03 5.00594545e-03 -3.54601606e-03 6.13463281e-03
48900 4.89000000e+03 4.88393754e-03 -3.55305849e-03 6.03962503e-03
49000 4.90000000e+03 4.76653595e-03 -3.54993623e-03 5.94322405e-03
49100 4.91000000e+03 4.61262371e-03 -3.29121528e-03 5.66642705e-03
49200 4.92000000e+03 4.74103354e-03 -3.14091379e-03 5.68706765e-03
49300 4.93000000e+03 4.79853805e-03 -2.90694716e-03 5.61037514e-03
49400 4.94000000e+03 4.70104441e-03 -2.85971747e-03 5.50252692e-03
49500 4.95000000e+03 4.51942114e-03 -2.54999055e-03 5.18918291e-03
49600 4.96000000e+03 4.70833480e-03 -2.87173921e-03 5.51500705e-03
49700 4.97000000e+03 4.71461471e-03 -2.74782092e-03 5.45693244e-03
49800 4.98000000e+03 4.70525073e-03 -2.72763893e-03 5.43869456e-03
49900 4.99000000e+03 4.54583252e-03 -2.34334986e-03 5.11428214e-03
50000 5.00000000e+03 4.71209968e-03 -2.56935670e-03 5.36707343e-03
50100 5.01000000e+03 4.67176596e-03 -2.63693347e-03 5.36458901e-03
50200 5.02000000e+03 5.17312577e-03 -2.83252960e-03 5.89783470e-03
50300 5.03000000e+03 5.38700540e-03 -2.68460624e-03 6.01888177e-03
50400 5.04000000e+03 5.34220366e-03 -2.75668385e-03 6.01152608e-03
50500 5.05000000e+03 5.48766181e-03 -2.79574376e-03 6.15878359e-03
50600 5.06000000e+03 5.22336643e-03 -2.63887062e-03 5.85211030e-03
50700 5.07000000e+03 5.25111658e-03 -2.58370349e-03 5.85232852e-03
50800 5.08000000e+03 5.20771183e-03 -2.99561815e-03 6.00782745e-03
50900 5.09000000e+03 5.22780186e-03 -3.22861271e-03 6.14441635e-03
51000 5.10000000e+03 5.25837298e-03 -3.17621091e-03 6.14319153e-03
51100 5.11000000e+03 5.31782489e-03 -3.20738275e-03 6.21019852e-03
51200 5.12000000e+03 5.21589629e-03 -2.85714422e-03 5.94717137e-03
51300 5.13000000e+03 5.04104793e-03 -2.64296681e-03 5.69187472e-03
51400 5.14000000e+03 5.10590570e-03 -2.90065329e-03 5.87231322e-03
51500 5.15000000e+03 5.37943933e-03 -3.05881188e-03 6.18827097e-03
51600 5.16000000e+03 5.22264419e-03 -3.01322970e-03 6.02955766e-03
51700 5.17000000e+03 5.13252849e-03 -3.19648441e-03 6.04651646e-03
51800 5.18000000e+03 5.20695047e-03 -3.15067079e-03 6.08597237e-03
51900 5.19000000e+03 5.11049805e-03 -3.11303604e-03 5.98399396e-03
52000 5.20000000e+03 5.03032561e-03 -3.22291860e-03 5.97422632e-03
52100 5.21000000e+03 4.90882527e-03 -2.93052266e-03 5.71703845e-03
52200 5.22000000e+03 4.95139509e-03 -2.96958676e-03 5.77362615e-03
52300 5.23000000e+03 4.96741803e-03 -2.76812003e-03 5.68662733e-03
52400 5.24000000e+03 4.96085873e-03 -2.83803325e-03 5.71529107e-03
52500 5.25000000e+03 5.02309529e-03 -3.07788048e-03 5.89108093e-03
52600 5.26000000e+03 4.95742401e-03 -3.11626517e-03 5.85552401e-03
52700 5.27000000e+03 5.02290670e-03 -3.11699882e-03 5.91145273e-03
52800 5.28000000e+03 5.00388909e-03 -3.00859031e-03 5.83870891e-03
52900 5.29000000e+03 4.85285465e-03 -2.99491687e-03 5.70260688e-03
53000 5.30000000e+03 4.71106730e-03 -3.33959423e-03 5.77469001e-03
53100 5.31000000e+03 4.55430057e-03 -3.32811265e-03 5.64074352e-03
53200 5.32000000e+03 4.47931513e-03 -3.10123549e-03 5.44811211e-03
53300 5.33000000e+03 4.45854478e-03 -3.06242867e-03 5.40898243e-03
53400 5.34000000e+03 4.37890971e-03 -2.69938749e-03 5.14407845e-03
53500 5.35000000e+03 4.47213650e-03 -2.73751514e-03 5.24347156e-03
53600 5.36000000e+03 4.48219758e-03 -2.78613344e-03 5.27755953e-03
53700 5.37000000e+03 4.52393387e-03 -2.83653266e-03 5.33965309e-03
53800 5.38000000e+03 4.45199898e-03 -2.77805328e-03 5.24765423e-03
53900 5.39000000e+03 4.36088676e-03 -2.91041681e-03 5.24288654e-03
54000 5.40000000e+03 4.45867889e-03 -3.00649321e-03 5.37762204e-03
54100 5.41000000e+03 4.57732240e-03 -2.96339556e-03 5.45285187e-03
54200 5.42000000e+03 4.56623640e-03 -2.84845941e-03 5.38184316e-03
54300 5.43000000e+03 4.56435978e-03 -2.74013239e-03 5.32369287e-03
54400 5.44000000e+03 4.44093440e-03 -2.79818475e-03 5.24897478e-03
54500 5.45000000e+03 4.31918772e-03 -2.61241454e-03 5.04778093e-03
54600 5.46000000e+03 4.27794643e-03 -2.87721888e-03 5.15550329e-03
54700 5.47000000e+03 4.27865796e-03 -2.65860418e-03 5.03736936e-03
54800 5.48000000e+03 4.12265072e-03 -2.67505413e-03 4.91448507e-03
54900 5.49000000e+03 4.31488967e-03 -2.91634677e-03 5.20800838e-03
55000 5.50000000e+03 4.55313735e-03 -3.03627178e-03 5.47265987e-03
55100 5.51000000e+03 4.81111556e-03 -3.32838483e-03 5.85021184e-03
55200 5.52000000e+03 4.73799417e-03 -3.39111546e-03 5.82651292e-03
55300 5.53000000e+03 5.01418719e-03 -3.49502009e-03 6.11205683e-03
55400 5.54000000e+03 4.99611534e-03 -3.48365586e-03 6.09073285e-03
55500 5.55000000e+03 5.03464229e-03 -3.86147480e-03 6.34496735e-03
55600 5.56000000e+03 5.21081919e-03 -3.82013596e-03 6.46112029e-03
55700 5.57000000e+03 5.00507466e-03 -3.59614450e-03 6.16303721e-03
55800 5.58000000e+03 4.75587463e-03 -3.83859919e-03 6.11172539e-03
55900 5.59000000e+03 4.81987465e-03 -3.98090295e-03 6.25130226e-03
56000 5.60000000e+03 4.82034776e-03 -3.58286570e-03 6.00605354e-03
56100 5.61000000e+03 4.70052846e-03 -3.36907920e-03 5.78322250e-03
56200 5.62000000e+03 4.83072223e-03 -3.08749196e-03 5.73310421e-03
56300 5.63000000e+03 4.74271039e-03 -3.06055369e-03 5.64449207e-03
56400 5.64000000e+03 4.61646961e-03 -2.80652428e-03 5.40262623e-03
56500 5.65000000e+03 4.64751804e-03 -2.75314087e-03 5.40177828e-03
56600 5.66000000e+03 4.58728196e-03 -2.88384943e-03 5.41846319e-03
56700 5.67000000e+03 4.52159392e-03 -2.71719182e-03 5.27521970e-03
56800 5.68000000e+03 4.50329436e-03 -2.73238891e-03 5.26741011e-03
56900 5.69000000e+03 4.48198291e-03 -2.51845829e-03 5.14108966e-03
57000 5.70000000e+03 4.44650929e-03 -2.69104587e-03 5.19741982e-03
57100 5.71000000e+03 4.49247425e-03 -2.74684909e-03 5.26569130e-03
57200 5.72000000e+03 4.57242737e-03 -2.74512079e-03 5.33317730e-03
57300 5.73000000e+03 4.75395145e-03 -2.68238201e-03 5.45850049e-03
57400 5.74000000e+03 4.72725322e-03 -2.75562867e-03 5.47178329e-03
57500 5.75000000e+03 4.79402672e-03 -2.80903256e-03 5.55637977e-03
57600 5.76000000e+03 5.04075736e-03 -2.96558766e-03 5.84841388e-03
57700 5.77000000e+03 4.89815837e-03 -2.74937879e-03 5.61703117e-03
57800 5.78000000e+03 5.06009441e-03 -2.91975844e-03 5.84204971e-03
57900 5.79000000e+03 4.91592754e-03 -2.98830075e-03 5.75293707e-03
58000 5.80000000e+03 4.84452490e-03 -3.07361479e-03 5.73729286e-03
58100 5.81000000e+03 4.78929374e-03 -3.04405228e-03 5.67482060e-03
58200 5.82000000e+03 4.72751539e-03 -3.14456457e-03 5.67782424e-03
58300 5.83000000e+03 4.86143073e-03 -3.20948660e-03 5.82531656e-03
58400 5.84000000e+03 4.86701261e-03 -3.15166893e-03 5.79834708e-03
58500 5.85000000e+03 4.92992252e-03 -3.08998814e-03 5.81826115e-03
58600 5.86000000e+03 4.90835775e-03 -3.22448532e-03 5.87275756e-03
58700 5.87000000e+03 4.80954768e-03 -3.23529425e-03 5.79645390e-03
58800 5.88000000e+03 4.85245930e-03 -3.22265341e-03 5.82510569e-03
58900 5.89000000e+03 4.84862737e-03 -3.28102894e-03 5.85442895e-03
59000 5.90000000e+03 5.00884606e-03 -3.21588013e-03 5.95234608e-03
59100 5.91000000e+03 5.16108191e-03 -3.14309285e-03 6.04283039e-03
59200 5.92000000e+03 5.10821212e-03 -3.08855344e-03 5.96933777e-03
59300 5.93000000e+03 5.01078088e-03 -3.04320618e-03 5.86251046e-03
59400 5.94000000e+03 4.89688152e-03 -2.91611580e-03 5.69940173e-03
59500 5.95000000e+03 4.88460436e-03 -3.12258885e-03 5.79740640e-03
59600 5.96000000e+03 4.84044617e-03 -3.06656328e-03 5.73007238e-03
59700 5.97000000e+03 4.79950570e-03 -3.00106360e-03 5.66053333e-03
59800 5.98000000e+03 4.78444947e-03 -2.83494592e-03 5.56128358e-03
59900 5.99000000e+03 4.93151881e-03 -2.95619108e-03 5.74969073e-03
60000 6.00000000e+03 5.07506635e-03 -3.26524535e-03 6.03474321e-03
60100 6.01000000e+03 5.07475529e-03 -3.36351409e-03 6.08821552e-03
60200 6.02000000e+03 5.09090722e-03 -3.50994430e-03 6.18361102e-03
60300 6.03000000e+03 5.00014005e-03 -3.16104479e-03 5.91553926e-03
60400 6.04000000e+03 5.01167821e-03 -3.36263585e-03 6.03524965e-03
60500 6.05000000e+03 4.89035808e-03 -3.18286428e-03 5.83491449e-03
60600 6.06000000e+03 4.87779267e-03 -2.87490035e-03 5.66197080e-03
60700 6.07000000e+03 4.79467213e-03 -3.01794638e-03 5.66541095e-03
60800 6.08000000e+03 4.81258985e-03 -2.82105058e-03 5.57847178e-03
60900 6.09000000e+03 4.78902459e-03 -3.02951154e-03 5.66680657e-03
61000 6.10000000e+03 4.72689653e-03 -2.96799839e-03 5.58144831e-03
61100 6.11000000e+03 4.54691658e-03 -2.94659776e-03 5.41819977e-03
61200 6.12000000e+03 4.32346575e-03 -2.94379378e-03 5.23051411e-03
61300 6.13000000e+03 4.41317586e-03 -3.19123268e-03 5.44610753e-03
61400 6.14000000e+03 4.52212989e-03 -3.23915412e-03 5.56253343e-03
61500 6.15000000e+03 4.51428443e-03 -3.22102616e-03 5.54560848e-03
61600 6.16000000e+03 4.46282513e-03 -3.25346761e-03 5.52284887e-03
61700 6.17000000e+03 4.35223198e-03 -3.07916943e-03 5.33134200e-03
61800 6.18000000e+03 4.31241654e-03 -2.78672599e-03 5.13446961e-03
61900 6.19000000e+03 4.17074282e-03 -2.82320729e-03 5.03642682e-03
62000 6.20000000e+03 4.15038411e-03 -2.73706764e-03 4.97164233e-03
62100 6.21000000e+03 4.05727699e-03 -2.77840393e-03 4.91742056e-03
62200 6.22000000e+03 4.31576185e-03 -3.04068089e-03 5.27935040e-03
62300 6.23000000e+03 4.17668605e-03 -3.19717405e-03 5.25990763e-03
62400 6.24000000e+03 4.25021257e-03 -3.31864273e-03 5.39237392e-03
62500 6.25000000e+03 4.43339953e-03 -3.29175149e-03 5.52183478e-03
62600 6.26000000e+03 4.41507855e-03 -3.29162879e-03 5.50706262e-03
62700 6.27000000e+03 4.42590984e-03 -3.29620158e-03 5.51848011e-03
62800 6.28000000e+03 4.61042160e-03 -3.18151782e-03 5.60161075e-03
62900 6.29000000e+03 4.64246748e-03 -3.49791418e-03 5.81273670e-03
63000 6.30000000e+03 4.59279399e-03 -3.28132208e-03 5.64453995e-03
63100 6.31000000e+03 4.99671232e-03 -3.43875960e-03 6.06565755e-03
63200 6.32000000e+03 4.79408074e-03 -3.32176150e-03 5.83243599e-03
63300 6.33000000e+03 4.91827680e-03 -3.13420687e-03 5.83204075e-03
63400 6.34000000e+03 4.87132464e-03 -3.13339359e-03 5.79206001e-03
63500 6.35000000e+03 4.81550302e-03 -2.91526155e-03 5.62919348e-03
63600 6.36000000e+03 4.79283324e-03 -2.97177397e-03 5.63938746e-03
63700 6.37000000e+03 4.63421224e-03 -2.94889486e-03 5.49289577e-03
63800 6.38000000e+03 4.60274005e-03 -2.88213883e-03 5.43064823e-03
63900 6.39000000e+03 5.02624968e-03 -3.04076285e-03 5.87447228e-03
64000 6.40000000e+03 5.01486938e-03 -3.06960545e-03 5.87974426e-03
64100 6.41000000e+03 5.00801764e-03 -2.84054712e-03 5.75751237e-03
64200 6.42000000e+03 4.90781525e-03 -2.61613890e-03 5.56154954e-03
64300 6.43000000e+03 4.94514918e-03 -2.87528336e-03 5.72029325e-03
64400 6.44000000e+03 4.93130367e-03 -2.92272354e-03 5.73237026e-03
64500 6.45000000e+03 4.72874660e-03 -2.88013159e-03 5.53680435e-03
64600 6.46000000e+03 4.50933911e-03 -2.87712971e-03 5.34901996e-03
64700 6.47000000e+03 4.52151475e-03 -3.20946681e-03 5.54479692e-03
64800 6.48000000e+03 4.45926748e-03 -3.01232538e-03 5.38137257e-03
64900 6.49000000e+03 4.74825408e-03 -3.15406593e-03 5.70035514e-03
65000 6.50000000e+03 4.85492218e-03 -3.22713889e-03 5.82963934e-03
65100 6.51000000e+03 4.89156367e-03 -3.38308839e-03 5.94749378e-03
65200 6.52000000e+03 4.81993752e-03 -3.29510588e-03 5.83862316e-03
65300 6.53000000e+03 4.82103927e-03 -3.29597620e-03 5.84002387e-03
65400 6.54000000e+03 4.73735435e-03 -3.26512195e-03 5.75356825e-03
65500 6.55000000e+03 4.77462262e-03 -3.04521411e-03 5.66306897e-03
65600 6.56000000e+03 4.71522100e-03 -3.10338964e-03 5.64485043e-03
65700 6.57000000e+03 4.74360306e-03 -3.08994157e-03 5.66122857e-03
65800 6.58000000e+03 4.70212102e-03 -3.02386028e-03 5.59049846e-03
65900 6.59000000e+03 4.78416588e-03 -3.10906302e-03 5.70565650e-03
66000 6.60000000e+03 4.94750449e-03 -2.98574287e-03 5.77862105e-03
66100 6.61000000e+03 4.98038996e-03 -2.89801368e-03 5.76218426e-03
66200 6.62000000e+03 4.91271494e-03 -2.96599255e-03 5.73863049e-03
66300 6.63000000e+03 4.77547757e-03 -2.87708221e-03 5.57519400e-03
66400 6.64000000e+03 5.11829602e-03 -3.01098404e-03 5.93826397e-03
66500 6.65000000e+03 5.22595132e-03 -2.94645363e-03 5.99934631e-03
66600 6.66000000e+03 5.00415731e-03 -2.99380254e-03 5.83133296e-03
66700 6.67000000e+03 5.02755539e-03 -3.08519043e-03 5.89870437e-03
66800 6.68000000e+03 4.88248328e-03 -3.34396400e-03 5.91783222e-03
66900 6.69000000e+03 4.95672086e-03 -3.25359730e-03 5.92916327e-03
67000 6.70000000e+03 4.79182368e-03 -3.21901822e-03 5.77266425e-03
67100 6.71000000e+03 4.72924812e-03 -3.22300638e-03 5.72307242e-03
67200 6.72000000e+03 4.84943576e-03 -3.05856299e-03 5.73339644e-03
67300 6.73000000e+03 5.00399899e-03 -3.00303940e-03 5.83594478e-03
67400 6.74000000e+03 5.18920599e-03 -3.22130555e-03 6.10775476e-03
67500 6.75000000e+03 5.13051078e-03 -3.15931509e-03 6.02523134e-03
67600 6.76000000e+03 5.23980474e-03 -3.17745376e-03 6.12794959e-03
67700 6.77000000e+03 5.02122287e-03 -3.17259086e-03 5.93952960e-03
67800 6.78000000e+03 4.90008807e-03 -3.07154376e-03 5.78318633e-03
67900 6.79000000e+03 4.67721187e-03 -2.79430975e-03 5.44834634e-03
68000 6.80000000e+03 4.77125309e-03 -2.93660536e-03 5.60254470e-03
68100 6.81000000e+03 4.85435734e-03 -2.88672512e-03 5.64782853e-03
68200 6.82000000e+03 4.73239925e-03 -2.86789937e-03 5.53357474e-03
68300 6.83000000e+03 4.63633239e-03 -2.93346588e-03 5.48641961e-03
68400 6.84000000e+03 4.73148609e-03 -3.08385980e-03 5.64775636e-03
68500 6.85000000e+03 4.60193492e-03 -2.95022456e-03 5.46640924e-03
68600 6.86000000e+03 4.55231220e-03 -2.99387448e-03 5.44856226e-03
68700 6.87000000e+03 4.54737339e-03 -2.99632573e-03 5.44578485e-03
68800 6.88000000e+03 4.56861407e-03 -3.11302138e-03 5.52839367e-03
68900 6.89000000e+03 4.68125567e-03 -2.98181735e-03 5.55026029e-03
69000 6.90000000e+03 4.75635892e-03 -2.83814641e-03 5.53877470e-03
69100 6.91000000e+03 4.80066380e-03 -3.17582302e-03 5.75605983e-03
69200 6.92000000e+03 4.69598221e-03 -3.01809656e-03 5.58221781e-03
69300 6.93000000e+03 4.70186397e-03 -2.94417888e-03 5.54758633e-03
69400 6.94000000e+03 4.55792015e-03 -2.82555842e-03 5.36268743e-03
69500 6.95000000e+03 4.44791606e-03 -2.83825072e-03 5.27632679e-03
69600 6.96000000e+03 4.45677619e-03 -3.16389021e-03 5.46562488e-03
69700 6.97000000e+03 4.42208862e-03 -2.80381390e-03 5.23605196e-03
69800 6.98000000e+03 4.37295204e-03 -3.05936532e-03 5.33689289e-03
69900 6.99000000e+03 4.47497191e-03 -3.19275120e-03 5.49718417e-03
70000 7.00000000e+03 4.58794367e-03 -2.94224801e-03 5.45032572e-03
70100 7.01000000e+03 4.58793901e-03 -2.76887789e-03 5.35871898e-03
70200 7.02000000e+03 4.91607189e-03 -2.92890146e-03 5.72243188e-03
70300 7.03000000e+03 5.03651099e-03 -3.12326220e-03 5.92631502e-03
70400 7.04000000e+03 4.87685855e-03 -2.76972074e-03 5.60848485e-03
70500 7.05000000e+03 4.91864793e-03 -2.80319666e-03 5.66136106e-03
70600 7.06000000e+03 4.87907091e-03 -2.76046642e-03 5.60584586e-03
70700 7.07000000e+03 4.91758622e-03 -2.76700733e-03 5.64260435e-03
70800 7.08000000e+03 4.77683032e-03 -2.63732602e-03 5.45651871e-03
70900 7.09000000e+03 4.87099029e-03 -2.55030044e-03 5.49823415e-03
71000 7.10000000e+03 4.93531395e-03 -2.95040966e-03 5.74997747e-03
71100 7.11000000e+03 5.01760561e-03 -3.02453572e-03 5.85868436e-03
71200 7.12000000e+03 5.09916479e-03 -2.96468451e-03 5.89837569e-03
71300 7.13000000e+03 5.00115752e-03 -2.79428624e-03 5.72884038e-03
71400 7.14000000e+03 4.95301746e-03 -2.86889914e-03 5.72389415e-03
71500 7.15000000e+03 5.08018769e-03 -3.21898749e-03 6.01416557e-03
71600 7.16000000e+03 4.95817652e-03 -3.16826161e-03 5.88399490e-03
71700 7.17000000e+03 4.88868728e-03 -3.23608541e-03 5.86272225e-03
71800 7.18000000e+03 4.85314708e-03 -3.15682753e-03 5.78952473e-03
71900 7.19000000e+03 4.71565221e-03 -3.20641324e-03 5.70249608e-03
72000 7.20000000e+03 4.65279305e-03 -3.13667092e-03 5.61134455e-03
72100 7.21000000e+03 4.71779611e-03 -2.93736393e-03 5.55749107e-03
72200 7.22000000e+03 4.89655370e-03 -3.46685201e-03 5.99960840e-03
72300 7.23000000e+03 5.13209775e-03 -3.47955688e-03 6.20046316e-03
72400 7.24000000e+03 5.06286649e-03 -3.24901449e-03 6.01570547e-03
72500 7.25000000e+03 4.99476120e-03 -3.28231230e-03 5.97672264e-03
72600 7.26000000e+03 5.01472270e-03 -3.24371224e-03 5.97236242e-03
72700 7.27000000e+03 4.95093828e-03 -3.03546013e-03 5.80739254e-03
72800 7.28000000e+03 4.81580384e-03 -3.19164596e-03 5.77741902e-03
72900 7.29000000e+03 4.88071097e-03 -3.25946719e-03 5.86902598e-03
73000 7.30000000e+03 4.74180654e-03 -2.96748825e-03 5.59381049e-03
73100 7.31000000e+03 4.84661292e-03 -3.04758456e-03 5.72515750e-03
73200 7.32000000e+03 4.85424884e-03 -3.34493071e-03 5.89510757e-03
73300 7.33000000e+03 4.84399777e-03 -3.19665554e-03 5.80369891e-03
73400 7.34000000e+03 4.82166046e-03 -3.12260841e-03 5.74448369e-03
73500 7.35000000e+03 4.81787231e-03 -3.06219910e-03 5.70867383e-03
73600 7.36000000e+03 4.85285325e-03 -3.08608916e-03 5.75101130e-03
73700 7.37000000e+03 5.01215504e-03 -3.28611908e-03 5.99335272e-03
73800 7.38000000e+03 5.06728049e-03 -3.67494253e-03 6.25959537e-03
73900 7.39000000e+03 5.04992111e-03 -3.52559448e-03 6.15885701e-03
74000 7.40000000e+03 4.94034775e-03 -3.44558153e-03 6.02321077e-03
74100 7.41000000e+03 4.95251361e-03 -3.34258424e-03 5.97496950e-03
74200 7.42000000e+03 4.87625413e-03 -3.21286265e-03 5.83954970e-03
74300 7.43000000e+03 4.81688976e-03 -3.23387538e-03 5.80175637e-03
74400 7.44000000e+03 4.77146776e-03 -3.26793152e-03 5.78327598e-03
74500 7.45000000e+03 4.74365056e-03 -3.25641362e-03 5.75382049e-03
74600 7.46000000e+03 4.87290602e-03 -3.57460557e-03 6.04342767e-03
74700 7.47000000e+03 4.92165424e-03 -3.63106234e-03 6.11615027e-03
74800 7.48000000e+03 5.07861283e-03 -3.42324795e-03 6.12461711e-03
74900 7.49000000e+03 4.80891718e-03 -3.08542140e-03 5.71362491e-03
75000 7.50000000e+03 4.91799135e-03 -3.00098420e-03 5.76129717e-03
75100 7.51000000e+03 4.97693382e-03 -3.34519055e-03 5.99667992e-03
75200 7.52000000e+03 4.91381530e-03 -3.39041231e-03 5.96996452e-03
75300 7.53000000e+03 4.82427841e-03 -3.04677826e-03 5.70583210e-03
75400 7.54000000e+03 4.71992791e-03 -2.88012903e-03 5.52927325e-03
75500 7.55000000e+03 4.77553299e-03 -3.03344615e-03 5.65751808e-03
75600 7.56000000e+03 4.83506545e-03 -3.36939981e-03 5.89327694e-03
75700 7.57000000e+03 4.88171354e-03 -3.21755535e-03 5.84669047e-03
75800 7.58000000e+03 4.73292591e-03 -3.19969468e-03 5.71302317e-03
75900 7.59000000e+03 4.64871060e-03 -2.98165367e-03 5.52275012e-03
76000 7.60000000e+03 4.64768521e-03 -2.97072786e-03 5.51599509e-03
76100 7.61000000e+03 4.60726954e-03 -2.87397462e-03 5.43016231e-03
76200 7.62000000e+03 4.66545206e-03 -2.93248706e-03 5.51052840e-03
76300 7.63000000e+03 4.72185295e-03 -2.92792870e-03 5.55595732e-03
76400 7.64000000e+03 4.54590376e-03 -3.00395326e-03 5.44875914e-03
76500 7.65000000e+03 4.71971277e-03 -2.97038024e-03 5.57663406e-03
76600 7.66000000e+03 4.72046155e-03 -2.68482417e-03 5.43056517e-03
76700 7.67000000e+03 4.64598229e-03 -2.52553495e-03 5.28805051e-03
76800 7.68000000e+03 4.56335023e-03 -2.49605509e-03 5.20138985e-03
76900 7.69000000e+03 4.62462148e-03 -2.74019362e-03 5.37547997e-03
77000 7.70000000e+03 4.59776074e-03 -2.60975398e-03 5.28679673e-03
77100 7.71000000e+03 4.68881242e-03 -2.63429154e-03 5.37814595e-03
77200 7.72000000e+03 4.72811051e-03 -2.67763250e-03 5.43366771e-03
77300 7.73000000e+03 4.89407498e-03 -2.81860586e-03 5.64769944e-03
77400 7.74000000e+03 4.82930895e-03 -2.71198060e-03 5.53868791e-03
77500 7.75000000e+03 5.00717014e-03 -2.85901874e-03 5.76591198e-03
77600 7.76000000e+03 4.99148015e-03 -2.64649652e-03 5.64967414e-03
77700 7.77000000e+03 4.87011159e-03 -2.89498293e-03 5.66559026e-03
77800 7.78000000e+03 4.81143594e-03 -2.73702922e-03 5.53545344e-03
77900 7.79000000e+03 4.72698733e-03 -2.98128556e-03 5.58860205e-03
78000 7.80000000e+03 4.71478375e-03 -3.07073467e-03 5.62659730e-03
78100 7.81000000e+03 4.66620596e-03 -2.93369358e-03 5.51180879e-03
78200 7.82000000e+03 4.71357908e-03 -3.14912805e-03 5.66875959e-03
78300 7.83000000e+03 4.79685515e-03 -3.09575605e-03 5.70907391e-03
78400 7.84000000e+03 4.82667098e-03 -3.02495714e-03 5.69623722e-03
78500 7.85000000e+03 4.98232991e-03 -2.92602135e-03 5.77799379e-03
78600 7.86000000e+03 4.98517742e-03 -3.12751206e-03 5.88500855e-03
78700 7.87000000e+03 4.99058049e-03 -2.93018017e-03 5.78721431e-03
78800 7.88000000e+03 5.06718876e-03 -3.20168165e-03 5.99392754e-03
78900 7.89000000e+03 5.16906660e-03 -3.39100137e-03 6.18208216e-03
79000 7.90000000e+03 4.98978794e-03 -3.05551500e-03 5.85099612e-03
79100 7.91000000e+03 4.94886516e-03 -3.01418547e-03 5.79453021e-03
79200 7.92000000e+03 4.93769813e-03 -3.19516123e-03 5.88131942e-03
79300 7.93000000e+03 4.99743642e-03 -3.31201870e-03 5.99531806e-03
79400 7.94000000e+03 5.06440364e-03 -3.26576410e-03 6.02606002e-03
79500 7.95000000e+03 4.98889247e-03 -3.11374175e-03 5.88085332e-03
79600 7.96000000e+03 4.90111904e-03 -2.93381419e-03 5.71211288e-03
79700 7.97000000e+03 5.19115292e-03 -3.22255725e-03 6.11006905e-03
79800 7.98000000e+03 5.09803509e-03 -3.30660236e-03 6.07647768e-03
79900 7.99000000e+03 5.08097513e-03 -3.16169928e-03 5.98436718e-03
80000 8.00000000e+03 5.06487256e-03 -3.47256055e-03 6.14097800e-03
80100 8.01000000e+03 4.98708105e-03 -3.49686248e-03 6.09089686e-03
80200 8.02000000e+03 4.87519847e-03 -3.31480289e-03 5.89537771e-03
80300 8.03000000e+03 4.83955210e-03 -3.23087513e-03 5.81891902e-03
80400 8.04000000e+03 4.77777421e-03 -3.01555078e-03 5.64983831e-03
80500 8.05000000e+03 4.79469681e-03 -3.28312046e-03 5.81102379e-03
80600 8.06000000e+03 4.88701463e-03 -3.38545581e-03 5.94510076e-03
80700 8.07000000e+03 4.94453311e-03 -3.41374800e-03 6.00850090e-03
80800 8.08000000e+03 4.79609426e-03 -3.32507957e-03 5.83598101e-03
80900 8.09000000e+03 4.96449089e-03 -3.39325727e-03 6.01334887e-03
81000 8.10000000e+03 4.75000497e-03 -3.37666157e-03 5.82789761e-03
81100 8.11000000e+03 4.95512225e-03 -3.46562476e-03 6.04680010e-03
81200 8.12000000e+03 4.80743963e-03 -3.55141680e-03 5.97695885e-03
81300 8.13000000e+03 4.76967078e-03 -3.62502690e-03 5.99087468e-03
81400 8.14000000e+03 4.68147360e-03 -3.29145417e-03 5.72274983e-03
81500 8.15000000e+03 4.64531686e-03 -3.55635863e-03 5.85035515e-03
81600 8.16000000e+03 4.74111410e-03 -3.68118682e-03 6.00244111e-03
81700 8.17000000e+03 4.71734675e-03 -3.51788220e-03 5.88462875e-03
81800 8.18000000e+03 4.78880759e-03 -3.31086013e-03 5.82189600e-03
81900 8.19000000e+03 4.95070219e-03 -3.26646958e-03 5.93121199e-03
82000 8.20000000e+03 5.14499005e-03 -3.17319599e-03 6.04484039e-03
82100 8.21000000e+03 5.05585037e-03 -3.05579533e-03 5.90758056e-03
82200 8.22000000e+03 5.06159291e-03 -3.13807372e-03 5.95543696e-03
82300 8.23000000e+03 4.98948852e-03 -3.05474503e-03 5.85033870e-03
82400 8.24000000e+03 5.25447028e-03 -3.00103053e-03 6.05108603e-03
82500 8.25000000e+03 5.24500525e-03 -3.16513376e-03 6.12602251e-03
82600 8.26000000e+03 5.43362275e-03 -3.27199697e-03 6.34272973e-03
82700 8.27000000e+03 5.39962435e-03 -3.17350472e-03 6.26315219e-03
82800 8.28000000e+03 5.36438171e-03 -2.86471518e-03 6.08138012e-03
82900 8.29000000e+03 5.32224262e-03 -2.65731569e-03 5.94874720e-03
83000 8.30000000e+03 5.22781955e-03 -2.72237370e-03 5.89418491e-03
83100 8.31000000e+03 5.03933895e-03 -2.79758009e-03 5.76380009e-03
83200 8.32000000e+03 4.89042047e-03 -2.79830466e-03 5.63442290e-03
83300 8.33000000e+03 4.88300435e-03 -2.77991756e-03 5.61886760e-03
83400 8.34000000e+03 4.79928358e-03 -2.69971346e-03 5.50650303e-03
83500 8.35000000e+03 4.77326196e-03 -2.75686872e-03 5.51220055e-03
83600 8.36000000e+03 4.71572671e-03 -2.49393657e-03 5.33458508e-03
83700 8.37000000e+03 4.73285792e-03 -2.59112730e-03 5.39572838e-03
83800 8.38000000e+03 4.63682646e-03 -2.43359781e-03 5.23665522e-03
83900 8.39000000e+03 4.56893072e-03 -2.55295169e-03 5.23380265e-03
84000 8.40000000e+03 4.60081408e-03 -2.57171923e-03 5.27079026e-03
84100 8.41000000e+03 4.75859735e-03 -2.69880844e-03 5.47063212e-03
84200 8.42000000e+03 4.68080631e-03 -2.85943737e-03 5.48510071e-03
84300 8.43000000e+03 4.75505320e-03 -2.92846584e-03 5.58448235e-03
84400 8.44000000e+03 4.66162944e-03 -3.08631151e-03 5.59071621e-03
84500 8.45000000e+03 4.71676141e-03 -2.99790758e-03 5.58885391e-03
84600 8.46000000e+03 4.82093543e-03 -3.09924502e-03 5.73120739e-03
84700 8.47000000e+03 4.74834070e-03 -3.10482015e-03 5.67332773e-03
84800 8.48000000e+03 4.82567493e-03 -3.00058280e-03 5.68248499e-03
84900 8.49000000e+03 4.80874022e-03 -2.82094697e-03 5.57509860e-03
85000 8.50000000e+03 4.74553322e-03 -2.61882809e-03 5.42017953e-03
85100 8.51000000e+03 4.68235370e-03 -2.85325875e-03 5.48320359e-03
85200 8.52000000e+03 4.62815072e-03 -2.83533777e-03 5.42760715e-03
85300 8.53000000e+03 4.61763889e-03 -2.93548126e-03 5.47171263e-03
85400 8.54000000e+03 4.73515643e-03 -3.00720008e-03 5.60936349e-03
85500 8.55000000e+03 4.78391070e-03 -2.95560528e-03 5.62329122e-03
85600 8.56000000e+03 4.92639886e-03 -3.17755784e-03 5.86227597e-03
85700 8.57000000e+03 4.96947207e-03 -3.32966400e-03 5.98183208e-03
85800 8.58000000e+03 5.00576524e-03 -3.10616754e-03 5.89117666e-03
85900 8.59000000e+03 4.92555648e-03 -3.01498105e-03 5.77505129e-03
86000 8.60000000e+03 4.93046222e-03 -2.98719155e-03 5.76478717e-03
86100 8.61000000e+03 4.91345255e-03 -2.98986584e-03 5.75163574e-03
86200 8.62000000e+03 4.90236003e-03 -3.06129945e-03 5.77967890e-03
86300 8.63000000e+03 4.73893527e-03 -3.22197471e-03 5.73049985e-03
86400 8.64000000e+03 4.70351940e-03 -2.95846583e-03 5.55658302e-03
86500 8.65000000e+03 4.90073999e-03 -2.94667576e-03 5.71840454e-03
86600 8.66000000e+03 5.17246639e-03 -3.01282620e-03 5.98594440e-03
86700 8.67000000e+03 5.23323985e-03 -3.13824974e-03 6.10208249e-03
86800 8.68000000e+03 5.33115305e-03 -3.08706122e-03 6.16044965e-03
86900 8.69000000e+03 5.21632005e-03 -3.28969886e-03 6.16701819e-03
87000 8.70000000e+03 5.15305996e-03 -3.23341833e-03 6.08350401e-03
87100 8.71000000e+03 5.27513307e-03 -3.65420175e-03 6.41718157e-03
87200 8.72000000e+03 5.19284559e-03 -3.33566265e-03 6.17189523e-03
87300 8.73000000e+03 5.02853747e-03 -3.25415726e-03 5.98963510e-03
87400 8.74000000e+03 4.97330120e-03 -3.17241391e-03 5.89897744e-03
87500 8.75000000e+03 4.91313171e-03 -3.20738624e-03 5.86738354e-03
87600 8.76000000e+03 4.90275724e-03 -3.31259379e-03 5.91695075e-03
87700 8.77000000e+03 4.87361895e-03 -3.28262057e-03 5.87603263e-03
87800 8.78000000e+03 4.80734324e-03 -3.33070708e-03 5.84843216e-03
87900 8.79000000e+03 4.66891378e-03 -3.32446676e-03 5.73156481e-03
88000 8.80000000e+03 4.73301485e-03 -3.43321683e-03 5.84708537e-03
88100 8.81000000e+03 4.62415768e-03 -3.31594795e-03 5.69019728e-03
88200 8.82000000e+03 4.63046134e-03 -3.26062087e-03 5.66328709e-03
88300 8.83000000e+03 4.73965751e-03 -3.41439573e-03 5.84144259e-03
88400 8.84000000e+03 4.75178193e-03 -3.28976894e-03 5.77944731e-03
88500 8.85000000e+03 4.69370093e-03 -3.12413834e-03 5.63835692e-03
88600 8.86000000e+03 4.72067483e-03 -3.41283297e-03 5.82513517e-03
88700 8.87000000e+03 4.77468036e-03 -3.22148437e-03 5.75982066e-03
88800 8.88000000e+03 4.82294476e-03 -3.06410948e-03 5.71397961e-03
88900 8.89000000e+03 4.93851770e-03 -3.14548844e-03 5.85517332e-03
89000 8.90000000e+03 4.83390968e-03 -3.08313663e-03 5.73344698e-03
89100 8.91000000e+03 4.93810326e-03 -3.04184388e-03 5.79979982e-03
89200 8.92000000e+03 5.08925226e-03 -2.70814309e-03 5.76493951e-03
89300 8.93000000e+03 4.94586676e-03 -2.53786356e-03 5.55898817e-03
89400 8.94000000e+03 4.85768495e-03 -2.50353198e-03 5.46486738e-03
89500 8.95000000e+03 5.29341958e-03 -2.98288628e-03 6.07601032e-03
89600 8.96000000e+03 5.51344547e-03 -3.11687426e-03 6.33348136e-03
89700 8.97000000e+03 5.47012128e-03 -3.17130657e-03 6.32292750e-03
89800 8.98000000e+03 5.25764795e-03 -2.98085064e-03 6.04386735e-03
89900 8.99000000e+03 5.21603180e-03 -2.98807840e-03 6.01128940e-03
90000 9.00000000e+03 5.02087781e-03 -2.60432251e-03 5.65612144e-03
90100 9.01000000e+03 5.11727296e-03 -2.76816194e-03 5.81800679e-03
90200 9.02000000e+03 4.87518124e-03 -2.93646380e-03 5.69123992e-03
90300 9.03000000e+03 4.83779237e-03 -2.81770900e-03 5.59854615e-03
90400 9.04000000e+03 4.92036529e-03 -3.01543972e-03 5.77086400e-03
90500 9.05000000e+03 4.91456501e-03 -2.73724273e-03 5.62542861e-03
90600 9.06000000e+03 4.79005463e-03 -2.76183290e-03 5.52922638e-03
90700 9.07000000e+03 4.66567976e-03 -2.61444179e-03 5.34825893e-03
90800 9.08000000e+03 4.43702005e-03 -2.50675878e-03 5.09617371e-03
90900 9.09000000e+03 4.51872544e-03 -2.66774627e-03 5.24745175e-03
91000 9.10000000e+03 4.71469061e-03 -2.90392176e-03 5.53724383e-03
91100 9.11000000e+03 4.70174383e-03 -2.94894306e-03 5.55001444e-03
91200 9.12000000e+03 4.65197954e-03 -3.06829577e-03 5.57273296e-03
91300 9.13000000e+03 4.66325926e-03 -2.96422513e-03 5.52563277e-03
91400 9.14000000e+03 4.69280453e-03 -3.13141989e-03 5.64164913e-03
91500 9.15000000e+03 4.67889477e-03 -2.99209170e-03 5.55379771e-03
91600 9.16000000e+03 4.75165900e-03 -3.02775181e-03 5.63431844e-03
91700 9.17000000e+03 4.69547650e-03 -3.06364871e-03 5.60655357e-03
91800 9.18000000e+03 4.65376955e-03 -2.87718582e-03 5.47135899e-03
91900 9.19000000e+03 4.64218901e-03 -2.88619800e-03 5.46626543e-03
92000 9.20000000e+03 4.66123270e-03 -2.82836263e-03 5.45222206e-03
92100 9.21000000e+03 4.57058428e-03 -2.78724218e-03 5.35340636e-03
92200 9.22000000e+03 4.76804376e-03 -2.85319635e-03 5.55652505e-03
92300 9.23000000e+03 4.74121096e-03 -2.90666800e-03 5.56127685e-03
92400 9.24000000e+03 4.80891624e-03 -2.92382110e-03 5.62800189e-03
92500 9.25000000e+03 4.85416502e-03 -2.96394969e-03 5.68752282e-03
92600 9.26000000e+03 4.80119884e-03 -2.80751335e-03 5.56180200e-03
92700 9.27000000e+03 4.79368400e-03 -2.70024501e-03 5.50188417e-03
92800 9.28000000e+03 4.93619265e-03 -3.19699571e-03 5.88105258e-03
92900 9.29000000e+03 5.16317133e-03 -3.20007559e-03 6.07444005e-03
93000 9.30000000e+03 4.96762805e-03 -3.01063410e-03 5.80872155e-03
93100 9.31000000e+03 5.05992491e-03 -2.98980274e-03 5.87722388e-03
93200 9.32000000e+03 4.97977063e-03 -2.83379899e-03 5.72961886e-03
93300 9.33000000e+03 4.80913278e-03 -2.92990729e-03 5.63135106e-03
93400 9.34000000e+03 4.87241149e-03 -2.65236804e-03 5.54756252e-03
93500 9.35000000e+03 4.96719498e-03 -2.67964602e-03 5.64389305e-03
93600 9.36000000e+03 5.08329459e-03 -2.83044623e-03 5.81818784e-03
93700 9.37000000e+03 5.31683909e-03 -3.01821576e-03 6.11378805e-03
93800 9.38000000e+03 5.34115033e-03 -3.24633461e-03 6.25032602e-03
93900 9.39000000e+03 5.26965410e-03 -3.36322817e-03 6.25144447e-03
94000 9.40000000e+03 5.26866456e-03 -3.33643937e-03 6.23623717e-03
94100 9.41000000e+03 5.39543573e-03 -3.48534109e-03 6.42326469e-03
94200 9.42000000e+03 5.33508882e-03 -3.45259486e-03 6.35480794e-03
94300 9.43000000e+03 5.20836189e-03 -3.43828322e-03 6.24089939e-03
94400 9.44000000e+03 5.16603841e-03 -3.43662500e-03 6.20470340e-03
94500 9.45000000e+03 5.09679504e-03 -3.60597624e-03 6.24342728e-03
94600 9.46000000e+03 4.97016497e-03 -3.35140200e-03 5.99453378e-03
94700 9.47000000e+03 5.03073633e-03 -3.36272432e-03 6.05113402e-03
94800 9.48000000e+03 5.14259608e-03 -3.34140449e-03 6.13280347e-03
94900 9.49000000e+03 4.82561532e-03 -3.33584752e-03 5.86638235e-03
95000 9.50000000e+03 4.90495376e-03 -3.31509579e-03 5.92017158e-03
95100 9.51000000e+03 4.84830188e-03 -3.18601029e-03 5.80143884e-03
95200 9.52000000e+03 4.92982194e-03 -2.90889246e-03 5.72405448e-03
95300 9.53000000e+03 4.96126991e-03 -3.17436503e-03 5.88988900e-03
95400 9.54000000e+03 4.87310160e-03 -3.07189836e-03 5.76052764e-03
95500 9.55000000e+03 4.87481104e-03 -3.04651237e-03 5.74847983e-03
95600 9.56000000e+03 4.74471692e-03 -2.73871608e-03 5.47840346e-03
95700 9.57000000e+03 4.86436673e-03 -3.00827436e-03 5.71942115e-03
95800 9.58000000e+03 4.92993835e-03 -2.86187604e-03 5.70040583e-03
95900 9.59000000e+03 5.14908507e-03 -2.95952102e-03 5.93901017e-03
96000 9.60000000e+03 5.20360796e-03 -2.89033470e-03 5.95244239e-03
96100 9.61000000e+03 5.11447294e-03 -2.74614873e-03 5.80509830e-03
96200 9.62000000e+03 4.90123685e-03 -2.52113724e-03 5.51164728e-03
96300 9.63000000e+03 4.94519621e-03 -2.61837710e-03 5.59561115e-03
96400 9.64000000e+03 4.93478123e-03 -2.86507537e-03 5.70620037e-03
96500 9.65000000e+03 5.11431042e-03 -3.00952396e-03 5.93408844e-03
96600 9.66000000e+03 5.09600295e-03 -3.13269137e-03 5.98188944e-03
96700 9.67000000e+03 5.15330443e-03 -3.23690707e-03 6.08556603e-03
96800 9.68000000e+03 5.37893921e-03 -3.55421565e-03 6.44712618e-03
96900 9.69000000e+03 5.20918332e-03 -3.16875754e-03 6.09726293e-03
97000 9.70000000e+03 5.06099500e-03 -3.06231668e-03 5.91535746e-03
97100 9.71000000e+03 5.19990548e-03 -3.09072062e-03 6.04909671e-03
97200 9.72000000e+03 5.23917470e-03 -3.27502168e-03 6.17856930e-03
97300 9.73000000e+03 5.15743252e-03 -3.07904184e-03 6.00663041e-03
97400 9.74000000e+03 5.08572534e-03 -2.91114068e-03 5.85997801e-03
97500 9.75000000e+03 5.09717967e-03 -2.99522420e-03 5.91207313e-03
97600 9.76000000e+03 4.94810799e-03 -3.02057480e-03 5.79721009e-03
97700 9.77000000e+03 4.82644653e-03 -2.92729214e-03 5.64478745e-03
97800 9.78000000e+03 4.73016920e-03 -3.04994499e-03 5.62820265e-03
97900 9.79000000e+03 4.73759137e-03 -3.07632145e-03 5.64876320e-03
98000 9.80000000e+03 4.75881156e-03 -3.23581882e-03 5.75472074e-03
98100 9.81000000e+03 4.92492970e-03 -3.27304006e-03 5.91335131e-03
98200 9.82000000e+03 4.83964989e-03 -3.07329604e-03 5.73300616e-03
98300 9.83000000e+03 4.81060613e-03 -3.06522474e-03 5.70416813e-03
98400 9.84000000e+03 4.92136180e-03 -3.22675728e-03 5.88487592e-03
98500 9.85000000e+03 4.83555300e-03 -3.11568775e-03 5.75239802e-03
98600 9.86000000e+03 4.75617871e-03 -2.94149155e-03 5.59228115e-03
98700 9.87000000e+03 4.60307952e-03 -2.79828045e-03 5.38690213e-03
98800 9.88000000e+03 4.69273981e-03 -2.91924318e-03 5.52664344e-03
98900 9.89000000e+03 4.71623847e-03 -2.96276715e-03 5.56964043e-03
99000 9.90000000e+03 4.62371437e-03 -3.16944695e-03 5.60572284e-03
99100 9.91000000e+03 4.44672024e-03 -3.36453016e-03 5.57614419e-03
99200 9.92000000e+03 4.40337975e-03 -3.09954421e-03 5.38487952e-03
99300 9.93000000e+03 4.43089940e-03 -2.94408877e-03 5.31982407e-03
99400 9.94000000e+03 4.47362661e-03 -2.74708727e-03 5.24974510e-03
99500 9.95000000e+03 4.53108829e-03 -2.58185156e-03 5.21504732e-03
99600 9.96000000e+03 4.60381992e-03 -2.89335987e-03 5.43752602e-03
99700 9.97000000e+03 4.61560488e-03 -3.00435093e-03 5.50726183e-03
99800 9.98000000e+03 4.77353483e-03 -3.12781730e-03 5.70700235e-03
99900 9.99000000e+03 4.83951252e-03 -3.02801165e-03 5.70874207e-03
100000 1.00000000e+04 4.81856475e-03 -2.92442995e-03 5.63656427e-03
