# step  t  vx_mean  vy_mean  vmag_mean
0 0.00000000e+00 1.70647865e-03 -1.43236923e-03 2.22794771e-03
100 1.00000000e+01 1.69397786e-03 -1.31722516e-03 2.14584322e-03
200 2.00000000e+01 1.61524792e-03 -1.51410117e-03 2.21393952e-03
300 3.00000000e+01 1.66897755e-03 -1.56600203e-03 2.28863462e-03
400 4.00000000e+01 1.61914586e-03 -1.50039932e-03 2.20744907e-03
500 5.00000000e+01 1.60010485e-03 -1.32904726e-03 2.08007263e-03
600 6.00000000e+01 1.57766964e-03 -1.26289914e-03 2.02087994e-03
700 7.00000000e+01 1.51506532e-03 -1.36707630e-03 2.04066669e-03
800 8.00000000e+01 1.46738754e-03 -1.27680902e-03 1.94511374e-03
900 9.00000000e+01 1.49003079e-03 -1.16948585e-03 1.89417236e-03
1000 1.00000000e+02 1.45423727e-03 -1.11396948e-03 1.83186627e-03
1100 1.10000000e+02 1.42955489e-03 -9.63052385e-04 1.72368706e-03
1200 1.20000000e+02 1.36453949e-03 -9.89395892e-04 1.68548873e-03
1300 1.30000000e+02 1.33559445e-03 -8.69827112e-04 1.59386692e-03
1400 1.40000000e+02 1.36537338e-03 -8.27753160e-04 1.59669025e-03
1500 1.50000000e+02 1.31726358e-03 -7.14246708e-04 1.49844309e-03
1600 1.60000000e+02 1.27116591e-03 -6.22298568e-04 1.41531561e-03
1700 1.70000000e+02 1.23667065e-03 -6.68171968e-04 1.40563440e-03
1800 1.80000000e+02 1.24479516e-03 -6.47757493e-04 1.40324793e-03
1900 1.90000000e+02 1.20535004e-03 -5.66288480e-04 1.33174748e-03
2000 2.00000000e+02 1.16526789e-03 -4.93478496e-04 1.26545260e-03
2100 2.10000000e+02 1.12517131e-03 -4.27356455e-04 1.20359629e-03
2200 2.20000000e+02 1.08487252e-03 -3.66898719e-04 1.14523494e-03
2300 2.30000000e+02 1.03397993e-03 -4.66355501e-04 1.13428478e-03
2400 2.40000000e+02 9.95279523e-04 -3.87285225e-04 1.06797527e-03
2500 2.50000000e+02 9.55995405e-04 -3.24971217e-04 1.00971952e-03
2600 2.60000000e+02 1.10150885e-03 -4.18517768e-04 1.17833734e-03
2700 2.70000000e+02 1.11189520e-03 -4.00445337e-04 1.18180683e-03
2800 2.80000000e+02 9.99680255e-04 -4.61097894e-04 1.10089594e-03
2900 2.90000000e+02 1.04856479e-03 -3.97612603e-04 1.12142049e-03
3000 3.00000000e+02 1.01198570e-03 -3.29709321e-04 1.06434172e-03
3100 3.10000000e+02 1.01120118e-03 -3.55218363e-04 1.07177792e-03
3200 3.20000000e+02 9.75049217e-04 -2.93507677e-04 1.01826702e-03
3300 3.30000000e+02 9.44917207e-04 -3.22775799e-04 9.98525284e-04
3400 3.40000000e+02 9.01020365e-04 -2.49861972e-04 9.35023370e-04
3500 3.50000000e+02 8.59216903e-04 -1.94677952e-04 8.80995569e-04
3600 3.60000000e+02 8.70205346e-04 -2.26623990e-04 8.99230658e-04
3700 3.70000000e+02 9.23014130e-04 -1.93874293e-04 9.43155515e-04
3800 3.80000000e+02 8.71666125e-04 -1.45174621e-04 8.83672736e-04
3900 3.90000000e+02 8.88742739e-04 -1.65132078e-04 9.03953682e-04
4000 4.00000000e+02 9.20949969e-04 -2.02088748e-04 9.42861977e-04
4100 4.10000000e+02 9.44776926e-04 -3.20422521e-04 9.97634218e-04
4200 4.20000000e+02 8.98561033e-04 -2.61771464e-04 9.35914648e-04
4300 4.30000000e+02 9.19230748e-04 -2.88299401e-04 9.63380357e-04
4400 4.40000000e+02 1.02170627e-03 -3.06330854e-04 1.06664065e-03
4500 4.50000000e+02 1.04744919e-03 -2.93771329e-04 1.08786552e-03
4600 4.60000000e+02 9.99572803e-04 -2.38228342e-04 1.02756923e-03
4700 4.70000000e+02 9.54067567e-04 -1.91526837e-04 9.73101974e-04
4800 4.80000000e+02 9.09465889e-04 -1.49721440e-04 9.21707498e-04
4900 4.90000000e+02 8.65648675e-04 -1.11868620e-04 8.72847190e-04
5000 5.00000000e+02 9.10318980e-04 -7.98236943e-05 9.13812053e-04
5100 5.10000000e+02 8.85373680e-04 -2.02259631e-04 9.08182532e-04
5200 5.20000000e+02 8.36179301e-04 -1.57531904e-04 8.50889020e-04
5300 5.30000000e+02 8.76119477e-04 -1.14880684e-04 8.83619210e-04
5400 5.40000000e+02 8.15503066e-04 -7.95280066e-05 8.19371683e-04
5500 5.50000000e+02 7.68435828e-04 -4.70826490e-05 7.69876872e-04
5600 5.60000000e+02 9.00387531e-04 -1.84719829e-04 9.19140425e-04
5700 5.70000000e+02 8.46471870e-04 -1.41806377e-04 8.58267834e-04
5800 5.80000000e+02 8.10789119e-04 -1.92521387e-04 8.33332755e-04
5900 5.90000000e+02 8.79570376e-04 -2.09612568e-04 9.04202121e-04
6000 6.00000000e+02 8.24854651e-04 -1.71476131e-04 8.42489916e-04
6100 6.10000000e+02 7.78914895e-04 -1.33639478e-04 7.90296099e-04
6200 6.20000000e+02 7.36792048e-04 -9.85893130e-05 7.43358846e-04
6300 6.30000000e+02 6.96961768e-04 -6.69686124e-05 7.00171765e-04
6400 6.40000000e+02 7.19370146e-04 -1.07526015e-04 7.27361843e-04
6500 6.50000000e+02 7.11421366e-04 -1.65980891e-04 7.30527218e-04
6600 6.60000000e+02 6.77050557e-04 -1.35833834e-04 6.90542024e-04
6700 6.70000000e+02 7.86645920e-04 -1.66640573e-04 8.04102533e-04
6800 6.80000000e+02 7.30884844e-04 -1.12064547e-04 7.39426208e-04
6900 6.90000000e+02 6.86063431e-04 -7.03427067e-05 6.89660154e-04
7000 7.00000000e+02 7.05149665e-04 -1.03334321e-04 7.12680877e-04
7100 7.10000000e+02 7.48991093e-04 -1.09089538e-04 7.56893774e-04
7200 7.20000000e+02 7.48312799e-04 -1.59308707e-04 7.65082551e-04
7300 7.30000000e+02 7.07287283e-04 -2.02458017e-04 7.35693244e-04
7400 7.40000000e+02 7.04586972e-04 -2.46114039e-04 7.46334322e-04
7500 7.50000000e+02 6.80218742e-04 -2.07995603e-04 7.11308448e-04
7600 7.60000000e+02 6.55895565e-04 -1.72346801e-04 6.78161051e-04
7700 7.70000000e+02 6.31321745e-04 -1.39121927e-04 6.46468914e-04
7800 7.80000000e+02 6.06418529e-04 -1.08473760e-04 6.16043821e-04
7900 7.90000000e+02 6.68320456e-04 -1.10922112e-04 6.77462874e-04
8000 8.00000000e+02 6.45570108e-04 -8.11458231e-05 6.50649989e-04
8100 8.10000000e+02 6.21878251e-04 -5.25061696e-05 6.24090904e-04
8200 8.20000000e+02 6.66612003e-04 -8.69661526e-05 6.72260867e-04
8300 8.30000000e+02 6.42279105e-04 -6.30677605e-05 6.45368105e-04
8400 8.40000000e+02 6.16480713e-04 -4.01675097e-05 6.17787907e-04
8500 8.50000000e+02 6.50977832e-04 -1.64495330e-04 6.71439388e-04
8600 8.60000000e+02 6.20095292e-04 -2.31629630e-04 6.61944452e-04
8700 8.70000000e+02 6.91248395e-04 -2.04871365e-04 7.20969223e-04
8800 8.80000000e+02 7.07150321e-04 -2.45896226e-04 7.48683197e-04
8900 8.90000000e+02 8.12030979e-04 -3.76844720e-04 8.95212966e-04
9000 9.00000000e+02 7.83699390e-04 -3.21761734e-04 8.47180823e-04
9100 9.10000000e+02 7.58233888e-04 -2.78858701e-04 8.07886628e-04
9200 9.20000000e+02 7.33134511e-04 -2.40274574e-04 7.71503780e-04
9300 9.30000000e+02 7.94615946e-04 -3.06618225e-04 8.51721338e-04
9400 9.40000000e+02 7.49742379e-04 -2.58649234e-04 7.93103437e-04
9500 9.50000000e+02 7.17801449e-04 -2.17022171e-04 7.49891688e-04
9600 9.60000000e+02 7.51982443e-04 -2.23170005e-04 7.84399417e-04
9700 9.70000000e+02 8.06121272e-04 -1.83139142e-04 8.26662840e-04
9800 9.80000000e+02 8.97164107e-04 -2.51089106e-04 9.31637899e-04
9900 9.90000000e+02 8.66066781e-04 -2.03958523e-04 8.89758815e-04
10000 1.00000000e+03 9.24108957e-04 -1.86551522e-04 9.42750675e-04
10100 1.01000000e+03 8.93994467e-04 -1.49276500e-04 9.06371657e-04
10200 1.02000000e+03 8.95276142e-04 -1.85610435e-04 9.14314281e-04
10300 1.03000000e+03 9.16786317e-04 -2.08967715e-04 9.40300302e-04
10400 1.04000000e+03 9.41245526e-04 -2.44419120e-04 9.72462773e-04
10500 1.05000000e+03 1.00357062e-03 -3.36839701e-04 1.05859103e-03
10600 1.06000000e+03 9.74992930e-04 -2.97069608e-04 1.01924559e-03
10700 1.07000000e+03 9.47384746e-04 -2.58920481e-04 9.82129153e-04
10800 1.08000000e+03 1.05992763e-03 -2.80430133e-04 1.09639757e-03
10900 1.09000000e+03 1.08457264e-03 -2.98021769e-04 1.12477321e-03
11000 1.10000000e+03 1.16261712e-03 -3.55135096e-04 1.21564777e-03
11100 1.11000000e+03 1.10722485e-03 -2.90233787e-04 1.14463204e-03
11200 1.12000000e+03 1.05951563e-03 -2.38179811e-04 1.08595718e-03
11300 1.13000000e+03 1.02720340e-03 -4.12412395e-04 1.10690144e-03
11400 1.14000000e+03 1.07894721e-03 -4.73180058e-04 1.17814535e-03
11500 1.15000000e+03 1.10787083e-03 -4.65962483e-04 1.20187305e-03
11600 1.16000000e+03 1.13360339e-03 -4.70988132e-04 1.22755304e-03
11700 1.17000000e+03 1.19368103e-03 -5.50718105e-04 1.31459684e-03
11800 1.18000000e+03 1.22131594e-03 -5.05480974e-04 1.32178804e-03
11900 1.19000000e+03 1.24914933e-03 -4.47013532e-04 1.32672346e-03
12000 1.20000000e+03 1.19224493e-03 -3.74231313e-04 1.24959876e-03
12100 1.21000000e+03 1.14075106e-03 -3.11004987e-04 1.18238618e-03
12200 1.22000000e+03 1.09133334e-03 -2.54149549e-04 1.12053579e-03
12300 1.23000000e+03 1.04329712e-03 -2.02805153e-04 1.06282586e-03
12400 1.24000000e+03 9.83781763e-04 -4.74087778e-04 1.09205576e-03
12500 1.25000000e+03 9.54282761e-04 -3.76538985e-04 1.02588362e-03
12600 1.26000000e+03 9.14365228e-04 -3.11938813e-04 9.66110549e-04
12700 1.27000000e+03 8.76456732e-04 -2.58106389e-04 9.13671336e-04
12800 1.28000000e+03 1.00717787e-03 -3.98585340e-04 1.08317936e-03
12900 1.29000000e+03 1.10957469e-03 -4.56162961e-04 1.19968356e-03
13000 1.30000000e+03 1.14406762e-03 -3.63309577e-04 1.20036851e-03
13100 1.31000000e+03 1.09133311e-03 -2.98514729e-04 1.13142344e-03
13200 1.32000000e+03 1.04292866e-03 -2.41589500e-04 1.07054457e-03
13300 1.33000000e+03 1.14796276e-03 -2.41433649e-04 1.17307660e-03
13400 1.34000000e+03 1.03777298e-03 -2.48693104e-04 1.06715557e-03
13500 1.35000000e+03 1.04938995e-03 -2.40632493e-04 1.07662587e-03
13600 1.36000000e+03 1.14572188e-03 -2.33432249e-04 1.16926012e-03
13700 1.37000000e+03 1.11439102e-03 -2.48388387e-04 1.14173734e-03
13800 1.38000000e+03 1.10104121e-03 -3.39357270e-04 1.15215238e-03
13900 1.39000000e+03 1.09842001e-03 -4.34000976e-04 1.18105180e-03
14000 1.40000000e+03 1.06196757e-03 -3.75946518e-04 1.12654823e-03
14100 1.41000000e+03 1.11727044e-03 -4.02881793e-04 1.18768976e-03
14200 1.42000000e+03 1.16156775e-03 -3.41909181e-04 1.21084331e-03
14300 1.43000000e+03 1.18041260e-03 -3.33940727e-04 1.22673971e-03
14400 1.44000000e+03 1.13441900e-03 -2.81200744e-04 1.16875161e-03
14500 1.45000000e+03 1.23689906e-03 -3.23676853e-04 1.27854839e-03
14600 1.46000000e+03 1.15104089e-03 -3.36402009e-04 1.19919200e-03
14700 1.47000000e+03 1.10991497e-03 -2.54810904e-04 1.13878876e-03
14800 1.48000000e+03 1.18120306e-03 -2.14707456e-04 1.20055818e-03
14900 1.49000000e+03 1.14252698e-03 -2.32507358e-04 1.16594492e-03
15000 1.50000000e+03 1.14755903e-03 -1.47866638e-04 1.15704636e-03
15100 1.51000000e+03 1.13966875e-03 -2.93642021e-04 1.17689018e-03
15200 1.52000000e+03 1.23096688e-03 -2.85881484e-04 1.26372770e-03
15300 1.53000000e+03 1.17378391e-03 -2.97763647e-04 1.21096319e-03
15400 1.54000000e+03 1.21680822e-03 -4.96434746e-04 1.31418024e-03
15500 1.55000000e+03 1.20781676e-03 -5.63793001e-04 1.33292306e-03
15600 1.56000000e+03 1.15335139e-03 -4.27470921e-04 1.23002066e-03
15700 1.57000000e+03 1.15495024e-03 -3.92840477e-04 1.21993184e-03
15800 1.58000000e+03 1.08845846e-03 -3.05569876e-04 1.13053738e-03
15900 1.59000000e+03 1.13119569e-03 -3.50928312e-04 1.18437932e-03
16000 1.60000000e+03 1.17169856e-03 -4.33005509e-04 1.24914823e-03
16100 1.61000000e+03 1.12262112e-03 -3.70174908e-04 1.18207768e-03
16200 1.62000000e+03 1.24015543e-03 -6.01813605e-04 1.37846476e-03
16300 1.63000000e+03 1.28564122e-03 -6.47089735e-04 1.43930486e-03
16400 1.64000000e+03 1.26531604e-03 -6.33181597e-04 1.41490057e-03
16500 1.65000000e+03 1.21031411e-03 -5.41976246e-04 1.32612159e-03
16600 1.66000000e+03 1.15967169e-03 -4.62986238e-04 1.24867718e-03
16700 1.67000000e+03 1.19808025e-03 -4.24044032e-04 1.27090898e-03
16800 1.68000000e+03 1.15235604e-03 -3.59666417e-04 1.20718034e-03
16900 1.69000000e+03 1.24162831e-03 -4.36332775e-04 1.31606503e-03
17000 1.70000000e+03 1.16884045e-03 -3.52587434e-04 1.22086277e-03
17100 1.71000000e+03 1.14540616e-03 -3.65883752e-04 1.20242513e-03
17200 1.72000000e+03 1.09339657e-03 -3.00276326e-04 1.13387915e-03
17300 1.73000000e+03 1.19688595e-03 -3.60601611e-04 1.25002780e-03
17400 1.74000000e+03 1.12462626e-03 -3.90823465e-04 1.19059951e-03
17500 1.75000000e+03 1.10076228e-03 -4.18517564e-04 1.17763940e-03
17600 1.76000000e+03 1.12298469e-03 -5.16605272e-04 1.23611311e-03
17700 1.77000000e+03 1.23855122e-03 -6.09582523e-04 1.38043471e-03
17800 1.78000000e+03 1.17676810e-03 -5.21065493e-04 1.28697024e-03
17900 1.79000000e+03 1.12657063e-03 -4.47431201e-04 1.21216998e-03
18000 1.80000000e+03 1.12782454e-03 -5.91877964e-04 1.27369844e-03
18100 1.81000000e+03 1.15013239e-03 -5.81801694e-04 1.28891339e-03
18200 1.82000000e+03 1.14798441e-03 -5.71863959e-04 1.28253522e-03
18300 1.83000000e+03 1.11936301e-03 -6.64056395e-04 1.30151621e-03
18400 1.84000000e+03 1.11996010e-03 -6.17868383e-04 1.27909029e-03
18500 1.85000000e+03 1.02282967e-03 -6.61374186e-04 1.21802970e-03
18600 1.86000000e+03 1.07850099e-03 -7.21693737e-04 1.29769266e-03
18700 1.87000000e+03 1.06993702e-03 -7.38923380e-04 1.30029727e-03
18800 1.88000000e+03 9.80635406e-04 -6.87671651e-04 1.19772205e-03
18900 1.89000000e+03 9.75464005e-04 -6.02085318e-04 1.14631442e-03
19000 1.90000000e+03 9.57962358e-04 -5.27350057e-04 1.09352182e-03
19100 1.91000000e+03 1.00619125e-03 -5.18741552e-04 1.13203959e-03
19200 1.92000000e+03 1.00083009e-03 -6.03425142e-04 1.16866709e-03
19300 1.93000000e+03 1.08689698e-03 -6.14008633e-04 1.24833956e-03
19400 1.94000000e+03 1.05745066e-03 -5.36006293e-04 1.18553981e-03
19500 1.95000000e+03 1.06975995e-03 -5.46449213e-04 1.20124647e-03
19600 1.96000000e+03 1.12770498e-03 -5.73672703e-04 1.26523472e-03
19700 1.97000000e+03 1.03730930e-03 -5.51190577e-04 1.17465809e-03
19800 1.98000000e+03 1.00521161e-03 -5.52912999e-04 1.14724155e-03
19900 1.99000000e+03 9.76332638e-04 -4.70396859e-04 1.08374288e-03
20000 2.00000000e+03 9.43996303e-04 -3.93374590e-04 1.02267912e-03
20100 2.01000000e+03 9.41614155e-04 -5.55369479e-04 1.09319370e-03
20200 2.02000000e+03 9.06905800e-04 -4.64112469e-04 1.01876323e-03
20300 2.03000000e+03 8.87800357e-04 -5.45572897e-04 1.04203611e-03
20400 2.04000000e+03 8.54652957e-04 -4.49198764e-04 9.65510853e-04
20500 2.05000000e+03 1.04000582e-03 -5.20619215e-04 1.16303761e-03
20600 2.06000000e+03 1.03523838e-03 -5.58626722e-04 1.17634278e-03
20700 2.07000000e+03 1.06793002e-03 -7.16048002e-04 1.28576797e-03
20800 2.08000000e+03 1.09920232e-03 -6.66458625e-04 1.28546211e-03
20900 2.09000000e+03 1.05007377e-03 -5.71922224e-04 1.19572152e-03
21000 2.10000000e+03 1.09522464e-03 -5.15941472e-04 1.21066618e-03
21100 2.11000000e+03 1.04999612e-03 -4.42281773e-04 1.13934412e-03
21200 2.12000000e+03 1.10575359e-03 -4.87411773e-04 1.20841269e-03
21300 2.13000000e+03 1.16793741e-03 -5.45755611e-04 1.28915747e-03
21400 2.14000000e+03 1.14237994e-03 -5.26432588e-04 1.25784069e-03
21500 2.15000000e+03 1.08994090e-03 -4.30090382e-04 1.17172902e-03
21600 2.16000000e+03 1.16611132e-03 -5.23493567e-04 1.27822578e-03
21700 2.17000000e+03 1.22140057e-03 -6.23777392e-04 1.37146549e-03
21800 2.18000000e+03 1.21839147e-03 -6.29601593e-04 1.37145030e-03
21900 2.19000000e+03 1.16913277e-03 -5.22092916e-04 1.28041104e-03
22000 2.20000000e+03 1.11928547e-03 -5.01784263e-04 1.22661625e-03
22100 2.21000000e+03 1.07149093e-03 -4.02294856e-04 1.14452347e-03
22200 2.22000000e+03 1.09528669e-03 -3.39638354e-04 1.14673761e-03
22300 2.23000000e+03 1.30072306e-03 -4.01211379e-04 1.36119471e-03
22400 2.24000000e+03 1.35858601e-03 -4.17967327e-04 1.42142627e-03
22500 2.25000000e+03 1.48263504e-03 -4.42028744e-04 1.54712510e-03
22600 2.26000000e+03 1.38759450e-03 -3.03269917e-04 1.42034895e-03
22700 2.27000000e+03 1.33361947e-03 -2.49858655e-04 1.35682358e-03
22800 2.28000000e+03 1.24763534e-03 -1.49396044e-04 1.25654810e-03
22900 2.29000000e+03 1.26712082e-03 -1.68343773e-04 1.27825459e-03
23000 2.30000000e+03 1.21355779e-03 -1.38671865e-04 1.22145503e-03
23100 2.31000000e+03 1.10258488e-03 -1.38822244e-04 1.11128981e-03
23200 2.32000000e+03 1.02510513e-03 -7.08020889e-05 1.02754730e-03
23300 2.33000000e+03 9.53516690e-04 -1.50652286e-05 9.53635695e-04
23400 2.34000000e+03 8.85743182e-04 3.16296355e-05 8.86307745e-04
23500 2.35000000e+03 8.21703114e-04 7.10094828e-05 8.24765636e-04
23600 2.36000000e+03 7.61184318e-04 1.04114690e-04 7.68271719e-04
23700 2.37000000e+03 7.96399312e-04 1.41874829e-04 8.08937780e-04
23800 2.38000000e+03 9.03274398e-04 1.31012639e-04 9.12726109e-04
23900 2.39000000e+03 8.96363053e-04 1.52234512e-04 9.09198587e-04
24000 2.40000000e+03 8.73501878e-04 1.51275046e-04 8.86504185e-04
24100 2.41000000e+03 7.83480064e-04 1.82688062e-04 8.04497320e-04
24200 2.42000000e+03 8.71721422e-04 1.37394090e-04 8.82482506e-04
24300 2.43000000e+03 8.64552334e-04 4.55349909e-05 8.65750642e-04
24400 2.44000000e+03 7.99809699e-04 1.76974609e-05 8.00005472e-04
24500 2.45000000e+03 7.35848036e-04 6.44958418e-05 7.38669104e-04
24600 2.46000000e+03 6.76532742e-04 1.01161218e-04 6.84054196e-04
24700 2.47000000e+03 6.20877137e-04 1.30451954e-04 6.34433710e-04
24800 2.48000000e+03 5.68696298e-04 1.53708272e-04 5.89102463e-04
24900 2.49000000e+03 5.19903435e-04 1.71863736e-04 5.47573489e-04
25000 2.50000000e+03 6.31478208e-04 9.66668085e-05 6.38834250e-04
25100 2.51000000e+03 7.09784450e-04 4.82382893e-05 7.11421744e-04
25200 2.52000000e+03 7.29792926e-04 -5.84818190e-05 7.32132391e-04
25300 2.53000000e+03 7.53379078e-04 -1.78603281e-04 7.74260400e-04
25400 2.54000000e+03 7.54130480e-04 -1.98903348e-04 7.79920075e-04
25500 2.55000000e+03 7.09897722e-04 -1.55310787e-04 7.26688528e-04
25600 2.56000000e+03 6.70212437e-04 -1.17130978e-04 6.80370765e-04
25700 2.57000000e+03 6.32398354e-04 -8.19180423e-05 6.37681930e-04
25800 2.58000000e+03 5.95728750e-04 -4.98334921e-05 5.97809435e-04
25900 2.59000000e+03 5.76054677e-04 -1.13236609e-04 5.87078803e-04
26000 2.60000000e+03 5.45511313e-04 -8.87019196e-05 5.52675876e-04
26100 2.61000000e+03 5.79718442e-04 -1.26510917e-04 5.93362018e-04
26200 2.62000000e+03 6.59236277e-04 -2.84702081e-04 7.18086167e-04
26300 2.63000000e+03 6.40262035e-04 -2.26594508e-04 6.79176372e-04
26400 2.64000000e+03 6.14485354e-04 -1.82802207e-04 6.41099756e-04
26500 2.65000000e+03 6.35337958e-04 -7.63136632e-05 6.39904755e-04
26600 2.66000000e+03 5.95769205e-04 -5.67996685e-05 5.98470674e-04
26700 2.67000000e+03 5.90426615e-04 -1.18037824e-04 6.02110052e-04
26800 2.68000000e+03 7.26938015e-04 -1.67406281e-04 7.45964972e-04
26900 2.69000000e+03 7.00822915e-04 -2.92635261e-04 7.59465703e-04
27000 2.70000000e+03 6.86721993e-04 -3.34191718e-04 7.63721939e-04
27100 2.71000000e+03 6.46332221e-04 -3.56702396e-04 7.38228920e-04
27200 2.72000000e+03 6.21524116e-04 -3.02270346e-04 6.91129212e-04
27300 2.73000000e+03 6.48826477e-04 -3.29001457e-04 7.27473543e-04
27400 2.74000000e+03 6.51656068e-04 -3.44236498e-04 7.36990093e-04
27500 2.75000000e+03 6.27790752e-04 -2.82701600e-04 6.88506662e-04
27600 2.76000000e+03 6.41348946e-04 -3.00218642e-04 7.08138196e-04
27700 2.77000000e+03 6.07362716e-04 -2.34890482e-04 6.51201203e-04
27800 2.78000000e+03 5.75705722e-04 -1.83130935e-04 6.04130795e-04
27900 2.79000000e+03 6.16042875e-04 -1.93029540e-04 6.45576662e-04
28000 2.80000000e+03 7.21201359e-04 -2.37231172e-04 7.59216721e-04
28100 2.81000000e+03 7.50762003e-04 -2.43145187e-04 7.89153450e-04
28200 2.82000000e+03 7.15360977e-04 -2.06338140e-04 7.44524516e-04
28300 2.83000000e+03 6.78034325e-04 -1.67473831e-04 6.98411075e-04
28400 2.84000000e+03 8.17060121e-04 -2.88558018e-04 8.66517727e-04
28500 2.85000000e+03 8.27792392e-04 -2.89341813e-04 8.76903033e-04
28600 2.86000000e+03 7.83642230e-04 -2.21887429e-04 8.14450229e-04
28700 2.87000000e+03 8.08051380e-04 -1.98383364e-04 8.32047470e-04
28800 2.88000000e+03 8.10409896e-04 -1.90073479e-04 8.32401422e-04
28900 2.89000000e+03 8.98108468e-04 -2.91834091e-04 9.44333605e-04
29000 2.90000000e+03 9.23496322e-04 -3.39824503e-04 9.84035644e-04
29100 2.91000000e+03 9.26899607e-04 -3.18390637e-04 9.80058917e-04
29200 2.92000000e+03 1.13264192e-03 -2.67623051e-04 1.16382980e-03
29300 2.93000000e+03 1.05957955e-03 -1.97730682e-04 1.07787116e-03
29400 2.94000000e+03 1.10495521e-03 -1.93322412e-04 1.12173953e-03
29500 2.95000000e+03 1.09675562e-03 -1.99481539e-04 1.11474919e-03
29600 2.96000000e+03 1.00912864e-03 -1.14250593e-04 1.01557560e-03
29700 2.97000000e+03 1.02363643e-03 -2.88271985e-04 1.06345300e-03
29800 2.98000000e+03 9.53037699e-04 -2.21471477e-04 9.78432661e-04
29900 2.99000000e+03 8.87483067e-04 -1.60819385e-04 9.01936289e-04
30000 3.00000000e+03 8.25335039e-04 -1.06733642e-04 8.32207905e-04
30100 3.01000000e+03 7.66527257e-04 -5.94343874e-05 7.68827992e-04
30200 3.02000000e+03 7.54643348e-04 -9.79165852e-05 7.60969277e-04
30300 3.03000000e+03 7.02535734e-04 -5.07329969e-05 7.04365171e-04
30400 3.04000000e+03 6.51214912e-04 -1.10321253e-05 6.51308352e-04
30500 3.05000000e+03 6.02943939e-04 2.22012823e-05 6.03352543e-04
30600 3.06000000e+03 5.66378236e-04 -3.64697080e-05 5.67551183e-04
30700 3.07000000e+03 5.29122713e-04 -3.08963490e-06 5.29131734e-04
30800 3.08000000e+03 6.05961250e-04 -3.36156081e-05 6.06892944e-04
30900 3.09000000e+03 5.63014299e-04 2.62613617e-06 5.63020423e-04
31000 3.10000000e+03 5.22779534e-04 3.27346643e-05 5.23803397e-04
31100 3.11000000e+03 5.51737030e-04 -3.13748706e-06 5.51745951e-04
31200 3.12000000e+03 5.08810102e-04 2.39991405e-05 5.09375774e-04
31300 3.13000000e+03 4.66203724e-04 4.94374872e-05 4.68817638e-04
31400 3.14000000e+03 4.10016073e-04 -8.22619768e-07 4.10016898e-04
31500 3.15000000e+03 4.53716930e-04 2.63313159e-05 4.54480352e-04
31600 3.16000000e+03 4.86650504e-04 1.53106048e-05 4.86891290e-04
31700 3.17000000e+03 4.40083793e-04 4.82601426e-05 4.42722020e-04
31800 3.18000000e+03 4.62405937e-04 5.92816832e-06 4.62443935e-04
31900 3.19000000e+03 4.28183208e-04 2.85685874e-05 4.29135205e-04
32000 3.20000000e+03 5.17641834e-04 -8.81350061e-05 5.25091276e-04
32100 3.21000000e+03 5.69410215e-04 -3.91789727e-05 5.70756502e-04
32200 3.22000000e+03 5.23867377e-04 -1.44646656e-05 5.24067033e-04
32300 3.23000000e+03 4.85143741e-04 1.04731444e-05 4.85256773e-04
32400 3.24000000e+03 4.50179330e-04 3.39257858e-05 4.51455854e-04
32500 3.25000000e+03 4.17732372e-04 5.49401302e-05 4.21329743e-04
32600 3.26000000e+03 3.87289503e-04 7.33035340e-05 3.94165660e-04
32700 3.27000000e+03 4.39242547e-04 4.51857304e-05 4.41560602e-04
32800 3.28000000e+03 4.12369496e-04 5.96565333e-05 4.16662337e-04
32900 3.29000000e+03 3.85168183e-04 7.53996428e-05 3.92478834e-04
33000 3.30000000e+03 3.57705168e-04 9.01371895e-05 3.68887111e-04
33100 3.31000000e+03 3.30875453e-04 1.02679885e-04 3.46441516e-04
33200 3.32000000e+03 3.04928981e-04 1.13023591e-04 3.25201500e-04
33300 3.33000000e+03 2.80141016e-04 1.21207908e-04 3.05238178e-04
33400 3.34000000e+03 2.56509724e-04 1.27539461e-04 2.86467367e-04
33500 3.35000000e+03 2.34144987e-04 1.32258923e-04 2.68916898e-04
33600 3.36000000e+03 2.13065156e-04 1.35572336e-04 2.52540331e-04
33700 3.37000000e+03 1.93207932e-04 1.37604322e-04 2.37200874e-04
33800 3.38000000e+03 2.43241477e-04 1.32736444e-04 2.77101750e-04
33900 3.39000000e+03 2.13064122e-04 1.36473696e-04 2.53024485e-04
34000 3.40000000e+03 1.89099257e-04 1.37680647e-04 2.33911286e-04
34100 3.41000000e+03 2.39968576e-04 7.91274069e-05 2.52677787e-04
34200 3.42000000e+03 2.23402327e-04 8.00545895e-05 2.37312741e-04
34300 3.43000000e+03 4.07641201e-04 -5.17065273e-05 4.10907427e-04
34400 3.44000000e+03 5.11265942e-04 -1.31136374e-04 5.27815888e-04
34500 3.45000000e+03 5.19485911e-04 -1.86342979e-04 5.51896111e-04
34600 3.46000000e+03 4.99628077e-04 -1.51098327e-04 5.21975976e-04
34700 3.47000000e+03 4.76384128e-04 -1.18333846e-04 4.90861219e-04
34800 3.48000000e+03 4.51586122e-04 -8.80201260e-05 4.60084305e-04
34900 3.49000000e+03 4.26499289e-04 -6.05751047e-05 4.30779511e-04
35000 3.50000000e+03 4.01547266e-04 -3.60794729e-05 4.03164898e-04
35100 3.51000000e+03 3.76987125e-04 -1.44892192e-05 3.77265464e-04
35200 3.52000000e+03 3.53026553e-04 4.50787365e-06 3.53055333e-04
35300 3.53000000e+03 3.29759903e-04 2.09875943e-05 3.30427107e-04
35400 3.54000000e+03 4.49717190e-04 -7.13706686e-05 4.55345280e-04
35500 3.55000000e+03 4.19235759e-04 -3.75434029e-05 4.20913446e-04
35600 3.56000000e+03 3.91784823e-04 -1.33737567e-05 3.92013016e-04
35700 3.57000000e+03 4.39892057e-04 -3.68624387e-05 4.41433870e-04
35800 3.58000000e+03 4.06751235e-04 -7.15078295e-06 4.06814086e-04
35900 3.59000000e+03 3.76374170e-04 1.54684167e-05 3.76691900e-04
36000 3.60000000e+03 3.88056098e-04 -4.93184853e-05 3.91177515e-04
36100 3.61000000e+03 4.03853221e-04 -1.02048223e-04 4.16546833e-04
36200 3.62000000e+03 3.82956059e-04 -1.29070104e-04 4.04121807e-04
36300 3.63000000e+03 3.64964682e-04 -8.28989432e-05 3.74261211e-04
36400 3.64000000e+03 4.01770580e-04 -9.57101947e-05 4.13013365e-04
36500 3.65000000e+03 3.78095574e-04 -1.54851645e-04 4.08577159e-04
36600 3.66000000e+03 3.56650271e-04 -1.25288090e-04 3.78016562e-04
36700 3.67000000e+03 3.84296058e-04 -1.76319983e-04 4.22814613e-04
36800 3.68000000e+03 3.71870468e-04 -1.43985497e-04 3.98772452e-04
36900 3.69000000e+03 3.55044147e-04 -1.15067887e-04 3.73225086e-04
37000 3.70000000e+03 3.36173660e-04 -8.93196120e-05 3.47837207e-04
37100 3.71000000e+03 3.16707359e-04 -6.66311244e-05 3.23640631e-04
37200 3.72000000e+03 2.97559542e-04 -4.67669597e-05 3.01212266e-04
37300 3.73000000e+03 2.78953754e-04 -2.93112025e-05 2.80489471e-04
37400 3.74000000e+03 3.45891953e-04 -4.92832078e-05 3.49385285e-04
37500 3.75000000e+03 4.07139043e-04 -8.13291481e-05 4.15182647e-04
37600 3.76000000e+03 3.88566492e-04 -5.60825320e-05 3.92592879e-04
37700 3.77000000e+03 4.45100944e-04 -8.30764038e-05 4.52787522e-04
37800 3.78000000e+03 6.39857200e-04 -1.84373872e-04 6.65891103e-04
37900 3.79000000e+03 6.06799265e-04 -2.44531024e-04 6.54217678e-04
38000 3.80000000e+03 5.75509097e-04 -2.18684276e-04 6.15656993e-04
38100 3.81000000e+03 5.46020514e-04 -1.95483153e-04 5.79958675e-04
38200 3.82000000e+03 5.18410990e-04 -1.72918895e-04 5.46489615e-04
38300 3.83000000e+03 6.01562904e-04 -2.33478655e-04 6.45283046e-04
38400 3.84000000e+03 6.01741369e-04 -2.73024809e-04 6.60783793e-04
38500 3.85000000e+03 5.74992620e-04 -3.02957749e-04 6.49923004e-04
38600 3.86000000e+03 5.50083350e-04 -2.53471546e-04 6.05672780e-04
38700 3.87000000e+03 5.23462310e-04 -2.12017680e-04 5.64769232e-04
38800 3.88000000e+03 4.96559194e-04 -1.76363508e-04 5.26948878e-04
38900 3.89000000e+03 4.70037339e-04 -1.45304803e-04 4.91984335e-04
39000 3.90000000e+03 4.44146048e-04 -1.18034906e-04 4.59562782e-04
39100 3.91000000e+03 4.19017015e-04 -9.40151367e-05 4.29434634e-04
39200 3.92000000e+03 4.85351542e-04 -8.74826655e-05 4.93172724e-04
39300 3.93000000e+03 4.55849338e-04 -6.05065034e-05 4.59847427e-04
39400 3.94000000e+03 4.23197751e-04 -3.91616413e-05 4.25005848e-04
39500 3.95000000e+03 5.20399073e-04 -1.53225556e-04 5.42488033e-04
39600 3.96000000e+03 4.95136308e-04 -1.33166526e-04 5.12731204e-04
39700 3.97000000e+03 4.73077904e-04 -1.11674635e-04 4.86080165e-04
39800 3.98000000e+03 4.46647929e-04 -1.70546002e-04 4.78100734e-04
39900 3.99000000e+03 4.25721839e-04 -1.38265532e-04 4.47611932e-04
40000 4.00000000e+03 4.07165266e-04 -1.13665483e-04 4.22733244e-04
40100 4.01000000e+03 3.89355409e-04 -9.20159218e-05 4.00080698e-04
40200 4.02000000e+03 3.71548929e-04 -7.25196005e-05 3.78560034e-04
40300 4.03000000e+03 3.53987125e-04 -5.47957061e-05 3.58203091e-04
40400 4.04000000e+03 3.36472876e-04 -3.86680185e-05 3.38687485e-04
40500 4.05000000e+03 3.19253013e-04 -2.40689078e-05 3.20159021e-04
40600 4.06000000e+03 3.02415167e-04 -1.08921740e-05 3.02611256e-04
40700 4.07000000e+03 2.85988179e-04 1.00798422e-06 2.85989955e-04
40800 4.08000000e+03 3.16647027e-04 -4.84367156e-05 3.20330228e-04
40900 4.09000000e+03 3.15487036e-04 -1.13471295e-04 3.35272731e-04
41000 4.10000000e+03 4.14511393e-04 -2.31609753e-04 4.74829203e-04
41100 4.11000000e+03 4.00371209e-04 -2.00880531e-04 4.47939832e-04
41200 4.12000000e+03 4.99841582e-04 -2.82520894e-04 5.74159963e-04
41300 4.13000000e+03 4.67237638e-04 -2.30780919e-04 5.21124595e-04
41400 4.14000000e+03 4.37822193e-04 -2.84378912e-04 5.22072445e-04
41500 4.15000000e+03 3.91944894e-04 -3.20532272e-04 5.06321772e-04
41600 4.16000000e+03 4.69648599e-04 -3.11354437e-04 5.63481493e-04
41700 4.17000000e+03 4.55373665e-04 -2.75459548e-04 5.32205917e-04
41800 4.18000000e+03 5.02187177e-04 -2.46996409e-04 5.59642016e-04
41900 4.19000000e+03 4.92605031e-04 -2.99256906e-04 5.76380441e-04
42000 4.20000000e+03 4.60387819e-04 -2.46022246e-04 5.21999894e-04
42100 4.21000000e+03 4.31270106e-04 -2.10443046e-04 4.79875171e-04
42200 4.22000000e+03 4.06826905e-04 -1.80811185e-04 4.45197501e-04
42300 4.23000000e+03 4.63405799e-04 -2.00341456e-04 5.04858033e-04
42400 4.24000000e+03 4.67985723e-04 -2.58051499e-04 5.34416704e-04
42500 4.25000000e+03 5.29488723e-04 -2.33676663e-04 5.78759960e-04
42600 4.26000000e+03 5.54474187e-04 -2.59157328e-04 6.12049136e-04
42700 4.27000000e+03 6.07428374e-04 -2.45478412e-04 6.55155615e-04
42800 4.28000000e+03 6.96626375e-04 -3.21684725e-04 7.67313084e-04
42900 4.29000000e+03 7.20495882e-04 -3.46244284e-04 7.99374393e-04
43000 4.30000000e+03 6.98764867e-04 -2.99351552e-04 7.60186616e-04
43100 4.31000000e+03 6.75732619e-04 -2.55414692e-04 7.22392717e-04
43200 4.32000000e+03 8.90344847e-04 -2.56646046e-04 9.26596535e-04
43300 4.33000000e+03 8.47892428e-04 -2.21652386e-04 8.76385389e-04
43400 4.34000000e+03 8.52403056e-04 -2.72416015e-04 8.94875106e-04
43500 4.35000000e+03 8.77442013e-04 -3.02072352e-04 9.27982862e-04
43600 4.36000000e+03 8.43552174e-04 -2.50710815e-04 8.80020558e-04
43700 4.37000000e+03 8.02222989e-04 -2.91724224e-04 8.53618619e-04
43800 4.38000000e+03 8.54793179e-04 -2.76847481e-04 8.98507600e-04
43900 4.39000000e+03 8.10675905e-04 -2.12601459e-04 8.38089973e-04
44000 4.40000000e+03 9.18309670e-04 -3.71327362e-04 9.90543618e-04
44100 4.41000000e+03 9.53531067e-04 -3.79893405e-04 1.02642121e-03
44200 4.42000000e+03 9.22294625e-04 -3.94094270e-04 1.00296444e-03
44300 4.43000000e+03 1.04209129e-03 -4.33997833e-04 1.12885268e-03
44400 4.44000000e+03 1.01435231e-03 -3.72787443e-04 1.08068547e-03
44500 4.45000000e+03 9.87510313e-04 -3.15544079e-04 1.03669894e-03
44600 4.46000000e+03 9.59376688e-04 -2.62039830e-04 9.94519232e-04
44700 4.47000000e+03 9.29315749e-04 -2.12213447e-04 9.53237803e-04
44800 4.48000000e+03 8.97623249e-04 -1.66007318e-04 9.12844963e-04
44900 4.49000000e+03 8.64722417e-04 -1.23456135e-04 8.73490856e-04
45000 4.50000000e+03 9.71152680e-04 -1.07141983e-04 9.77045000e-04
45100 4.51000000e+03 1.00142346e-03 -5.34160499e-05 1.00284706e-03
45200 4.52000000e+03 9.92343295e-04 -1.39992299e-05 9.92442036e-04
45300 4.53000000e+03 9.14208707e-04 2.95899099e-05 9.14687446e-04
45400 4.54000000e+03 9.03180335e-04 -1.53527799e-06 9.03181640e-04
45500 4.55000000e+03 8.36735650e-04 4.36167466e-05 8.37871689e-04
45600 4.56000000e+03 8.38914420e-04 4.64176701e-05 8.40197599e-04
45700 4.57000000e+03 7.76678789e-04 8.37743719e-05 7.81183773e-04
45800 4.58000000e+03 8.74941994e-04 4.91530227e-05 8.76321581e-04
45900 4.59000000e+03 8.16119718e-04 8.72273085e-05 8.20767932e-04
46000 4.60000000e+03 9.09801573e-04 3.22079359e-05 9.10371492e-04
46100 4.61000000e+03 8.66973423e-04 6.47841734e-05 8.69390537e-04
46200 4.62000000e+03 8.23019305e-04 9.47125227e-05 8.28451108e-04
46300 4.63000000e+03 7.78899877e-04 1.21402278e-04 7.88304213e-04
46400 4.64000000e+03 7.35075504e-04 1.44761871e-04 7.49194231e-04
46500 4.65000000e+03 6.92019006e-04 1.65030622e-04 7.11424916e-04
46600 4.66000000e+03 6.49901573e-04 1.82304546e-04 6.74986668e-04
46700 4.67000000e+03 6.65824162e-04 1.26741041e-04 6.77779541e-04
46800 4.68000000e+03 6.26823923e-04 1.54144902e-04 6.45498940e-04
46900 4.69000000e+03 6.14911667e-04 8.79114814e-05 6.21164058e-04
47000 4.70000000e+03 6.32976997e-04 5.86392525e-05 6.35687376e-04
47100 4.71000000e+03 7.42820674e-04 -1.19329947e-04 7.52344462e-04
47200 4.72000000e+03 7.36232498e-04 -2.43905422e-04 7.75582456e-04
47300 4.73000000e+03 6.83746184e-04 -3.77711345e-04 7.81136803e-04
47400 4.74000000e+03 7.74463813e-04 -3.61012848e-04 8.54473215e-04
47500 4.75000000e+03 9.44151194e-04 -3.37160047e-04 1.00254595e-03
47600 4.76000000e+03 8.47047835e-04 -3.05356982e-04 9.00407086e-04
47700 4.77000000e+03 8.33203783e-04 -3.63229163e-04 9.08935624e-04
47800 4.78000000e+03 8.26786971e-04 -3.37434874e-04 8.92994395e-04
47900 4.79000000e+03 7.77230831e-04 -2.60709901e-04 8.19791081e-04
48000 4.80000000e+03 8.62648361e-04 -3.17037804e-04 9.19062111e-04
48100 4.81000000e+03 8.23035603e-04 -2.46177893e-04 8.59064118e-04
48200 4.82000000e+03 8.91464762e-04 -2.20211208e-04 9.18260529e-04
48300 4.83000000e+03 8.79212981e-04 -3.21073428e-04 9.36004067e-04
48400 4.84000000e+03 8.41618632e-04 -2.44698342e-04 8.76469737e-04
48500 4.85000000e+03 9.46148881e-04 -2.97668565e-04 9.91869084e-04
48600 4.86000000e+03 9.02418687e-04 -2.44933966e-04 9.35067984e-04
48700 4.87000000e+03 9.64056584e-04 -3.47323308e-04 1.02471390e-03
48800 4.88000000e+03 9.98838921e-04 -2.65417126e-04 1.03350154e-03
48900 4.89000000e+03 9.48494184e-04 -2.20314483e-04 9.73745187e-04
49000 4.90000000e+03 9.02650005e-04 -1.78054208e-04 9.20043658e-04
49100 4.91000000e+03 9.23544460e-04 -2.02308307e-04 9.45443293e-04
49200 4.92000000e+03 9.01006570e-04 -2.95518606e-04 9.48232084e-04
49300 4.93000000e+03 8.66295537e-04 -2.36590800e-04 8.98021806e-04
49400 4.94000000e+03 8.25398078e-04 -1.82189237e-04 8.45266174e-04
49500 4.95000000e+03 8.76329956e-04 -1.54639871e-04 8.89869474e-04
49600 4.96000000e+03 9.69399465e-04 -1.61315213e-04 9.82729831e-04
49700 4.97000000e+03 9.45021398e-04 -2.08753714e-04 9.67803470e-04
49800 4.98000000e+03 8.36277381e-04 -3.07146722e-04 8.90897843e-04
49900 4.99000000e+03 8.75571859e-04 -2.93016492e-04 9.23301005e-04
50000 5.00000000e+03 8.36986874e-04 -2.29140132e-04 8.67785819e-04
50100 5.01000000e+03 7.96326203e-04 -1.74550558e-04 8.15232065e-04
50200 5.02000000e+03 7.55784160e-04 -1.27193300e-04 7.66412312e-04
50300 5.03000000e+03 7.72389234e-04 -1.23947771e-04 7.82271167e-04
50400 5.04000000e+03 8.16952903e-04 -2.08540921e-04 8.43149667e-04
50500 5.05000000e+03 7.50426960e-04 -1.42300501e-04 7.63799748e-04
50600 5.06000000e+03 7.77677051e-04 -1.39928787e-04 7.90165591e-04
50700 5.07000000e+03 7.54081877e-04 -1.52266031e-04 7.69301255e-04
50800 5.08000000e+03 7.11179804e-04 -1.73111897e-04 7.31945656e-04
50900 5.09000000e+03 7.32653134e-04 -1.81522351e-04 7.54805259e-04
51000 5.10000000e+03 7.93188461e-04 -3.45749519e-04 8.65269128e-04
51100 5.11000000e+03 8.05185817e-04 -3.26853915e-04 8.68998090e-04
51200 5.12000000e+03 7.58524169e-04 -2.68394448e-04 8.04608287e-04
51300 5.13000000e+03 8.58702464e-04 -4.33841837e-04 9.62075185e-04
51400 5.14000000e+03 8.28797522e-04 -3.67164845e-04 9.06485165e-04
51500 5.15000000e+03 8.45026865e-04 -3.83664737e-04 9.28045814e-04
51600 5.16000000e+03 8.10389640e-04 -3.25500238e-04 8.73316537e-04
51700 5.17000000e+03 8.40682245e-04 -2.21894763e-04 8.69473360e-04
51800 5.18000000e+03 8.48293887e-04 -1.68325161e-04 8.64832861e-04
51900 5.19000000e+03 8.59851250e-04 -1.72827378e-04 8.77048160e-04
52000 5.20000000e+03 8.76898121e-04 -1.89128332e-04 8.97061782e-04
52100 5.21000000e+03 8.30739969e-04 -1.44273785e-04 8.43174846e-04
52200 5.22000000e+03 9.30883223e-04 -1.76386762e-04 9.47447025e-04
52300 5.23000000e+03 8.74435587e-04 -1.17686082e-04 8.82319449e-04
52400 5.24000000e+03 8.20026791e-04 -6.81093225e-05 8.22850423e-04
52500 5.25000000e+03 9.19302751e-04 -1.08822096e-04 9.25721230e-04
52600 5.26000000e+03 8.57320265e-04 -5.01660907e-05 8.58786745e-04
52700 5.27000000e+03 8.04621668e-04 -8.12537201e-06 8.04662694e-04
52800 5.28000000e+03 8.35641287e-04 1.86077705e-05 8.35848437e-04
52900 5.29000000e+03 8.62323097e-04 6.11584692e-05 8.64489145e-04
53000 5.30000000e+03 7.84185773e-04 9.65055369e-05 7.90101668e-04
53100 5.31000000e+03 7.19828473e-04 1.21201665e-04 7.29960872e-04
53200 5.32000000e+03 6.91955327e-04 5.35574072e-05 6.94024906e-04
53300 5.33000000e+03 6.67307992e-04 -1.78430819e-05 6.67546501e-04
53400 5.34000000e+03 6.29796996e-04 3.75000491e-06 6.29808160e-04
53500 5.35000000e+03 6.58721256e-04 -4.46497252e-05 6.60232755e-04
53600 5.36000000e+03 7.72671367e-04 -5.54155813e-05 7.74656006e-04
53700 5.37000000e+03 8.46859883e-04 -1.31011155e-04 8.56933827e-04
53800 5.38000000e+03 8.47250398e-04 -2.44207971e-04 8.81743029e-04
53900 5.39000000e+03 7.86799821e-04 -1.91891362e-04 8.09861873e-04
54000 5.40000000e+03 7.39153009e-04 -1.51904009e-04 7.54600556e-04
54100 5.41000000e+03 6.96068571e-04 -1.16403680e-04 7.05734563e-04
54200 5.42000000e+03 7.26969563e-04 -1.42182078e-04 7.40743201e-04
54300 5.43000000e+03 7.84718664e-04 -1.20733894e-04 7.93952174e-04
54400 5.44000000e+03 7.55134271e-04 -8.56880069e-05 7.59980396e-04
54500 5.45000000e+03 8.68870877e-04 -3.36921396e-04 9.31908057e-04
54600 5.46000000e+03 8.32307967e-04 -2.92721612e-04 8.82282548e-04
54700 5.47000000e+03 9.19219339e-04 -3.85404186e-04 9.96744993e-04
54800 5.48000000e+03 8.82540888e-04 -3.33524978e-04 9.43460296e-04
54900 5.49000000e+03 1.06874213e-03 -4.09568456e-04 1.14453312e-03
55000 5.50000000e+03 1.04903418e-03 -4.29913809e-04 1.13371010e-03
55100 5.51000000e+03 1.06031226e-03 -4.11497371e-04 1.13736194e-03
55200 5.52000000e+03 1.00095337e-03 -4.33528912e-04 1.09080474e-03
55300 5.53000000e+03 9.54911113e-04 -3.66707303e-04 1.02290248e-03
55400 5.54000000e+03 1.04107975e-03 -3.38202575e-04 1.09463603e-03
55500 5.55000000e+03 1.00274326e-03 -3.65913613e-04 1.06742064e-03
55600 5.56000000e+03 9.48262634e-04 -3.05848400e-04 9.96366030e-04
55700 5.57000000e+03 9.58210323e-04 -4.05168394e-04 1.04035016e-03
55800 5.58000000e+03 9.76277282e-04 -3.94719827e-04 1.05305322e-03
55900 5.59000000e+03 9.42232728e-04 -4.15845425e-04 1.02991744e-03
56000 5.60000000e+03 8.61060398e-04 -4.00966383e-04 9.49841592e-04
56100 5.61000000e+03 8.44648399e-04 -3.39052611e-04 9.10158003e-04
56200 5.62000000e+03 9.08956106e-04 -3.01925640e-04 9.57789275e-04
56300 5.63000000e+03 9.44387692e-04 -2.81361863e-04 9.85409869e-04
56400 5.64000000e+03 9.30646958e-04 -3.51320923e-04 9.94751302e-04
56500 5.65000000e+03 9.11389245e-04 -2.81370012e-04 9.53834073e-04
56600 5.66000000e+03 9.29477043e-04 -3.10968433e-04 9.80116799e-04
56700 5.67000000e+03 9.87770502e-04 -3.77783697e-04 1.05754957e-03
56800 5.68000000e+03 9.56768577e-04 -3.15673562e-04 1.00749983e-03
56900 5.69000000e+03 8.86114431e-04 -3.48926726e-04 9.52338513e-04
57000 5.70000000e+03 9.93968220e-04 -4.04024933e-04 1.07294407e-03
57100 5.71000000e+03 9.55746451e-04 -3.52260366e-04 1.01859641e-03
57200 5.72000000e+03 8.97913531e-04 -3.80461803e-04 9.75192234e-04
57300 5.73000000e+03 9.52811795e-04 -3.03579436e-04 1.00000540e-03
57400 5.74000000e+03 9.79684992e-04 -4.09057393e-04 1.06165467e-03
57500 5.75000000e+03 9.32056922e-04 -3.16899299e-04 9.84456841e-04
57600 5.76000000e+03 8.93052667e-04 -2.50066543e-04 9.27403010e-04
57700 5.77000000e+03 9.61315818e-04 -2.89101532e-04 1.00384650e-03
57800 5.78000000e+03 9.42408631e-04 -2.84311129e-04 9.84361136e-04
57900 5.79000000e+03 8.95361882e-04 -2.15273161e-04 9.20877534e-04
58000 5.80000000e+03 9.30734444e-04 -3.10249336e-04 9.81081677e-04
58100 5.81000000e+03 8.75794911e-04 -2.33997969e-04 9.06516285e-04
58200 5.82000000e+03 8.65195645e-04 -2.22596776e-04 8.93371607e-04
58300 5.83000000e+03 8.14586761e-04 -1.53992019e-04 8.29014556e-04
58400 5.84000000e+03 8.60397937e-04 -1.01850572e-04 8.66405303e-04
58500 5.85000000e+03 8.93111457e-04 -1.04811421e-04 8.99240518e-04
58600 5.86000000e+03 8.64082715e-04 -1.78027214e-04 8.82231617e-04
58700 5.87000000e+03 8.15197011e-04 -1.10912923e-04 8.22707629e-04
58800 5.88000000e+03 7.93758605e-04 -1.45150319e-04 8.06920900e-04
58900 5.89000000e+03 7.44913588e-04 -1.02816397e-04 7.51975708e-04
59000 5.90000000e+03 6.97736919e-04 -6.70888912e-05 7.00954869e-04
59100 5.91000000e+03 6.52644085e-04 -3.61191014e-05 6.53642785e-04
59200 5.92000000e+03 6.09784154e-04 -9.43049781e-06 6.09857073e-04
59300 5.93000000e+03 5.68958581e-04 1.35299751e-05 5.69119432e-04
59400 5.94000000e+03 5.30245947e-04 3.33516800e-05 5.31293797e-04
59500 5.95000000e+03 5.48503478e-04 -2.36433043e-05 5.49012815e-04
59600 5.96000000e+03 5.16132684e-04 -6.12827262e-06 5.16169065e-04
59700 5.97000000e+03 5.71239041e-04 -3.13925784e-06 5.71247667e-04
59800 5.98000000e+03 5.96816419e-04 -6.41229872e-06 5.96850865e-04
59900 5.99000000e+03 6.36239420e-04 -2.10185681e-05 6.36586506e-04
60000 6.00000000e+03 5.99107705e-04 3.66310314e-06 5.99118904e-04
60100 6.01000000e+03 5.59585751e-04 2.67888990e-05 5.60226613e-04
60200 6.02000000e+03 5.21581038e-04 4.62710159e-05 5.23629436e-04
60300 6.03000000e+03 5.52806072e-04 1.14686642e-04 5.64577345e-04
60400 6.04000000e+03 5.82128880e-04 1.54595473e-04 6.02307058e-04
60500 6.05000000e+03 5.13085048e-04 1.60448952e-04 5.37587325e-04
60600 6.06000000e+03 5.74729289e-04 4.42037635e-05 5.76426689e-04
60700 6.07000000e+03 5.17618726e-04 7.13382615e-05 5.22511524e-04
60800 6.08000000e+03 5.08736819e-04 1.47752377e-04 5.29758356e-04
60900 6.09000000e+03 5.38678549e-04 1.38568299e-04 5.56215563e-04
61000 6.10000000e+03 5.62639441e-04 1.02234524e-04 5.71852288e-04
61100 6.11000000e+03 5.17544453e-04 1.04437393e-04 5.27976732e-04
61200 6.12000000e+03 4.78411501e-04 1.08521039e-04 4.90565368e-04
61300 6.13000000e+03 4.42968158e-04 1.13131391e-04 4.57186505e-04
61400 6.14000000e+03 4.10440029e-04 1.17349431e-04 4.26886292e-04
61500 6.15000000e+03 3.80258280e-04 1.20792582e-04 3.98982715e-04
61600 6.16000000e+03 3.52146395e-04 1.23298654e-04 3.73108083e-04
61700 6.17000000e+03 3.25882575e-04 1.25008766e-04 3.49036737e-04
61800 6.18000000e+03 5.23065217e-04 1.06840256e-04 5.33865209e-04
61900 6.19000000e+03 4.57291491e-04 1.26280225e-04 4.74407213e-04
62000 6.20000000e+03 4.14930983e-04 1.33307229e-04 4.35819386e-04
62100 6.21000000e+03 4.27113002e-04 6.17743062e-05 4.31557159e-04
62200 6.22000000e+03 3.95073497e-04 7.15749848e-05 4.01504728e-04
62300 6.23000000e+03 4.30689368e-04 1.13454998e-05 4.30838777e-04
62400 6.24000000e+03 4.11247427e-04 2.72040634e-05 4.12146221e-04
62500 6.25000000e+03 3.87498934e-04 4.06834151e-05 3.89628752e-04
62600 6.26000000e+03 4.24412196e-04 1.49626931e-05 4.24675869e-04
62700 6.27000000e+03 3.90871457e-04 3.15595717e-05 3.92143472e-04
62800 6.28000000e+03 3.59673839e-04 4.43755234e-05 3.62400962e-04
62900 6.29000000e+03 3.31041927e-04 5.49918659e-05 3.35578400e-04
63000 6.30000000e+03 3.04611778e-04 6.39152931e-05 3.11245080e-04
63100 6.31000000e+03 2.80068489e-04 7.12147375e-05 2.88980790e-04
63200 6.32000000e+03 2.57220789e-04 7.70859988e-05 2.68523342e-04
63300 6.33000000e+03 2.35965854e-04 8.16538741e-05 2.49694292e-04
63400 6.34000000e+03 2.16120243e-04 8.50259312e-05 2.32244200e-04
63500 6.35000000e+03 1.97742920e-04 8.74048492e-05 2.16198682e-04
63600 6.36000000e+03 2.56833562e-04 1.20603348e-04 2.83740456e-04
63700 6.37000000e+03 2.25093085e-04 1.22913640e-04 2.56465708e-04
63800 6.38000000e+03 2.01606308e-04 1.23640755e-04 2.36499767e-04
63900 6.39000000e+03 1.80583127e-04 1.22756494e-04 2.18356183e-04
64000 6.40000000e+03 1.61468983e-04 1.20640405e-04 2.01559767e-04
64100 6.41000000e+03 1.44179299e-04 1.17643118e-04 1.86084856e-04
64200 6.42000000e+03 1.28509884e-04 1.14038834e-04 1.71812823e-04
64300 6.43000000e+03 1.14451468e-04 1.10048699e-04 1.58776115e-04
64400 6.44000000e+03 1.78243732e-04 1.23059799e-04 2.16597650e-04
64500 6.45000000e+03 1.52396125e-04 1.16887910e-04 1.92060830e-04
64600 6.46000000e+03 1.33662121e-04 1.13677699e-04 1.75465614e-04
64700 6.47000000e+03 1.17503150e-04 1.10714791e-04 1.61445828e-04
64800 6.48000000e+03 1.03095117e-04 1.07220723e-04 1.48744367e-04
64900 6.49000000e+03 9.02263419e-05 1.03260019e-04 1.37125579e-04
65000 6.50000000e+03 7.87517129e-05 9.89549881e-05 1.26467078e-04
65100 6.51000000e+03 1.42119534e-04 7.55341607e-05 1.60945243e-04
65200 6.52000000e+03 1.20333978e-04 7.69006947e-05 1.42807504e-04
65300 6.53000000e+03 1.04045059e-04 7.68459868e-05 1.29347130e-04
65400 6.54000000e+03 9.05639463e-05 7.59654722e-05 1.18205674e-04
65500 6.55000000e+03 7.91040948e-05 7.43816054e-05 1.08582140e-04
65600 6.56000000e+03 6.91955647e-05 7.23090925e-05 1.00083121e-04
65700 6.57000000e+03 6.05232126e-05 6.99744414e-05 9.25174671e-05
65800 6.58000000e+03 5.27455450e-05 6.75061892e-05 8.56690031e-05
65900 6.59000000e+03 4.60015617e-05 6.48948699e-05 7.95455078e-05
66000 6.60000000e+03 3.99702985e-05 6.22512816e-05 7.39786917e-05
66100 6.61000000e+03 3.45640656e-05 5.95671590e-05 6.88688686e-05
66200 6.62000000e+03 2.96297439e-05 5.68534597e-05 6.41111348e-05
66300 6.63000000e+03 2.53049129e-05 5.40696492e-05 5.96981204e-05
66400 6.64000000e+03 2.14627071e-05 5.13856721e-05 5.56878361e-05
66500 6.65000000e+03 1.79425479e-05 4.87900761e-05 5.19846761e-05
66600 6.66000000e+03 1.48143044e-05 4.62050666e-05 4.85218693e-05
66700 6.67000000e+03 1.20532604e-05 4.37059171e-05 4.53374930e-05
66800 6.68000000e+03 9.63181992e-06 4.12777517e-05 4.23866104e-05
66900 6.69000000e+03 7.46537535e-06 3.89281195e-05 3.96374862e-05
67000 6.70000000e+03 5.52898564e-06 3.66550084e-05 3.70696551e-05
67100 6.71000000e+03 3.83963743e-06 3.45168555e-05 3.47297586e-05
67200 6.72000000e+03 2.31108379e-06 3.23926179e-05 3.24749565e-05
67300 6.73000000e+03 1.02629383e-06 3.04113291e-05 3.04286414e-05
67400 6.74000000e+03 -1.01161504e-07 2.85304413e-05 2.85306207e-05
67500 6.75000000e+03 -1.05751758e-06 2.67197793e-05 2.67406983e-05
67600 6.76000000e+03 -1.95935354e-06 2.50429785e-05 2.51195111e-05
67700 6.77000000e+03 -2.74045306e-06 2.34567487e-05 2.36162898e-05
67800 6.78000000e+03 -3.41233203e-06 2.19444482e-05 2.22081701e-05
67900 6.79000000e+03 -3.99591272e-06 2.05511897e-05 2.09360625e-05
68000 6.80000000e+03 -4.49362051e-06 1.92419448e-05 1.97596828e-05
68100 6.81000000e+03 -4.92278923e-06 1.80562529e-05 1.87152911e-05
68200 6.82000000e+03 -5.28969122e-06 1.69514442e-05 1.77575982e-05
68300 6.83000000e+03 -5.59143700e-06 1.59017181e-05 1.68561208e-05
68400 6.84000000e+03 -5.83220935e-06 1.49297066e-05 1.60284374e-05
68500 6.85000000e+03 -6.04253273e-06 1.40218908e-05 1.52684519e-05
68600 6.86000000e+03 -6.25040639e-06 1.32164314e-05 1.46199056e-05
68700 6.87000000e+03 -6.43010708e-06 1.24647459e-05 1.40255540e-05
68800 6.88000000e+03 -6.60035312e-06 1.17698446e-05 1.34942174e-05
68900 6.89000000e+03 -6.74352214e-06 1.11337040e-05 1.30166991e-05
69000 6.90000000e+03 -6.86313342e-06 1.05342224e-05 1.25726863e-05
69100 6.91000000e+03 -6.95394692e-06 1.00091729e-05 1.21877365e-05
69200 6.92000000e+03 -7.03662045e-06 9.56825352e-06 1.18770999e-05
69300 6.93000000e+03 -7.12150040e-06 9.16233148e-06 1.16044856e-05
69400 6.94000000e+03 -7.19372383e-06 8.77757975e-06 1.13488135e-05
69500 6.95000000e+03 -7.26090821e-06 8.42096506e-06 1.11190575e-05
69600 6.96000000e+03 -7.32228091e-06 8.09854373e-06 1.09179764e-05
69700 6.97000000e+03 -7.37961409e-06 7.80300797e-06 1.07399086e-05
69800 6.98000000e+03 -7.42485281e-06 7.53251425e-06 1.05767297e-05
69900 6.99000000e+03 -7.44758154e-06 7.27248334e-06 1.04093941e-05
70000 7.00000000e+03 -7.47932154e-06 7.04472950e-06 1.02746515e-05
70100 7.01000000e+03 -7.50616891e-06 6.82876134e-06 1.01476378e-05
70200 7.02000000e+03 -7.53212680e-06 6.63637366e-06 1.00386448e-05
70300 7.03000000e+03 -7.56048576e-06 6.45790715e-06 9.94311368e-06
70400 7.04000000e+03 -7.57909493e-06 6.29117631e-06 9.84995326e-06
70500 7.05000000e+03 -7.59018440e-06 6.13884458e-06 9.76198299e-06
70600 7.06000000e+03 -7.59843897e-06 6.01270767e-06 9.68962994e-06
70700 7.07000000e+03 -7.60743114e-06 5.91981279e-06 9.63935642e-06
70800 7.08000000e+03 -7.61678757e-06 5.84214877e-06 9.59927888e-06
70900 7.09000000e+03 -7.62286572e-06 5.77890660e-06 9.56576413e-06
71000 7.10000000e+03 -7.62460922e-06 5.72683166e-06 9.53578873e-06
71100 7.11000000e+03 -7.62796844e-06 5.68860878e-06 9.51557525e-06
71200 7.12000000e+03 -7.62829632e-06 5.65812525e-06 9.49764634e-06
71300 7.13000000e+03 -7.63548451e-06 5.63190770e-06 9.48783474e-06
71400 7.14000000e+03 -7.64162087e-06 5.60722083e-06 9.47814829e-06
71500 7.15000000e+03 -7.64470042e-06 5.58840020e-06 9.46951220e-06
71600 7.16000000e+03 -7.64578272e-06 5.57913154e-06 9.46491955e-06
71700 7.17000000e+03 -7.64932065e-06 5.56856958e-06 9.46155767e-06
71800 7.18000000e+03 -7.65035838e-06 5.56561508e-06 9.46065826e-06
71900 7.19000000e+03 -7.65132881e-06 5.56173109e-06 9.45915881e-06
72000 7.20000000e+03 -7.65072946e-06 5.55621955e-06 9.45543425e-06
72100 7.21000000e+03 -7.65075401e-06 5.55610131e-06 9.45538465e-06
72200 7.22000000e+03 -7.65077675e-06 5.55614042e-06 9.45542602e-06
72300 7.23000000e+03 -7.65077675e-06 5.55614042e-06 9.45542602e-06
72400 7.24000000e+03 -7.65075401e-06 5.55610131e-06 9.45538465e-06
72500 7.25000000e+03 -7.65077675e-06 5.55614042e-06 9.45542602e-06
72600 7.26000000e+03 -7.65077675e-06 5.55614042e-06 9.45542602e-06
72700 7.27000000e+03 -7.65075401e-06 5.55610131e-06 9.45538465e-06
72800 7.28000000e+03 -7.65077675e-06 5.55614042e-06 9.45542602e-06
72900 7.29000000e+03 -7.65077675e-06 5.55614042e-06 9.45542602e-06
73000 7.30000000e+03 -7.65075401e-06 5.55610131e-06 9.45538465e-06
73100 7.31000000e+03 -7.65077675e-06 5.55614042e-06 9.45542602e-06
73200 7.32000000e+03 -7.65077675e-06 5.55614042e-06 9.45542602e-06
73300 7.33000000e+03 -7.65075401e-06 5.55610131e-06 9.45538465e-06
73400 7.34000000e+03 -7.65077675e-06 5.55614042e-06 9.45542602e-06
73500 7.35000000e+03 -7.65077675e-06 5.55614042e-06 9.45542602e-06
73600 7.36000000e+03 -7.65075401e-06 5.55610131e-06 9.45538465e-06
73700 7.37000000e+03 -7.65077675e-06 5.55614042e-06 9.45542602e-06
73800 7.38000000e+03 -7.65077675e-06 5.55614042e-06 9.45542602e-06
73900 7.39000000e+03 -7.65075401e-06 5.55610131e-06 9.45538465e-06
74000 7.40000000e+03 -7.65077675e-06 5.55614042e-06 9.45542602e-06
74100 7.41000000e+03 -7.65077675e-06 5.55614042e-06 9.45542602e-06
74200 7.42000000e+03 -7.65075401e-06 5.55610131e-06 9.45538465e-06
74300 7.43000000e+03 -7.65077675e-06 5.55614042e-06 9.45542602e-06
74400 7.44000000e+03 -7.65077675e-06 5.55614042e-06 9.45542602e-06
74500 7.45000000e+03 -7.65075401e-06 5.55610131e-06 9.45538465e-06
74600 7.46000000e+03 -7.65077675e-06 5.55614042e-06 9.45542602e-06
74700 7.47000000e+03 -7.65077675e-06 5.55614042e-06 9.45542602e-06
74800 7.48000000e+03 -7.65075401e-06 5.55610131e-06 9.45538465e-06
74900 7.49000000e+03 -7.65077675e-06 5.55614042e-06 9.45542602e-06
75000 7.50000000e+03 -7.65077675e-06 5.55614042e-06 9.45542602e-06
75100 7.51000000e+03 -7.65075401e-06 5.55610131e-06 9.45538465e-06
75200 7.52000000e+03 -7.65077675e-06 5.55614042e-06 9.45542602e-06
75300 7.53000000e+03 -7.65077675e-06 5.55614042e-06 9.45542602e-06
75400 7.54000000e+03 -7.65075401e-06 5.55610131e-06 9.45538465e-06
75500 7.55000000e+03 -7.65077675e-06 5.55614042e-06 9.45542602e-06
75600 7.56000000e+03 -7.65077675e-06 5.55614042e-06 9.45542602e-06
75700 7.57000000e+03 -7.65075401e-06 5.55610131e-06 9.45538465e-06
75800 7.58000000e+03 -7.65077675e-06 5.55614042e-06 9.45542602e-06
75900 7.59000000e+03 -7.65077675e-06 5.55614042e-06 9.45542602e-06
76000 7.60000000e+03 -7.65075401e-06 5.55610131e-06 9.45538465e-06
76100 7.61000000e+03 -7.65077675e-06 5.55614042e-06 9.45542602e-06
76200 7.62000000e+03 -7.65077675e-06 5.55614042e-06 9.45542602e-06
76300 7.63000000e+03 -7.65075401e-06 5.55610131e-06 9.45538465e-06
76400 7.64000000e+03 -7.65077675e-06 5.55614042e-06 9.45542602e-06
76500 7.65000000e+03 -7.65077675e-06 5.55614042e-06 9.45542602e-06
76600 7.66000000e+03 -7.65075401e-06 5.55610131e-06 9.45538465e-06
76700 7.67000000e+03 -7.65077675e-06 5.55614042e-06 9.45542602e-06
76800 7.68000000e+03 -7.65077675e-06 5.55614042e-06 9.45542602e-06
76900 7.69000000e+03 -7.65075401e-06 5.55610131e-06 9.45538465e-06
77000 7.70000000e+03 -7.65077675e-06 5.55614042e-06 9.45542602e-06
77100 7.71000000e+03 -7.65077675e-06 5.55614042e-06 9.45542602e-06
77200 7.72000000e+03 -7.65075401e-06 5.55610131e-06 9.45538465e-06
77300 7.73000000e+03 -7.65077675e-06 5.55614042e-06 9.45542602e-06
77400 7.74000000e+03 -7.65077675e-06 5.55614042e-06 9.45542602e-06
77500 7.75000000e+03 -7.65075401e-06 5.55610131e-06 9.45538465e-06
77600 7.76000000e+03 -7.65077675e-06 5.55614042e-06 9.45542602e-06
77700 7.77000000e+03 -7.65077675e-06 5.55614042e-06 9.45542602e-06
77800 7.78000000e+03 -7.65075401e-06 5.55610131e-06 9.45538465e-06
77900 7.79000000e+03 -7.65077675e-06 5.55614042e-06 9.45542602e-06
78000 7.80000000e+03 -7.65077675e-06 5.55614042e-06 9.45542602e-06
78100 7.81000000e+03 -7.65075401e-06 5.55610131e-06 9.45538465e-06
78200 7.82000000e+03 -7.65077675e-06 5.55614042e-06 9.45542602e-06
78300 7.83000000e+03 -7.65077675e-06 5.55614042e-06 9.45542602e-06
78400 7.84000000e+03 -7.65075401e-06 5.55610131e-06 9.45538465e-06
78500 7.85000000e+03 -7.65077675e-06 5.55614042e-06 9.45542602e-06
78600 7.86000000e+03 -7.65077675e-06 5.55614042e-06 9.45542602e-06
78700 7.87000000e+03 -7.65075401e-06 5.55610131e-06 9.45538465e-06
78800 7.88000000e+03 -7.65077675e-06 5.55614042e-06 9.45542602e-06
78900 7.89000000e+03 -7.65077675e-06 5.55614042e-06 9.45542602e-06
79000 7.90000000e+03 -7.65075401e-06 5.55610131e-06 9.45538465e-06
79100 7.91000000e+03 -7.65077675e-06 5.55614042e-06 9.45542602e-06
79200 7.92000000e+03 -7.65077675e-06 5.55614042e-06 9.45542602e-06
79300 7.93000000e+03 -7.65075401e-06 5.55610131e-06 9.45538465e-06
79400 7.94000000e+03 -7.65077675e-06 5.55614042e-06 9.45542602e-06
79500 7.95000000e+03 -7.65077675e-06 5.55614042e-06 9.45542602e-06
79600 7.96000000e+03 -7.65075401e-06 5.55610131e-06 9.45538465e-06
79700 7.97000000e+03 -7.65077675e-06 5.55614042e-06 9.45542602e-06
79800 7.98000000e+03 -7.65077675e-06 5.55614042e-06 9.45542602e-06
79900 7.99000000e+03 -7.65075401e-06 5.55610131e-06 9.45538465e-06
80000 8.00000000e+03 -7.65077675e-06 5.55614042e-06 9.45542602e-06
80100 8.01000000e+03 -7.65077675e-06 5.55614042e-06 9.45542602e-06
80200 8.02000000e+03 -7.65075401e-06 5.55610131e-06 9.45538465e-06
80300 8.03000000e+03 -7.65077675e-06 5.55614042e-06 9.45542602e-06
80400 8.04000000e+03 -7.65077675e-06 5.55614042e-06 9.45542602e-06
80500 8.05000000e+03 -7.65075401e-06 5.55610131e-06 9.45538465e-06
80600 8.06000000e+03 -7.65077675e-06 5.55614042e-06 9.45542602e-06
80700 8.07000000e+03 -7.65077675e-06 5.55614042e-06 9.45542602e-06
80800 8.08000000e+03 -7.65075401e-06 5.55610131e-06 9.45538465e-06
80900 8.09000000e+03 -7.65077675e-06 5.55614042e-06 9.45542602e-06
81000 8.10000000e+03 -7.65077675e-06 5.55614042e-06 9.45542602e-06
81100 8.11000000e+03 -7.65075401e-06 5.55610131e-06 9.45538465e-06
81200 8.12000000e+03 -7.65077675e-06 5.55614042e-06 9.45542602e-06
81300 8.13000000e+03 -7.65077675e-06 5.55614042e-06 9.45542602e-06
81400 8.14000000e+03 -7.65075401e-06 5.55610131e-06 9.45538465e-06
81500 8.15000000e+03 -7.65077675e-06 5.55614042e-06 9.45542602e-06
81600 8.16000000e+03 -7.65077675e-06 5.55614042e-06 9.45542602e-06
81700 8.17000000e+03 -7.65075401e-06 5.55610131e-06 9.45538465e-06
81800 8.18000000e+03 -7.65077675e-06 5.55614042e-06 9.45542602e-06
81900 8.19000000e+03 -7.65077675e-06 5.55614042e-06 9.45542602e-06
82000 8.20000000e+03 -7.65075401e-06 5.55610131e-06 9.45538465e-06
82100 8.21000000e+03 -7.65077675e-06 5.55614042e-06 9.45542602e-06
82200 8.22000000e+03 -7.65077675e-06 5.55614042e-06 9.45542602e-06
82300 8.23000000e+03 -7.65075401e-06 5.55610131e-06 9.45538465e-06
82400 8.24000000e+03 -7.65077675e-06 5.55614042e-06 9.45542602e-06
82500 8.25000000e+03 -7.65077675e-06 5.55614042e-06 9.45542602e-06
82600 8.26000000e+03 -7.65075401e-06 5.55610131e-06 9.45538465e-06
82700 8.27000000e+03 -7.65077675e-06 5.55614042e-06 9.45542602e-06
82800 8.28000000e+03 -7.65077675e-06 5.55614042e-06 9.45542602e-06
82900 8.29000000e+03 -7.65075401e-06 5.55610131e-06 9.45538465e-06
83000 8.30000000e+03 -7.65077675e-06 5.55614042e-06 9.45542602e-06
83100 8.31000000e+03 -7.65077675e-06 5.55614042e-06 9.45542602e-06
83200 8.32000000e+03 -7.65075401e-06 5.55610131e-06 9.45538465e-06
83300 8.33000000e+03 -7.65077675e-06 5.55614042e-06 9.45542602e-06
83400 8.34000000e+03 -7.65077675e-06 5.55614042e-06 9.45542602e-06
83500 8.35000000e+03 -7.65075401e-06 5.55610131e-06 9.45538465e-06
83600 8.36000000e+03 -7.65077675e-06 5.55614042e-06 9.45542602e-06
83700 8.37000000e+03 -7.65077675e-06 5.55614042e-06 9.45542602e-06
83800 8.38000000e+03 -7.65075401e-06 5.55610131e-06 9.45538465e-06
83900 8.39000000e+03 -7.65077675e-06 5.55614042e-06 9.45542602e-06
84000 8.40000000e+03 -7.65077675e-06 5.55614042e-06 9.45542602e-06
84100 8.41000000e+03 -7.65075401e-06 5.55610131e-06 9.45538465e-06
84200 8.42000000e+03 -7.65077675e-06 5.55614042e-06 9.45542602e-06
84300 8.43000000e+03 -7.65077675e-06 5.55614042e-06 9.45542602e-06
84400 8.44000000e+03 -7.65075401e-06 5.55610131e-06 9.45538465e-06
84500 8.45000000e+03 -7.65077675e-06 5.55614042e-06 9.45542602e-06
84600 8.46000000e+03 -7.65077675e-06 5.55614042e-06 9.45542602e-06
84700 8.47000000e+03 -7.65075401e-06 5.55610131e-06 9.45538465e-06
84800 8.48000000e+03 -7.65077675e-06 5.55614042e-06 9.45542602e-06
84900 8.49000000e+03 -7.65077675e-06 5.55614042e-06 9.45542602e-06
85000 8.50000000e+03 -7.65075401e-06 5.55610131e-06 9.45538465e-06
85100 8.51000000e+03 -7.65077675e-06 5.55614042e-06 9.45542602e-06
85200 8.52000000e+03 -7.65077675e-06 5.55614042e-06 9.45542602e-06
85300 8.53000000e+03 -7.65075401e-06 5.55610131e-06 9.45538465e-06
85400 8.54000000e+03 -7.65077675e-06 5.55614042e-06 9.45542602e-06
85500 8.55000000e+03 -7.65077675e-06 5.55614042e-06 9.45542602e-06
85600 8.56000000e+03 -7.65075401e-06 5.55610131e-06 9.45538465e-06
85700 8.57000000e+03 -7.65077675e-06 5.55614042e-06 9.45542602e-06
85800 8.58000000e+03 -7.65077675e-06 5.55614042e-06 9.45542602e-06
85900 8.59000000e+03 -7.65075401e-06 5.55610131e-06 9.45538465e-06
86000 8.60000000e+03 -7.65077675e-06 5.55614042e-06 9.45542602e-06
86100 8.61000000e+03 -7.65077675e-06 5.55614042e-06 9.45542602e-06
86200 8.62000000e+03 -7.65075401e-06 5.55610131e-06 9.45538465e-06
86300 8.63000000e+03 -7.65077675e-06 5.55614042e-06 9.45542602e-06
86400 8.64000000e+03 -7.65077675e-06 5.55614042e-06 9.45542602e-06
86500 8.65000000e+03 -7.65075401e-06 5.55610131e-06 9.45538465e-06
86600 8.66000000e+03 -7.65077675e-06 5.55614042e-06 9.45542602e-06
86700 8.67000000e+03 -7.65077675e-06 5.55614042e-06 9.45542602e-06
86800 8.68000000e+03 -7.65075401e-06 5.55610131e-06 9.45538465e-06
86900 8.69000000e+03 -7.65077675e-06 5.55614042e-06 9.45542602e-06
87000 8.70000000e+03 -7.65077675e-06 5.55614042e-06 9.45542602e-06
87100 8.71000000e+03 -7.65075401e-06 5.55610131e-06 9.45538465e-06
87200 8.72000000e+03 -7.65077675e-06 5.55614042e-06 9.45542602e-06
87300 8.73000000e+03 -7.65077675e-06 5.55614042e-06 9.45542602e-06
87400 8.74000000e+03 -7.65075401e-06 5.55610131e-06 9.45538465e-06
87500 8.75000000e+03 -7.65077675e-06 5.55614042e-06 9.45542602e-06
87600 8.76000000e+03 -7.65077675e-06 5.55614042e-06 9.45542602e-06
87700 8.77000000e+03 -7.65075401e-06 5.55610131e-06 9.45538465e-06
87800 8.78000000e+03 -7.65077675e-06 5.55614042e-06 9.45542602e-06
87900 8.79000000e+03 -7.65077675e-06 5.55614042e-06 9.45542602e-06
88000 8.80000000e+03 -7.65075401e-06 5.55610131e-06 9.45538465e-06
88100 8.81000000e+03 -7.65077675e-06 5.55614042e-06 9.45542602e-06
88200 8.82000000e+03 -7.65077675e-06 5.55614042e-06 9.45542602e-06
88300 8.83000000e+03 -7.65075401e-06 5.55610131e-06 9.45538465e-06
88400 8.84000000e+03 -7.65077675e-06 5.55614042e-06 9.45542602e-06
88500 8.85000000e+03 -7.65077675e-06 5.55614042e-06 9.45542602e-06
88600 8.86000000e+03 -7.65075401e-06 5.55610131e-06 9.45538465e-06
88700 8.87000000e+03 -7.65077675e-06 5.55614042e-06 9.45542602e-06
88800 8.88000000e+03 -7.65077675e-06 5.55614042e-06 9.45542602e-06
88900 8.89000000e+03 -7.65075401e-06 5.55610131e-06 9.45538465e-06
89000 8.90000000e+03 -7.65077675e-06 5.55614042e-06 9.45542602e-06
89100 8.91000000e+03 -7.65077675e-06 5.55614042e-06 9.45542602e-06
89200 8.92000000e+03 -7.65075401e-06 5.55610131e-06 9.45538465e-06
89300 8.93000000e+03 -7.65077675e-06 5.55614042e-06 9.45542602e-06
89400 8.94000000e+03 -7.65077675e-06 5.55614042e-06 9.45542602e-06
89500 8.95000000e+03 -7.65075401e-06 5.55610131e-06 9.45538465e-06
89600 8.96000000e+03 -7.65077675e-06 5.55614042e-06 9.45542602e-06
89700 8.97000000e+03 -7.65077675e-06 5.55614042e-06 9.45542602e-06
89800 8.98000000e+03 -7.65075401e-06 5.55610131e-06 9.45538465e-06
89900 8.99000000e+03 -7.65077675e-06 5.55614042e-06 9.45542602e-06
90000 9.00000000e+03 -7.65077675e-06 5.55614042e-06 9.45542602e-06
90100 9.01000000e+03 -7.65075401e-06 5.55610131e-06 9.45538465e-06
90200 9.02000000e+03 -7.65077675e-06 5.55614042e-06 9.45542602e-06
90300 9.03000000e+03 -7.65077675e-06 5.55614042e-06 9.45542602e-06
90400 9.04000000e+03 -7.65075401e-06 5.55610131e-06 9.45538465e-06
90500 9.05000000e+03 -7.65077675e-06 5.55614042e-06 9.45542602e-06
90600 9.06000000e+03 -7.65077675e-06 5.55614042e-06 9.45542602e-06
90700 9.07000000e+03 -7.65075401e-06 5.55610131e-06 9.45538465e-06
90800 9.08000000e+03 -7.65077675e-06 5.55614042e-06 9.45542602e-06
90900 9.09000000e+03 -7.65077675e-06 5.55614042e-06 9.45542602e-06
91000 9.10000000e+03 -7.65075401e-06 5.55610131e-06 9.45538465e-06
91100 9.11000000e+03 -7.65077675e-06 5.55614042e-06 9.45542602e-06
91200 9.12000000e+03 -7.65077675e-06 5.55614042e-06 9.45542602e-06
91300 9.13000000e+03 -7.65075401e-06 5.55610131e-06 9.45538465e-06
91400 9.14000000e+03 -7.65077675e-06 5.55614042e-06 9.45542602e-06
91500 9.15000000e+03 -7.65077675e-06 5.55614042e-06 9.45542602e-06
91600 9.16000000e+03 -7.65075401e-06 5.55610131e-06 9.45538465e-06
91700 9.17000000e+03 -7.65077675e-06 5.55614042e-06 9.45542602e-06
91800 9.18000000e+03 -7.65077675e-06 5.55614042e-06 9.45542602e-06
91900 9.19000000e+03 -7.65075401e-06 5.55610131e-06 9.45538465e-06
92000 9.20000000e+03 -7.65077675e-06 5.55614042e-06 9.45542602e-06
92100 9.21000000e+03 -7.65077675e-06 5.55614042e-06 9.45542602e-06
92200 9.22000000e+03 -7.65075401e-06 5.55610131e-06 9.45538465e-06
92300 9.23000000e+03 -7.65077675e-06 5.55614042e-06 9.45542602e-06
92400 9.24000000e+03 -7.65077675e-06 5.55614042e-06 9.45542602e-06
92500 9.25000000e+03 -7.65075401e-06 5.55610131e-06 9.45538465e-06
92600 9.26000000e+03 -7.65077675e-06 5.55614042e-06 9.45542602e-06
92700 9.27000000e+03 -7.65077675e-06 5.55614042e-06 9.45542602e-06
92800 9.28000000e+03 -7.65075401e-06 5.55610131e-06 9.45538465e-06
92900 9.29000000e+03 -7.65077675e-06 5.55614042e-06 9.45542602e-06
93000 9.30000000e+03 -7.65077675e-06 5.55614042e-06 9.45542602e-06
93100 9.31000000e+03 -7.65075401e-06 5.55610131e-06 9.45538465e-06
93200 9.32000000e+03 -7.65077675e-06 5.55614042e-06 9.45542602e-06
93300 9.33000000e+03 -7.65077675e-06 5.55614042e-06 9.45542602e-06
93400 9.34000000e+03 -7.65075401e-06 5.55610131e-06 9.45538465e-06
93500 9.35000000e+03 -7.65077675e-06 5.55614042e-06 9.45542602e-06
93600 9.36000000e+03 -7.65077675e-06 5.55614042e-06 9.45542602e-06
93700 9.37000000e+03 -7.65075401e-06 5.55610131e-06 9.45538465e-06
93800 9.38000000e+03 -7.65077675e-06 5.55614042e-06 9.45542602e-06
93900 9.39000000e+03 -7.65077675e-06 5.55614042e-06 9.45542602e-06
94000 9.40000000e+03 -7.65075401e-06 5.55610131e-06 9.45538465e-06
94100 9.41000000e+03 -7.65077675e-06 5.55614042e-06 9.45542602e-06
94200 9.42000000e+03 -7.65077675e-06 5.55614042e-06 9.45542602e-06
94300 9.43000000e+03 -7.65075401e-06 5.55610131e-06 9.45538465e-06
94400 9.44000000e+03 -7.65077675e-06 5.55614042e-06 9.45542602e-06
94500 9.45000000e+03 -7.65077675e-06 5.55614042e-06 9.45542602e-06
94600 9.46000000e+03 -7.65075401e-06 5.55610131e-06 9.45538465e-06
94700 9.47000000e+03 -7.65077675e-06 5.55614042e-06 9.45542602e-06
94800 9.48000000e+03 -7.65077675e-06 5.55614042e-06 9.45542602e-06
94900 9.49000000e+03 -7.65075401e-06 5.55610131e-06 9.45538465e-06
95000 9.50000000e+03 -7.65077675e-06 5.55614042e-06 9.45542602e-06
95100 9.51000000e+03 -7.65077675e-06 5.55614042e-06 9.45542602e-06
95200 9.52000000e+03 -7.65075401e-06 5.55610131e-06 9.45538465e-06
95300 9.53000000e+03 -7.65077675e-06 5.55614042e-06 9.45542602e-06
95400 9.54000000e+03 -7.65077675e-06 5.55614042e-06 9.45542602e-06
95500 9.55000000e+03 -7.65075401e-06 5.55610131e-06 9.45538465e-06
95600 9.56000000e+03 -7.65077675e-06 5.55614042e-06 9.45542602e-06
95700 9.57000000e+03 -7.65077675e-06 5.55614042e-06 9.45542602e-06
95800 9.58000000e+03 -7.65075401e-06 5.55610131e-06 9.45538465e-06
95900 9.59000000e+03 -7.65077675e-06 5.55614042e-06 9.45542602e-06
96000 9.60000000e+03 -7.65077675e-06 5.55614042e-06 9.45542602e-06
96100 9.61000000e+03 -7.65075401e-06 5.55610131e-06 9.45538465e-06
96200 9.62000000e+03 -7.65077675e-06 5.55614042e-06 9.45542602e-06
96300 9.63000000e+03 -7.65077675e-06 5.55614042e-06 9.45542602e-06
96400 9.64000000e+03 -7.65075401e-06 5.55610131e-06 9.45538465e-06
96500 9.65000000e+03 -7.65077675e-06 5.55614042e-06 9.45542602e-06
96600 9.66000000e+03 -7.65077675e-06 5.55614042e-06 9.45542602e-06
96700 9.67000000e+03 -7.65075401e-06 5.55610131e-06 9.45538465e-06
96800 9.68000000e+03 -7.65077675e-06 5.55614042e-06 9.45542602e-06
96900 9.69000000e+03 -7.65077675e-06 5.55614042e-06 9.45542602e-06
97000 9.70000000e+03 -7.65075401e-06 5.55610131e-06 9.45538465e-06
97100 9.71000000e+03 -7.65077675e-06 5.55614042e-06 9.45542602e-06
97200 9.72000000e+03 -7.65077675e-06 5.55614042e-06 9.45542602e-06
97300 9.73000000e+03 -7.65075401e-06 5.55610131e-06 9.45538465e-06
97400 9.74000000e+03 -7.65077675e-06 5.55614042e-06 9.45542602e-06
97500 9.75000000e+03 -7.65077675e-06 5.55614042e-06 9.45542602e-06
97600 9.76000000e+03 -7.65075401e-06 5.55610131e-06 9.45538465e-06
97700 9.77000000e+03 -7.65077675e-06 5.55614042e-06 9.45542602e-06
97800 9.78000000e+03 -7.65077675e-06 5.55614042e-06 9.45542602e-06
97900 9.79000000e+03 -7.65075401e-06 5.55610131e-06 9.45538465e-06
98000 9.80000000e+03 -7.65077675e-06 5.55614042e-06 9.45542602e-06
98100 9.81000000e+03 -7.65077675e-06 5.55614042e-06 9.45542602e-06
98200 9.82000000e+03 -7.65075401e-06 5.55610131e-06 9.45538465e-06
98300 9.83000000e+03 -7.65077675e-06 5.55614042e-06 9.45542602e-06
98400 9.84000000e+03 -7.65077675e-06 5.55614042e-06 9.45542602e-06
98500 9.85000000e+03 -7.65075401e-06 5.55610131e-06 9.45538465e-06
98600 9.86000000e+03 -7.65077675e-06 5.55614042e-06 9.45542602e-06
98700 9.87000000e+03 -7.65077675e-06 5.55614042e-06 9.45542602e-06
98800 9.88000000e+03 -7.65075401e-06 5.55610131e-06 9.45538465e-06
98900 9.89000000e+03 -7.65077675e-06 5.55614042e-06 9.45542602e-06
99000 9.90000000e+03 -7.65077675e-06 5.55614042e-06 9.45542602e-06
99100 9.91000000e+03 -7.65075401e-06 5.55610131e-06 9.45538465e-06
99200 9.92000000e+03 -7.65077675e-06 5.55614042e-06 9.45542602e-06
99300 9.93000000e+03 -7.65077675e-06 5.55614042e-06 9.45542602e-06
99400 9.94000000e+03 -7.65075401e-06 5.55610131e-06 9.45538465e-06
99500 9.95000000e+03 -7.65077675e-06 5.55614042e-06 9.45542602e-06
99600 9.96000000e+03 -7.65077675e-06 5.55614042e-06 9.45542602e-06
99700 9.97000000e+03 -7.65075401e-06 5.55610131e-06 9.45538465e-06
99800 9.98000000e+03 -7.65077675e-06 5.55614042e-06 9.45542602e-06
99900 9.99000000e+03 -7.65077675e-06 5.55614042e-06 9.45542602e-06
100000 1.00000000e+04 -7.65075401e-06 5.55610131e-06 9.45538465e-06
