# step  t  vx_mean  vy_mean  vmag_mean
0 0.00000000e+00 2.93577975e-03 -2.40572449e-03 3.79556492e-03
100 1.00000000e+01 2.84306286e-03 -2.34929984e-03 3.68811824e-03
200 2.00000000e+01 2.90814857e-03 -2.56065605e-03 3.87482742e-03
300 3.00000000e+01 2.79381312e-03 -2.29705079e-03 3.61688182e-03
400 4.00000000e+01 2.74604186e-03 -2.11530342e-03 3.46630271e-03
500 5.00000000e+01 2.72056204e-03 -2.35640071e-03 3.59917798e-03
600 6.00000000e+01 2.71730497e-03 -2.08739098e-03 3.42650659e-03
700 7.00000000e+01 2.65448750e-03 -1.90528599e-03 3.26747893e-03
800 8.00000000e+01 2.58414820e-03 -1.67532184e-03 3.07969563e-03
900 9.00000000e+01 2.56160600e-03 -1.55651907e-03 2.99742838e-03
1000 1.00000000e+02 2.51899310e-03 -1.51449803e-03 2.93922278e-03
1100 1.10000000e+02 2.39928043e-03 -1.54123234e-03 2.85165631e-03
1200 1.20000000e+02 2.33972305e-03 -1.43082673e-03 2.74254792e-03
1300 1.30000000e+02 2.38983356e-03 -1.32660521e-03 2.73334701e-03
1400 1.40000000e+02 2.44248938e-03 -1.41227036e-03 2.82139361e-03
1500 1.50000000e+02 2.35795556e-03 -1.48061034e-03 2.78427035e-03
1600 1.60000000e+02 2.44661537e-03 -1.49558973e-03 2.86752775e-03
1700 1.70000000e+02 2.43542646e-03 -1.39835908e-03 2.80832871e-03
1800 1.80000000e+02 2.38870038e-03 -1.31172710e-03 2.72516375e-03
1900 1.90000000e+02 2.40996201e-03 -1.30382285e-03 2.74004943e-03
2000 2.00000000e+02 2.45188340e-03 -1.29299192e-03 2.77192357e-03
2100 2.10000000e+02 2.43313378e-03 -1.23004196e-03 2.72637914e-03
2200 2.20000000e+02 2.51911953e-03 -1.29204197e-03 2.83113681e-03
2300 2.30000000e+02 2.54400307e-03 -1.30700634e-03 2.86010790e-03
2400 2.40000000e+02 2.45208316e-03 -1.14854763e-03 2.70774325e-03
2500 2.50000000e+02 2.40716920e-03 -1.12441729e-03 2.65683605e-03
2600 2.60000000e+02 2.44580372e-03 -1.10553717e-03 2.68405818e-03
2700 2.70000000e+02 2.40617781e-03 -1.11745263e-03 2.65299680e-03
2800 2.80000000e+02 2.32600747e-03 -1.13223353e-03 2.58694096e-03
2900 2.90000000e+02 2.30744504e-03 -1.06533885e-03 2.54150536e-03
3000 3.00000000e+02 2.28381110e-03 -1.15649693e-03 2.55993717e-03
3100 3.10000000e+02 2.09988002e-03 -1.12518377e-03 2.38233805e-03
3200 3.20000000e+02 2.05270248e-03 -9.86407045e-04 2.27740781e-03
3300 3.30000000e+02 2.03429349e-03 -8.88928480e-04 2.22003240e-03
3400 3.40000000e+02 1.92116830e-03 -9.12072312e-04 2.12667899e-03
3500 3.50000000e+02 1.85993256e-03 -7.86117103e-04 2.01923976e-03
3600 3.60000000e+02 2.03545834e-03 -8.28776101e-04 2.19771711e-03
3700 3.70000000e+02 2.03669118e-03 -9.46201209e-04 2.24575325e-03
3800 3.80000000e+02 2.02591904e-03 -1.09631941e-03 2.30353298e-03
3900 3.90000000e+02 2.13125418e-03 -1.21387269e-03 2.45269878e-03
4000 4.00000000e+02 2.23802729e-03 -1.24134100e-03 2.55923692e-03
4100 4.10000000e+02 2.25518621e-03 -1.17031764e-03 2.54076922e-03
4200 4.20000000e+02 2.25784001e-03 -1.10656174e-03 2.51442248e-03
4300 4.30000000e+02 2.33376864e-03 -1.07264018e-03 2.56846901e-03
4400 4.40000000e+02 2.25484744e-03 -1.02270779e-03 2.47593784e-03
4500 4.50000000e+02 2.35337694e-03 -1.15166814e-03 2.62006155e-03
4600 4.60000000e+02 2.35553598e-03 -1.17501267e-03 2.63233823e-03
4700 4.70000000e+02 2.25768168e-03 -1.31293794e-03 2.61169152e-03
4800 4.80000000e+02 2.47836253e-03 -1.61082612e-03 2.95584871e-03
4900 4.90000000e+02 2.45822500e-03 -1.54609641e-03 2.90401175e-03
5000 5.00000000e+02 2.55216286e-03 -1.64782349e-03 3.03790347e-03
5100 5.10000000e+02 2.74300226e-03 -1.77014305e-03 3.26457774e-03
5200 5.20000000e+02 2.87482305e-03 -1.62760844e-03 3.30359150e-03
5300 5.30000000e+02 2.81453668e-03 -1.63224142e-03 3.25358706e-03
5400 5.40000000e+02 2.85755028e-03 -1.62476685e-03 3.28716609e-03
5500 5.50000000e+02 2.74038198e-03 -1.37983018e-03 3.06816309e-03
5600 5.60000000e+02 2.77049514e-03 -1.37083908e-03 3.09109092e-03
5700 5.70000000e+02 2.81407824e-03 -1.22839783e-03 3.07050445e-03
5800 5.80000000e+02 2.93952809e-03 -1.45700737e-03 3.28080719e-03
5900 5.90000000e+02 2.90439324e-03 -1.49025582e-03 3.26440845e-03
6000 6.00000000e+02 2.74439575e-03 -1.56189734e-03 3.15772566e-03
6100 6.10000000e+02 2.69749039e-03 -1.62369397e-03 3.14846574e-03
6200 6.20000000e+02 2.60850973e-03 -1.61453465e-03 3.06774268e-03
6300 6.30000000e+02 2.73554726e-03 -1.45773811e-03 3.09971276e-03
6400 6.40000000e+02 2.73431442e-03 -1.56100164e-03 3.14852370e-03
6500 6.50000000e+02 2.63931532e-03 -1.37426460e-03 2.97566607e-03
6600 6.60000000e+02 2.77430285e-03 -1.29501091e-03 3.06166777e-03
6700 6.70000000e+02 2.67664809e-03 -1.18099188e-03 2.92560879e-03
6800 6.80000000e+02 2.64356961e-03 -1.16244704e-03 2.88786138e-03
6900 6.90000000e+02 2.62192776e-03 -1.02052721e-03 2.81353532e-03
7000 7.00000000e+02 2.58866115e-03 -9.58424702e-04 2.76038847e-03
7100 7.10000000e+02 2.40122387e-03 -8.31998594e-04 2.54127876e-03
7200 7.20000000e+02 2.38234759e-03 -8.92287295e-04 2.54396475e-03
7300 7.30000000e+02 2.49018683e-03 -9.33847507e-04 2.65953034e-03
7400 7.40000000e+02 2.40763579e-03 -9.15902667e-04 2.57596347e-03
7500 7.50000000e+02 2.43668281e-03 -1.00734946e-03 2.63669795e-03
7600 7.60000000e+02 2.44633155e-03 -1.01347128e-03 2.64795432e-03
7700 7.70000000e+02 2.55364249e-03 -1.16516766e-03 2.80690322e-03
7800 7.80000000e+02 2.63509993e-03 -1.31001673e-03 2.94277003e-03
7900 7.90000000e+02 2.51598330e-03 -1.08480977e-03 2.73988763e-03
8000 8.00000000e+02 2.56470032e-03 -9.93617228e-04 2.75044777e-03
8100 8.10000000e+02 2.46177753e-03 -9.75678908e-04 2.64807439e-03
8200 8.20000000e+02 2.40771146e-03 -1.03578903e-03 2.62105578e-03
8300 8.30000000e+02 2.41324631e-03 -8.79693544e-04 2.56858298e-03
8400 8.40000000e+02 2.41134246e-03 -8.21998517e-04 2.54759770e-03
8500 8.50000000e+02 2.68840045e-03 -8.70027347e-04 2.82567595e-03
8600 8.60000000e+02 2.68174498e-03 -1.08610431e-03 2.89333350e-03
8700 8.70000000e+02 2.90314411e-03 -1.36434881e-03 3.20775519e-03
8800 8.80000000e+02 2.97727808e-03 -1.46856834e-03 3.31977074e-03
8900 8.90000000e+02 2.88390275e-03 -1.41754805e-03 3.21346192e-03
9000 9.00000000e+02 2.75527406e-03 -1.22336787e-03 3.01465821e-03
9100 9.10000000e+02 2.84507591e-03 -1.12076849e-03 3.05787164e-03
9200 9.20000000e+02 2.85165641e-03 -1.06224488e-03 3.04307549e-03
9300 9.30000000e+02 2.74503184e-03 -9.92241432e-04 2.91885986e-03
9400 9.40000000e+02 2.78013851e-03 -9.90622095e-04 2.95135601e-03
9500 9.50000000e+02 2.66746059e-03 -1.01211527e-03 2.85302004e-03
9600 9.60000000e+02 2.62847170e-03 -9.07282520e-04 2.78065191e-03
9700 9.70000000e+02 2.57347664e-03 -8.99356673e-04 2.72610059e-03
9800 9.80000000e+02 2.69909878e-03 -1.07570481e-03 2.90555934e-03
9900 9.90000000e+02 2.73016654e-03 -1.15213520e-03 2.96331315e-03
10000 1.00000000e+03 2.85232742e-03 -1.21251901e-03 3.09935059e-03
10100 1.01000000e+03 2.84984661e-03 -1.33114716e-03 3.14540593e-03
10200 1.02000000e+03 2.80753663e-03 -1.46866322e-03 3.16847496e-03
10300 1.03000000e+03 3.02901119e-03 -1.70495128e-03 3.47588372e-03
10400 1.04000000e+03 2.88987276e-03 -1.66527857e-03 3.33534365e-03
10500 1.05000000e+03 2.88835890e-03 -1.63111871e-03 3.31710195e-03
10600 1.06000000e+03 2.86942348e-03 -1.52614701e-03 3.25003320e-03
10700 1.07000000e+03 2.83991080e-03 -1.33410480e-03 3.13766298e-03
10800 1.08000000e+03 2.74656480e-03 -1.28774997e-03 3.03346637e-03
10900 1.09000000e+03 2.73025944e-03 -1.37309637e-03 3.05609395e-03
11000 1.10000000e+03 2.67938245e-03 -1.29568356e-03 2.97622012e-03
11100 1.11000000e+03 2.74909707e-03 -1.23695529e-03 3.01456350e-03
11200 1.12000000e+03 2.83798017e-03 -1.34524435e-03 3.14067091e-03
11300 1.13000000e+03 2.96150520e-03 -1.29097421e-03 3.23065434e-03
11400 1.14000000e+03 3.00768693e-03 -1.32499542e-03 3.28660821e-03
11500 1.15000000e+03 3.02175595e-03 -1.33836141e-03 3.30487826e-03
11600 1.16000000e+03 2.84337834e-03 -1.19748455e-03 3.08525034e-03
11700 1.17000000e+03 2.78452947e-03 -1.16856885e-03 3.01979428e-03
11800 1.18000000e+03 2.69845524e-03 -1.26961200e-03 2.98220980e-03
11900 1.19000000e+03 2.74111517e-03 -1.19265553e-03 2.98933765e-03
12000 1.20000000e+03 2.63457978e-03 -1.06180646e-03 2.84050058e-03
12100 1.21000000e+03 2.60098930e-03 -9.86387488e-04 2.78174507e-03
12200 1.22000000e+03 2.58791726e-03 -1.09526026e-03 2.81014426e-03
12300 1.23000000e+03 2.54696142e-03 -1.12507329e-03 2.78438546e-03
12400 1.24000000e+03 2.47941306e-03 -1.19619886e-03 2.75288591e-03
12500 1.25000000e+03 2.41765473e-03 -9.30564012e-04 2.59056051e-03
12600 1.26000000e+03 2.29493389e-03 -7.56834284e-04 2.41650982e-03
12700 1.27000000e+03 2.20510224e-03 -6.87696564e-04 2.30984901e-03
12800 1.28000000e+03 2.25099223e-03 -9.37444973e-04 2.43839478e-03
12900 1.29000000e+03 2.30424781e-03 -1.02940074e-03 2.52373213e-03
13000 1.30000000e+03 2.25439761e-03 -9.34867887e-04 2.44055046e-03
13100 1.31000000e+03 2.35598558e-03 -1.09222182e-03 2.59684742e-03
13200 1.32000000e+03 2.29573296e-03 -1.16538990e-03 2.57459190e-03
13300 1.33000000e+03 2.18597893e-03 -1.13087392e-03 2.46117445e-03
13400 1.34000000e+03 2.13732431e-03 -1.03468855e-03 2.37460220e-03
13500 1.35000000e+03 2.22005416e-03 -1.17926765e-03 2.51382431e-03
13600 1.36000000e+03 2.31416407e-03 -1.35550741e-03 2.68193134e-03
13700 1.37000000e+03 2.28993804e-03 -1.23687484e-03 2.60262860e-03
13800 1.38000000e+03 2.31064041e-03 -1.52986613e-03 2.77120001e-03
13900 1.39000000e+03 2.48269667e-03 -1.41961104e-03 2.85990879e-03
14000 1.40000000e+03 2.36425549e-03 -1.32756226e-03 2.71148033e-03
14100 1.41000000e+03 2.47649383e-03 -1.33879890e-03 2.81520944e-03
14200 1.42000000e+03 2.50253640e-03 -1.25487254e-03 2.79953452e-03
14300 1.43000000e+03 2.39769951e-03 -1.08513900e-03 2.63182249e-03
14400 1.44000000e+03 2.30614701e-03 -9.33986041e-04 2.48810047e-03
14500 1.45000000e+03 2.44620070e-03 -1.04378595e-03 2.65958398e-03
14600 1.46000000e+03 2.41700606e-03 -1.09327631e-03 2.65276675e-03
14700 1.47000000e+03 2.49584485e-03 -1.09831279e-03 2.72681728e-03
14800 1.48000000e+03 2.49906094e-03 -1.10133272e-03 2.73097772e-03
14900 1.49000000e+03 2.44865008e-03 -1.04548503e-03 2.66250374e-03
15000 1.50000000e+03 2.42095953e-03 -1.20837556e-03 2.70577466e-03
15100 1.51000000e+03 2.50729104e-03 -1.33196544e-03 2.83912667e-03
15200 1.52000000e+03 2.45218258e-03 -1.18846062e-03 2.72500240e-03
15300 1.53000000e+03 2.37762043e-03 -1.29931956e-03 2.70948523e-03
15400 1.54000000e+03 2.45237513e-03 -1.34522177e-03 2.79709946e-03
15500 1.55000000e+03 2.40989123e-03 -1.18688762e-03 2.68631307e-03
15600 1.56000000e+03 2.53817555e-03 -1.11031230e-03 2.77040223e-03
15700 1.57000000e+03 2.42849113e-03 -9.33828647e-04 2.60184648e-03
15800 1.58000000e+03 2.44202930e-03 -1.00019446e-03 2.63891949e-03
15900 1.59000000e+03 2.49064458e-03 -1.10025727e-03 2.72284345e-03
16000 1.60000000e+03 2.56589288e-03 -1.33120606e-03 2.89066011e-03
16100 1.61000000e+03 2.73537170e-03 -1.41451263e-03 3.07946494e-03
16200 1.62000000e+03 2.74474779e-03 -1.36683392e-03 3.06624777e-03
16300 1.63000000e+03 2.87422584e-03 -1.49451615e-03 3.23956058e-03
16400 1.64000000e+03 2.79690651e-03 -1.40505924e-03 3.12999641e-03
16500 1.65000000e+03 2.71217478e-03 -1.24273472e-03 2.98333398e-03
16600 1.66000000e+03 2.77697784e-03 -1.22290244e-03 3.03431974e-03
16700 1.67000000e+03 2.75828782e-03 -1.20988744e-03 3.01197267e-03
16800 1.68000000e+03 2.71337666e-03 -1.12031843e-03 2.93556234e-03
16900 1.69000000e+03 2.61381082e-03 -1.22027192e-03 2.88462659e-03
17000 1.70000000e+03 2.61437148e-03 -1.22353307e-03 2.88651544e-03
17100 1.71000000e+03 2.61748070e-03 -1.15643314e-03 2.86156300e-03
17200 1.72000000e+03 2.48565152e-03 -1.23598892e-03 2.77599209e-03
17300 1.73000000e+03 2.41548335e-03 -1.29422511e-03 2.74036101e-03
17400 1.74000000e+03 2.43758573e-03 -1.27420470e-03 2.75053119e-03
17500 1.75000000e+03 2.44167238e-03 -1.21888448e-03 2.72900044e-03
17600 1.76000000e+03 2.38882401e-03 -1.24115299e-03 2.69201428e-03
17700 1.77000000e+03 2.47787754e-03 -1.19673333e-03 2.75173541e-03
17800 1.78000000e+03 2.51669157e-03 -1.15759694e-03 2.77015652e-03
17900 1.79000000e+03 2.67795101e-03 -1.18864037e-03 2.92989548e-03
18000 1.80000000e+03 2.68278178e-03 -1.26651709e-03 2.96671259e-03
18100 1.81000000e+03 2.73475563e-03 -1.48177566e-03 3.11039346e-03
18200 1.82000000e+03 2.90330290e-03 -1.53544545e-03 3.28432039e-03
18300 1.83000000e+03 2.96282000e-03 -1.42066122e-03 3.28581507e-03
18400 1.84000000e+03 2.99178110e-03 -1.44253974e-03 3.32139655e-03
18500 1.85000000e+03 2.89069256e-03 -1.25436555e-03 3.15111669e-03
18600 1.86000000e+03 3.01362225e-03 -1.44803978e-03 3.34346202e-03
18700 1.87000000e+03 2.92309560e-03 -1.56149687e-03 3.31402480e-03
18800 1.88000000e+03 2.87403283e-03 -1.63259078e-03 3.30536191e-03
18900 1.89000000e+03 2.82794097e-03 -1.62295939e-03 3.26055936e-03
19000 1.90000000e+03 2.76941108e-03 -1.48350303e-03 3.14172229e-03
19100 1.91000000e+03 2.72889598e-03 -1.42782275e-03 3.07986219e-03
19200 1.92000000e+03 2.68276292e-03 -1.50729192e-03 3.07719772e-03
19300 1.93000000e+03 2.66870344e-03 -1.53028464e-03 3.07632072e-03
19400 1.94000000e+03 2.58948398e-03 -1.40170311e-03 2.94452014e-03
19500 1.95000000e+03 2.51181540e-03 -1.29131950e-03 2.82430923e-03
19600 1.96000000e+03 2.68798228e-03 -1.54497242e-03 3.10035297e-03
19700 1.97000000e+03 2.66223471e-03 -1.40857906e-03 3.01190780e-03
19800 1.98000000e+03 2.60717236e-03 -1.49930699e-03 3.00753539e-03
19900 1.99000000e+03 2.61883647e-03 -1.65283156e-03 3.09679780e-03
20000 2.00000000e+03 2.53717043e-03 -1.47440669e-03 2.93446909e-03
20100 2.01000000e+03 2.56402488e-03 -1.56995107e-03 3.00648797e-03
20200 2.02000000e+03 2.48352787e-03 -1.49378309e-03 2.89815435e-03
20300 2.03000000e+03 2.58626882e-03 -1.68268848e-03 3.08548650e-03
20400 2.04000000e+03 2.52165017e-03 -1.51325448e-03 2.94086019e-03
20500 2.05000000e+03 2.52005388e-03 -1.65014621e-03 3.01225067e-03
20600 2.06000000e+03 2.46647303e-03 -1.54150219e-03 2.90855947e-03
20700 2.07000000e+03 2.56059156e-03 -1.66087551e-03 3.05207087e-03
20800 2.08000000e+03 2.62488984e-03 -1.80789572e-03 3.18724546e-03
20900 2.09000000e+03 2.50095781e-03 -1.62653043e-03 2.98335234e-03
21000 2.10000000e+03 2.43377453e-03 -1.52895565e-03 2.87418925e-03
21100 2.11000000e+03 2.45360401e-03 -1.76106999e-03 3.02018876e-03
21200 2.12000000e+03 2.59794062e-03 -1.89324305e-03 3.21460180e-03
21300 2.13000000e+03 2.57320120e-03 -1.83931750e-03 3.16298171e-03
21400 2.14000000e+03 2.55008182e-03 -1.72370567e-03 3.07799911e-03
21500 2.15000000e+03 2.46941065e-03 -1.50822417e-03 2.89356685e-03
21600 2.16000000e+03 2.47353455e-03 -1.72429346e-03 3.01522157e-03
21700 2.17000000e+03 2.64095655e-03 -1.83503400e-03 3.21589820e-03
21800 2.18000000e+03 2.54502660e-03 -1.69293513e-03 3.05666317e-03
21900 2.19000000e+03 2.63508805e-03 -1.69427553e-03 3.13277171e-03
22000 2.20000000e+03 2.65832758e-03 -1.64947077e-03 3.12849154e-03
22100 2.21000000e+03 2.56401580e-03 -1.44659844e-03 2.94394702e-03
22200 2.22000000e+03 2.54043145e-03 -1.42980856e-03 2.91515771e-03
22300 2.23000000e+03 2.54367152e-03 -1.36838795e-03 2.88838197e-03
22400 2.24000000e+03 2.70559685e-03 -1.36789680e-03 3.03173151e-03
22500 2.25000000e+03 2.71160086e-03 -1.34880701e-03 3.02854083e-03
22600 2.26000000e+03 2.73336656e-03 -1.27059710e-03 3.01425111e-03
22700 2.27000000e+03 2.70938664e-03 -1.38306199e-03 3.04197903e-03
22800 2.28000000e+03 2.95187812e-03 -1.45397987e-03 3.29053824e-03
22900 2.29000000e+03 2.92222737e-03 -1.50538457e-03 3.28718657e-03
23000 2.30000000e+03 3.01143713e-03 -1.63251162e-03 3.42547045e-03
23100 2.31000000e+03 2.96815298e-03 -1.58498320e-03 3.36483341e-03
23200 2.32000000e+03 3.00316280e-03 -1.74747431e-03 3.47457238e-03
23300 2.33000000e+03 2.89583788e-03 -1.53910043e-03 3.27943702e-03
23400 2.34000000e+03 2.78732087e-03 -1.33047975e-03 3.08858123e-03
23500 2.35000000e+03 2.84230476e-03 -1.41766621e-03 3.17623580e-03
23600 2.36000000e+03 2.92567397e-03 -1.41317048e-03 3.24909510e-03
23700 2.37000000e+03 2.86293146e-03 -1.58506143e-03 3.27242972e-03
23800 2.38000000e+03 2.83291610e-03 -1.55956740e-03 3.23383118e-03
23900 2.39000000e+03 2.90448149e-03 -1.56983163e-03 3.30157297e-03
24000 2.40000000e+03 2.98563763e-03 -1.41688483e-03 3.30478361e-03
24100 2.41000000e+03 2.82326178e-03 -1.17935729e-03 3.05968800e-03
24200 2.42000000e+03 2.79009971e-03 -1.10175926e-03 2.99975497e-03
24300 2.43000000e+03 2.55251443e-03 -1.01487245e-03 2.74687022e-03
24400 2.44000000e+03 2.52207345e-03 -8.71574972e-04 2.66842602e-03
24500 2.45000000e+03 2.62819417e-03 -1.11993030e-03 2.85685989e-03
24600 2.46000000e+03 2.59198132e-03 -1.04702171e-03 2.79546447e-03
24700 2.47000000e+03 2.52875127e-03 -8.80868873e-04 2.67778135e-03
24800 2.48000000e+03 2.56315223e-03 -8.73599784e-04 2.70793758e-03
24900 2.49000000e+03 2.52330862e-03 -7.81563751e-04 2.64157686e-03
25000 2.50000000e+03 2.55909795e-03 -8.14595551e-04 2.68561878e-03
25100 2.51000000e+03 2.48228665e-03 -1.15134101e-03 2.73629917e-03
25200 2.52000000e+03 2.51386221e-03 -1.25184667e-03 2.80831325e-03
25300 2.53000000e+03 2.53326283e-03 -1.10700110e-03 2.76457447e-03
25400 2.54000000e+03 2.42814980e-03 -9.80126206e-04 2.61850317e-03
25500 2.55000000e+03 2.46902416e-03 -9.57029522e-04 2.64801544e-03
25600 2.56000000e+03 2.51248595e-03 -9.31387476e-04 2.67956495e-03
25700 2.57000000e+03 2.49614427e-03 -8.26310890e-04 2.62935846e-03
25800 2.58000000e+03 2.34975712e-03 -9.03201173e-04 2.51736587e-03
25900 2.59000000e+03 2.25279597e-03 -7.69556151e-04 2.38061050e-03
26000 2.60000000e+03 2.07937462e-03 -7.33611232e-04 2.20499076e-03
26100 2.61000000e+03 2.02126498e-03 -7.34599773e-04 2.15061595e-03
26200 2.62000000e+03 1.98278157e-03 -8.11133068e-04 2.14227907e-03
26300 2.63000000e+03 2.17268430e-03 -7.49895873e-04 2.29845619e-03
26400 2.64000000e+03 2.11272971e-03 -7.47189624e-04 2.24096389e-03
26500 2.65000000e+03 2.09849374e-03 -5.88572992e-04 2.17947107e-03
26600 2.66000000e+03 1.99574768e-03 -5.42038586e-04 2.06804609e-03
26700 2.67000000e+03 1.88808411e-03 -5.10779617e-04 1.95595435e-03
26800 2.68000000e+03 2.14435207e-03 -5.64909889e-04 2.21751414e-03
26900 2.69000000e+03 2.25869846e-03 -7.66147627e-04 2.38509977e-03
27000 2.70000000e+03 2.30192463e-03 -8.21809750e-04 2.44422345e-03
27100 2.71000000e+03 2.45539611e-03 -9.62362858e-04 2.63725470e-03
27200 2.72000000e+03 2.43209372e-03 -1.00612338e-03 2.63198863e-03
27300 2.73000000e+03 2.42182869e-03 -1.05461094e-03 2.64148792e-03
27400 2.74000000e+03 2.41681770e-03 -1.20668672e-03 2.70131462e-03
27500 2.75000000e+03 2.36619799e-03 -1.01818971e-03 2.57596647e-03
27600 2.76000000e+03 2.38041417e-03 -9.36125929e-04 2.55787087e-03
27700 2.77000000e+03 2.38135015e-03 -1.03748718e-03 2.59753887e-03
27800 2.78000000e+03 2.42067664e-03 -1.00918242e-03 2.62261788e-03
27900 2.79000000e+03 2.55622389e-03 -1.27393380e-03 2.85607911e-03
28000 2.80000000e+03 2.55867513e-03 -1.29520416e-03 2.86781663e-03
28100 2.81000000e+03 2.50591920e-03 -1.17551500e-03 2.76793543e-03
28200 2.82000000e+03 2.40357104e-03 -1.16856117e-03 2.67258095e-03
28300 2.83000000e+03 2.34634965e-03 -1.10550527e-03 2.59374220e-03
28400 2.84000000e+03 2.30639381e-03 -9.99968732e-04 2.51383967e-03
28500 2.85000000e+03 2.37413472e-03 -1.10089418e-03 2.61696077e-03
28600 2.86000000e+03 2.37523718e-03 -1.05201150e-03 2.59778364e-03
28700 2.87000000e+03 2.26500584e-03 -9.66522377e-04 2.46260369e-03
28800 2.88000000e+03 2.56764004e-03 -1.06784340e-03 2.78083889e-03
28900 2.89000000e+03 2.54222844e-03 -8.88525741e-04 2.69302867e-03
29000 2.90000000e+03 2.42405524e-03 -8.85683461e-04 2.58079039e-03
29100 2.91000000e+03 2.52705393e-03 -8.88638548e-04 2.67874598e-03
29200 2.92000000e+03 2.61243014e-03 -1.10814755e-03 2.83774245e-03
29300 2.93000000e+03 2.77101225e-03 -1.20098051e-03 3.02007667e-03
29400 2.94000000e+03 2.70933146e-03 -1.18295837e-03 2.95632668e-03
29500 2.95000000e+03 2.80177896e-03 -1.25859887e-03 3.07148766e-03
29600 2.96000000e+03 2.66253809e-03 -1.35108631e-03 2.98572324e-03
29700 2.97000000e+03 2.78572598e-03 -1.43546250e-03 3.13381905e-03
29800 2.98000000e+03 2.66185217e-03 -1.22304901e-03 2.92938660e-03
29900 2.99000000e+03 2.51945085e-03 -1.21911801e-03 2.79890716e-03
30000 3.00000000e+03 2.49296101e-03 -1.15530472e-03 2.74765056e-03
30100 3.01000000e+03 2.46955222e-03 -1.11753994e-03 2.71064267e-03
30200 3.02000000e+03 2.38532363e-03 -9.47971828e-04 2.56679166e-03
30300 3.03000000e+03 2.49506743e-03 -1.24858599e-03 2.79004094e-03
30400 3.04000000e+03 2.63703312e-03 -1.49037316e-03 3.02905197e-03
30500 3.05000000e+03 2.56155012e-03 -1.36439176e-03 2.90225842e-03
30600 3.06000000e+03 2.52991589e-03 -1.34217262e-03 2.86389625e-03
30700 3.07000000e+03 2.39168480e-03 -1.32363220e-03 2.73352490e-03
30800 3.08000000e+03 2.36402731e-03 -1.29078806e-03 2.69346597e-03
30900 3.09000000e+03 2.45561870e-03 -1.20981690e-03 2.73746600e-03
31000 3.10000000e+03 2.42170133e-03 -1.18925818e-03 2.69795707e-03
31100 3.11000000e+03 2.40173237e-03 -1.21797214e-03 2.69291190e-03
31200 3.12000000e+03 2.57328083e-03 -1.49245816e-03 2.97476143e-03
31300 3.13000000e+03 2.72450922e-03 -1.72131788e-03 3.22271403e-03
31400 3.14000000e+03 2.66508898e-03 -1.58321450e-03 3.09988184e-03
31500 3.15000000e+03 2.78047007e-03 -1.52115233e-03 3.16937189e-03
31600 3.16000000e+03 2.75071524e-03 -1.44301006e-03 3.10623765e-03
31700 3.17000000e+03 2.77281972e-03 -1.37102313e-03 3.09325615e-03
31800 3.18000000e+03 2.78900121e-03 -1.50782522e-03 3.17049912e-03
31900 3.19000000e+03 2.78103724e-03 -1.41371519e-03 3.11973697e-03
32000 3.20000000e+03 2.76826159e-03 -1.37114641e-03 3.08922559e-03
32100 3.21000000e+03 2.76118633e-03 -1.39732403e-03 3.09461862e-03
32200 3.22000000e+03 2.73958617e-03 -1.33559923e-03 3.04781195e-03
32300 3.23000000e+03 2.64566904e-03 -1.28040346e-03 2.93921719e-03
32400 3.24000000e+03 2.51858309e-03 -1.26964087e-03 2.82050504e-03
32500 3.25000000e+03 2.55848048e-03 -1.42087066e-03 2.92655015e-03
32600 3.26000000e+03 2.42518308e-03 -1.39476522e-03 2.79765669e-03
32700 3.27000000e+03 2.49627861e-03 -1.29313429e-03 2.81133477e-03
32800 3.28000000e+03 2.41255830e-03 -1.20278040e-03 2.69575931e-03
32900 3.29000000e+03 2.52724695e-03 -1.39928039e-03 2.88876492e-03
33000 3.30000000e+03 2.52892333e-03 -1.36374054e-03 2.87319360e-03
33100 3.31000000e+03 2.54940777e-03 -1.32700801e-03 2.87409642e-03
33200 3.32000000e+03 2.54256371e-03 -1.42191490e-03 2.91315503e-03
33300 3.33000000e+03 2.63192668e-03 -1.30759063e-03 2.93884863e-03
33400 3.34000000e+03 2.65256222e-03 -1.21986470e-03 2.91961577e-03
33500 3.35000000e+03 2.61723227e-03 -1.09645317e-03 2.83762476e-03
33600 3.36000000e+03 2.66833231e-03 -1.29854539e-03 2.96752716e-03
33700 3.37000000e+03 2.70061311e-03 -1.26740104e-03 2.98322251e-03
33800 3.38000000e+03 2.94849998e-03 -1.27810123e-03 3.21359533e-03
33900 3.39000000e+03 2.91898823e-03 -1.34853658e-03 3.21543826e-03
34000 3.40000000e+03 2.86114472e-03 -1.34108309e-03 3.15985015e-03
34100 3.41000000e+03 2.81831808e-03 -1.31360895e-03 3.10941881e-03
34200 3.42000000e+03 2.79048551e-03 -1.59075903e-03 3.21205910e-03
34300 3.43000000e+03 2.73412466e-03 -1.43182999e-03 3.08635299e-03
34400 3.44000000e+03 2.82259053e-03 -1.63357903e-03 3.26122641e-03
34500 3.45000000e+03 2.73034512e-03 -1.91961043e-03 3.33761721e-03
34600 3.46000000e+03 2.61111418e-03 -1.93808961e-03 3.25178545e-03
34700 3.47000000e+03 2.60234624e-03 -1.78306375e-03 3.15460335e-03
34800 3.48000000e+03 2.60614790e-03 -1.73701625e-03 3.13196940e-03
34900 3.49000000e+03 2.58895685e-03 -1.64235127e-03 3.06594443e-03
35000 3.50000000e+03 2.53164559e-03 -1.47938193e-03 2.93220058e-03
35100 3.51000000e+03 2.59187771e-03 -1.48814893e-03 2.98871499e-03
35200 3.52000000e+03 2.53240182e-03 -1.39767001e-03 2.89249727e-03
35300 3.53000000e+03 2.65856204e-03 -1.24323647e-03 2.93489166e-03
35400 3.54000000e+03 2.75718933e-03 -1.42847968e-03 3.10526121e-03
35500 3.55000000e+03 2.70850444e-03 -1.31190952e-03 3.00950210e-03
35600 3.56000000e+03 2.66901357e-03 -1.26945903e-03 2.95553035e-03
35700 3.57000000e+03 2.84101581e-03 -1.21663103e-03 3.09056013e-03
35800 3.58000000e+03 2.77347025e-03 -1.24844303e-03 3.04150410e-03
35900 3.59000000e+03 2.81710783e-03 -1.21681625e-03 3.06867045e-03
36000 3.60000000e+03 3.06486525e-03 -1.52446935e-03 3.42306964e-03
36100 3.61000000e+03 2.97160214e-03 -1.48683088e-03 3.32281286e-03
36200 3.62000000e+03 2.77207047e-03 -1.38995855e-03 3.10102555e-03
36300 3.63000000e+03 2.72218976e-03 -1.44974457e-03 3.08416543e-03
36400 3.64000000e+03 2.60977237e-03 -1.19939586e-03 2.87218772e-03
36500 3.65000000e+03 2.51552928e-03 -1.50724046e-03 2.93251793e-03
36600 3.66000000e+03 2.51226104e-03 -1.33065204e-03 2.84290175e-03
36700 3.67000000e+03 2.51650857e-03 -1.28716894e-03 2.82659145e-03
36800 3.68000000e+03 2.43474077e-03 -1.16358977e-03 2.69850028e-03
36900 3.69000000e+03 2.65384209e-03 -1.50052679e-03 3.04868144e-03
37000 3.70000000e+03 2.57482938e-03 -1.40621397e-03 2.93380028e-03
37100 3.71000000e+03 2.48886691e-03 -1.47171540e-03 2.89143645e-03
37200 3.72000000e+03 2.37941276e-03 -1.29506376e-03 2.70902109e-03
37300 3.73000000e+03 2.33452767e-03 -1.14463631e-03 2.60004072e-03
37400 3.74000000e+03 2.35026679e-03 -1.19866128e-03 2.63828407e-03
37500 3.75000000e+03 2.37045041e-03 -1.23532221e-03 2.67302378e-03
37600 3.76000000e+03 2.26159580e-03 -1.44211785e-03 2.68226014e-03
37700 3.77000000e+03 2.34001107e-03 -1.44572882e-03 2.75059695e-03
37800 3.78000000e+03 2.32723774e-03 -1.38182344e-03 2.70656083e-03
37900 3.79000000e+03 2.32050242e-03 -1.31097366e-03 2.66521733e-03
38000 3.80000000e+03 2.36346060e-03 -1.43102522e-03 2.76292946e-03
38100 3.81000000e+03 2.32675322e-03 -1.37138809e-03 2.70083059e-03
38200 3.82000000e+03 2.28516082e-03 -1.31813088e-03 2.63807297e-03
38300 3.83000000e+03 2.31520459e-03 -1.49025908e-03 2.75336965e-03
38400 3.84000000e+03 2.29071430e-03 -1.50176382e-03 2.73909959e-03
38500 3.85000000e+03 2.27574049e-03 -1.44536269e-03 2.69593548e-03
38600 3.86000000e+03 2.27075233e-03 -1.27849146e-03 2.60592720e-03
38700 3.87000000e+03 2.18180590e-03 -1.08042359e-03 2.43466469e-03
38800 3.88000000e+03 2.19343975e-03 -1.02524948e-03 2.42122168e-03
38900 3.89000000e+03 2.12377729e-03 -1.09594769e-03 2.38988103e-03
39000 3.90000000e+03 2.22225324e-03 -1.15067791e-03 2.50249258e-03
39100 3.91000000e+03 2.34022248e-03 -1.14702433e-03 2.60620530e-03
39200 3.92000000e+03 2.21996056e-03 -9.53483337e-04 2.41606195e-03
39300 3.93000000e+03 2.19549634e-03 -1.00226142e-03 2.41344819e-03
39400 3.94000000e+03 2.13296642e-03 -8.93376418e-04 2.31250236e-03
39500 3.95000000e+03 2.18015164e-03 -1.04837236e-03 2.41912087e-03
39600 3.96000000e+03 2.24681152e-03 -1.06818439e-03 2.48780624e-03
39700 3.97000000e+03 2.25845585e-03 -1.17103173e-03 2.54400042e-03
39800 3.98000000e+03 2.31769285e-03 -1.06993108e-03 2.55273435e-03
39900 3.99000000e+03 2.12727860e-03 -1.01770717e-03 2.35818619e-03
40000 4.00000000e+03 2.20376230e-03 -1.08608126e-03 2.45685587e-03
40100 4.01000000e+03 2.14891229e-03 -9.93320486e-04 2.36738455e-03
40200 4.02000000e+03 2.10716622e-03 -9.93179623e-04 2.32949678e-03
40300 4.03000000e+03 2.15473189e-03 -1.14389358e-03 2.43954136e-03
40400 4.04000000e+03 2.07474735e-03 -1.15226209e-03 2.37324345e-03
40500 4.05000000e+03 2.05837702e-03 -1.08782866e-03 2.32815102e-03
40600 4.06000000e+03 2.09544646e-03 -1.06091483e-03 2.34870946e-03
40700 4.07000000e+03 2.00380455e-03 -8.95151345e-04 2.19465911e-03
40800 4.08000000e+03 2.03714543e-03 -9.35020274e-04 2.24147818e-03
40900 4.09000000e+03 2.11270154e-03 -1.06470031e-03 2.36581794e-03
41000 4.10000000e+03 2.04937742e-03 -9.98807838e-04 2.27981686e-03
41100 4.11000000e+03 1.99951860e-03 -9.01348132e-04 2.19328591e-03
41200 4.12000000e+03 1.93712628e-03 -9.25857632e-04 2.14701434e-03
41300 4.13000000e+03 2.05667550e-03 -1.22300372e-03 2.39283351e-03
41400 4.14000000e+03 2.05699424e-03 -1.23159518e-03 2.39750954e-03
41500 4.15000000e+03 2.20990484e-03 -1.28463423e-03 2.55616206e-03
41600 4.16000000e+03 2.35634879e-03 -1.25067402e-03 2.66768910e-03
41700 4.17000000e+03 2.37687794e-03 -1.25163584e-03 2.68628759e-03
41800 4.18000000e+03 2.51685968e-03 -1.36056484e-03 2.86106961e-03
41900 4.19000000e+03 2.51925597e-03 -1.44363777e-03 2.90357377e-03
42000 4.20000000e+03 2.58464483e-03 -1.42301712e-03 2.95048583e-03
42100 4.21000000e+03 2.55938154e-03 -1.30575732e-03 2.87322746e-03
42200 4.22000000e+03 2.68762582e-03 -1.37485971e-03 3.01886929e-03
42300 4.23000000e+03 2.64296378e-03 -1.34142698e-03 2.96389674e-03
42400 4.24000000e+03 2.64753448e-03 -1.37735927e-03 2.98438559e-03
42500 4.25000000e+03 2.67070369e-03 -1.27889274e-03 2.96111885e-03
42600 4.26000000e+03 2.57845735e-03 -1.10638549e-03 2.80580312e-03
42700 4.27000000e+03 2.48738704e-03 -9.48728819e-04 2.66217593e-03
42800 4.28000000e+03 2.52911518e-03 -9.15889337e-04 2.68984700e-03
42900 4.29000000e+03 2.50692759e-03 -8.50270269e-04 2.64719577e-03
43000 4.30000000e+03 2.50915391e-03 -7.66632205e-04 2.62365743e-03
43100 4.31000000e+03 2.60007684e-03 -8.91099568e-04 2.74853743e-03
43200 4.32000000e+03 2.47050240e-03 -1.06766110e-03 2.69133467e-03
43300 4.33000000e+03 2.54432019e-03 -1.11270451e-03 2.77699056e-03
43400 4.34000000e+03 2.65580742e-03 -1.23095105e-03 2.92720917e-03
43500 4.35000000e+03 2.74776667e-03 -1.16786500e-03 2.98565409e-03
43600 4.36000000e+03 2.62960861e-03 -1.25079299e-03 2.91192798e-03
43700 4.37000000e+03 2.66991952e-03 -1.08763902e-03 2.88295488e-03
43800 4.38000000e+03 2.55274796e-03 -1.22412702e-03 2.83107914e-03
43900 4.39000000e+03 2.65781558e-03 -1.14967325e-03 2.89581288e-03
44000 4.40000000e+03 2.87046540e-03 -1.13770016e-03 3.08770680e-03
44100 4.41000000e+03 2.81737442e-03 -1.11827278e-03 3.03119327e-03
44200 4.42000000e+03 2.65775411e-03 -1.03944936e-03 2.85378904e-03
44300 4.43000000e+03 2.55587255e-03 -8.82247346e-04 2.70385740e-03
44400 4.44000000e+03 2.48225871e-03 -1.01912580e-03 2.68332364e-03
44500 4.45000000e+03 2.40938365e-03 -9.86712985e-04 2.60359984e-03
44600 4.46000000e+03 2.39931489e-03 -1.03005976e-03 2.61107929e-03
44700 4.47000000e+03 2.43316893e-03 -1.19546417e-03 2.71098610e-03
44800 4.48000000e+03 2.43027974e-03 -1.01453450e-03 2.63354132e-03
44900 4.49000000e+03 2.46492005e-03 -1.09115010e-03 2.69563339e-03
45000 4.50000000e+03 2.36314093e-03 -1.12200773e-03 2.61597714e-03
45100 4.51000000e+03 2.41375808e-03 -1.19689479e-03 2.69421328e-03
45200 4.52000000e+03 2.41780840e-03 -1.19535497e-03 2.69715979e-03
45300 4.53000000e+03 2.43966281e-03 -1.13546103e-03 2.69095269e-03
45400 4.54000000e+03 2.46304250e-03 -1.08401070e-03 2.69103281e-03
45500 4.55000000e+03 2.64654495e-03 -1.11880340e-03 2.87331189e-03
45600 4.56000000e+03 2.59239320e-03 -1.11855031e-03 2.82341235e-03
45700 4.57000000e+03 2.83609098e-03 -1.25505147e-03 3.10138134e-03
45800 4.58000000e+03 2.71161995e-03 -1.07358419e-03 2.91641317e-03
45900 4.59000000e+03 2.77746096e-03 -1.18481065e-03 3.01961350e-03
46000 4.60000000e+03 2.71761278e-03 -1.33852917e-03 3.02936950e-03
46100 4.61000000e+03 2.74886121e-03 -1.29721523e-03 3.03957321e-03
46200 4.62000000e+03 2.64591933e-03 -1.33352866e-03 2.96296942e-03
46300 4.63000000e+03 2.56357808e-03 -1.22722075e-03 2.84218285e-03
46400 4.64000000e+03 2.65593617e-03 -1.18777878e-03 2.90943558e-03
46500 4.65000000e+03 2.71449797e-03 -1.27081934e-03 2.99724557e-03
46600 4.66000000e+03 2.59374734e-03 -1.42369326e-03 2.95878823e-03
46700 4.67000000e+03 2.61890306e-03 -1.46301975e-03 2.99984667e-03
46800 4.68000000e+03 2.63167615e-03 -1.41241716e-03 2.98674431e-03
46900 4.69000000e+03 2.57905712e-03 -1.44923048e-03 2.95834491e-03
47000 4.70000000e+03 2.51919357e-03 -1.33253552e-03 2.84991003e-03
47100 4.71000000e+03 2.58866232e-03 -1.42262259e-03 2.95381578e-03
47200 4.72000000e+03 2.54833861e-03 -1.28301641e-03 2.85309670e-03
47300 4.73000000e+03 2.50882655e-03 -1.18621194e-03 2.77512332e-03
47400 4.74000000e+03 2.62725865e-03 -1.16499455e-03 2.87396944e-03
47500 4.75000000e+03 2.67392327e-03 -1.09981187e-03 2.89127166e-03
47600 4.76000000e+03 2.57767993e-03 -1.00451417e-03 2.76649282e-03
47700 4.77000000e+03 2.46020872e-03 -8.27543670e-04 2.59566089e-03
47800 4.78000000e+03 2.53207283e-03 -8.74824938e-04 2.67893850e-03
47900 4.79000000e+03 2.56823166e-03 -8.97665857e-04 2.72059145e-03
48000 4.80000000e+03 2.65165954e-03 -1.23812724e-03 2.92647525e-03
48100 4.81000000e+03 2.93396367e-03 -1.35978078e-03 3.23375116e-03
48200 4.82000000e+03 2.82122823e-03 -1.43650093e-03 3.16589066e-03
48300 4.83000000e+03 2.87233712e-03 -1.44384801e-03 3.21481222e-03
48400 4.84000000e+03 2.92757875e-03 -1.33860542e-03 3.21909643e-03
48500 4.85000000e+03 2.85407575e-03 -1.36486231e-03 3.16363675e-03
48600 4.86000000e+03 2.67372513e-03 -1.39278348e-03 3.01473911e-03
48700 4.87000000e+03 2.63730530e-03 -1.33812765e-03 2.95735775e-03
48800 4.88000000e+03 2.75136763e-03 -1.53908553e-03 3.15258753e-03
48900 4.89000000e+03 2.71155476e-03 -1.59079023e-03 3.14374661e-03
49000 4.90000000e+03 2.73538311e-03 -1.54476066e-03 3.14143379e-03
49100 4.91000000e+03 2.64816079e-03 -1.33517315e-03 2.96571120e-03
49200 4.92000000e+03 2.65269913e-03 -1.43948290e-03 3.01809935e-03
49300 4.93000000e+03 2.69210478e-03 -1.34650723e-03 3.01006808e-03
49400 4.94000000e+03 2.70170532e-03 -1.26357481e-03 2.98258830e-03
49500 4.95000000e+03 2.64687557e-03 -1.14690955e-03 2.88467533e-03
49600 4.96000000e+03 2.70034955e-03 -1.33303320e-03 3.01145566e-03
49700 4.97000000e+03 2.76382174e-03 -1.35668111e-03 3.07884626e-03
49800 4.98000000e+03 3.01679503e-03 -1.47474930e-03 3.35796631e-03
49900 4.99000000e+03 2.89149303e-03 -1.48396695e-03 3.25005997e-03
50000 5.00000000e+03 3.03721568e-03 -1.38805923e-03 3.33936933e-03
50100 5.01000000e+03 3.01064621e-03 -1.42153725e-03 3.32937813e-03
50200 5.02000000e+03 2.90899817e-03 -1.45898841e-03 3.25436899e-03
50300 5.03000000e+03 2.86610797e-03 -1.43369590e-03 3.20469325e-03
50400 5.04000000e+03 2.84873834e-03 -1.41872221e-03 3.18246490e-03
50500 5.05000000e+03 2.76050554e-03 -1.47124636e-03 3.12809154e-03
50600 5.06000000e+03 2.78896187e-03 -1.39627862e-03 3.11895852e-03
50700 5.07000000e+03 2.66084634e-03 -1.54195528e-03 3.07534215e-03
50800 5.08000000e+03 2.67020334e-03 -1.41387794e-03 3.02142957e-03
50900 5.09000000e+03 2.57319515e-03 -1.28817069e-03 2.87762350e-03
51000 5.10000000e+03 2.47565657e-03 -1.10023876e-03 2.70913285e-03
51100 5.11000000e+03 2.49756267e-03 -1.17103884e-03 2.75846901e-03
51200 5.12000000e+03 2.36804388e-03 -1.05171511e-03 2.59108789e-03
51300 5.13000000e+03 2.28375010e-03 -9.68074775e-04 2.48046030e-03
51400 5.14000000e+03 2.40464136e-03 -1.17926684e-03 2.67824016e-03
51500 5.15000000e+03 2.30453513e-03 -1.20211556e-03 2.59922372e-03
51600 5.16000000e+03 2.21952633e-03 -1.19873649e-03 2.52255154e-03
51700 5.17000000e+03 2.22136453e-03 -1.27371307e-03 2.56062597e-03
51800 5.18000000e+03 2.24209973e-03 -1.45931798e-03 2.67518600e-03
51900 5.19000000e+03 2.15739547e-03 -1.25892647e-03 2.49784929e-03
52000 5.20000000e+03 2.07986031e-03 -1.24462985e-03 2.42382391e-03
52100 5.21000000e+03 2.05332227e-03 -1.15933910e-03 2.35800752e-03
52200 5.22000000e+03 2.07217853e-03 -1.14195177e-03 2.36600458e-03
52300 5.23000000e+03 2.34181201e-03 -1.39512878e-03 2.72588845e-03
52400 5.24000000e+03 2.28746305e-03 -1.44783279e-03 2.70715848e-03
52500 5.25000000e+03 2.33593676e-03 -1.44027965e-03 2.74426785e-03
52600 5.26000000e+03 2.46873708e-03 -1.52275455e-03 2.90059376e-03
52700 5.27000000e+03 2.41050404e-03 -1.47606374e-03 2.82653390e-03
52800 5.28000000e+03 2.36861757e-03 -1.43823668e-03 2.77107812e-03
52900 5.29000000e+03 2.27458193e-03 -1.34054036e-03 2.64022185e-03
53000 5.30000000e+03 2.20594229e-03 -1.23287097e-03 2.52708374e-03
53100 5.31000000e+03 2.15854496e-03 -1.19934441e-03 2.46936092e-03
53200 5.32000000e+03 2.14277231e-03 -1.14906637e-03 2.43142483e-03
53300 5.33000000e+03 2.11211341e-03 -1.04291388e-03 2.35556626e-03
53400 5.34000000e+03 2.10752618e-03 -1.12493860e-03 2.38896493e-03
53500 5.35000000e+03 2.03412422e-03 -9.58848454e-04 2.24878894e-03
53600 5.36000000e+03 2.00406322e-03 -1.11304177e-03 2.29240733e-03
53700 5.37000000e+03 2.05650623e-03 -1.07866852e-03 2.32222816e-03
53800 5.38000000e+03 2.09620968e-03 -1.22030417e-03 2.42553855e-03
53900 5.39000000e+03 2.10715225e-03 -1.14508159e-03 2.39818733e-03
54000 5.40000000e+03 2.04640906e-03 -1.06206129e-03 2.30559412e-03
54100 5.41000000e+03 2.09224666e-03 -1.02453784e-03 2.32962956e-03
54200 5.42000000e+03 1.99320517e-03 -8.66521499e-04 2.17341352e-03
54300 5.43000000e+03 1.97721762e-03 -9.02821484e-04 2.17358601e-03
54400 5.44000000e+03 2.00021639e-03 -1.00771256e-03 2.23972102e-03
54500 5.45000000e+03 2.06825859e-03 -1.10785663e-03 2.34628215e-03
54600 5.46000000e+03 2.00218172e-03 -1.13662274e-03 2.30231251e-03
54700 5.47000000e+03 2.15925043e-03 -1.27411739e-03 2.50713732e-03
54800 5.48000000e+03 2.11272086e-03 -1.16751506e-03 2.41385187e-03
54900 5.49000000e+03 2.19276478e-03 -1.19492586e-03 2.49721148e-03
55000 5.50000000e+03 2.23143864e-03 -1.27334415e-03 2.56918737e-03
55100 5.51000000e+03 2.25698599e-03 -1.19554112e-03 2.55407602e-03
55200 5.52000000e+03 2.39793048e-03 -1.50905526e-03 2.83325226e-03
55300 5.53000000e+03 2.38372292e-03 -1.49956276e-03 2.81617177e-03
55400 5.54000000e+03 2.28327583e-03 -1.26418506e-03 2.60988742e-03
55500 5.55000000e+03 2.31093052e-03 -1.26348517e-03 2.63377954e-03
55600 5.56000000e+03 2.25712731e-03 -1.14077143e-03 2.52902811e-03
55700 5.57000000e+03 2.35244329e-03 -1.15459785e-03 2.62051247e-03
55800 5.58000000e+03 2.29906593e-03 -1.22951774e-03 2.60718585e-03
55900 5.59000000e+03 2.35555228e-03 -1.32913026e-03 2.70466519e-03
56000 5.60000000e+03 2.46467208e-03 -1.32277596e-03 2.79720302e-03
56100 5.61000000e+03 2.47742888e-03 -1.28621690e-03 2.79141680e-03
56200 5.62000000e+03 2.57985643e-03 -1.57333515e-03 3.02176152e-03
56300 5.63000000e+03 2.63226265e-03 -1.47650158e-03 3.01808939e-03
56400 5.64000000e+03 2.64929794e-03 -1.48310990e-03 3.03618091e-03
56500 5.65000000e+03 2.68380158e-03 -1.49755960e-03 3.07334926e-03
56600 5.66000000e+03 2.52645486e-03 -1.34695182e-03 2.86308459e-03
56700 5.67000000e+03 2.52761832e-03 -1.20569440e-03 2.80045591e-03
56800 5.68000000e+03 2.42094346e-03 -1.14953530e-03 2.67999975e-03
56900 5.69000000e+03 2.57602939e-03 -1.04744069e-03 2.78083790e-03
57000 5.70000000e+03 2.51298770e-03 -9.19877843e-04 2.67605726e-03
57100 5.71000000e+03 2.55393446e-03 -8.70331365e-04 2.69815825e-03
57200 5.72000000e+03 2.50389799e-03 -8.09783058e-04 2.63158769e-03
57300 5.73000000e+03 2.49234214e-03 -7.60506140e-04 2.60578951e-03
57400 5.74000000e+03 2.61585391e-03 -8.85524205e-04 2.76167428e-03
57500 5.75000000e+03 2.63588759e-03 -1.08016445e-03 2.84862399e-03
57600 5.76000000e+03 2.66381353e-03 -1.17622328e-03 2.91194157e-03
57700 5.77000000e+03 2.58906232e-03 -1.34364329e-03 2.91695406e-03
57800 5.78000000e+03 2.54631997e-03 -1.27047382e-03 2.84567200e-03
57900 5.79000000e+03 2.57597398e-03 -1.25800795e-03 2.86674483e-03
58000 5.80000000e+03 2.60486826e-03 -1.12876797e-03 2.83891807e-03
58100 5.81000000e+03 2.50332244e-03 -1.02828001e-03 2.70628583e-03
58200 5.82000000e+03 2.39775842e-03 -8.53676989e-04 2.54519348e-03
58300 5.83000000e+03 2.40102387e-03 -7.80921720e-04 2.52482759e-03
58400 5.84000000e+03 2.45237513e-03 -8.58391111e-04 2.59826463e-03
58500 5.85000000e+03 2.34305277e-03 -7.19247677e-04 2.45096175e-03
58600 5.86000000e+03 2.30769371e-03 -6.35953329e-04 2.39371821e-03
58700 5.87000000e+03 2.23163795e-03 -6.84903003e-04 2.33437359e-03
58800 5.88000000e+03 2.27328762e-03 -5.96773054e-04 2.35031375e-03
58900 5.89000000e+03 2.34643486e-03 -5.70213830e-04 2.41472574e-03
59000 5.90000000e+03 2.44935788e-03 -8.72687961e-04 2.60018044e-03
59100 5.91000000e+03 2.60962034e-03 -9.90233733e-04 2.79117917e-03
59200 5.92000000e+03 2.54377234e-03 -8.93670251e-04 2.69618698e-03
59300 5.93000000e+03 2.56489543e-03 -8.33110651e-04 2.69680588e-03
59400 5.94000000e+03 2.75116973e-03 -9.70524910e-04 2.91733671e-03
59500 5.95000000e+03 2.80830683e-03 -1.24135520e-03 3.07043157e-03
59600 5.96000000e+03 2.96434760e-03 -1.48432795e-03 3.31520530e-03
59700 5.97000000e+03 2.79166154e-03 -1.45266543e-03 3.14700031e-03
59800 5.98000000e+03 2.63482844e-03 -1.34744181e-03 2.95937837e-03
59900 5.99000000e+03 2.61519197e-03 -1.24771078e-03 2.89758714e-03
60000 6.00000000e+03 2.71598622e-03 -1.19383167e-03 2.96678534e-03
60100 6.01000000e+03 2.69071665e-03 -1.15756108e-03 2.92914727e-03
60200 6.02000000e+03 2.80619180e-03 -1.20466657e-03 3.05383921e-03
60300 6.03000000e+03 2.77304463e-03 -1.34496682e-03 3.08199810e-03
60400 6.04000000e+03 2.89796735e-03 -1.58825354e-03 3.30465794e-03
60500 6.05000000e+03 2.89296312e-03 -1.79244729e-03 3.40324888e-03
60600 6.06000000e+03 2.79256701e-03 -1.56299106e-03 3.20021430e-03
60700 6.07000000e+03 2.85090040e-03 -1.65501353e-03 3.29646825e-03
60800 6.08000000e+03 2.90369452e-03 -1.72200776e-03 3.37590767e-03
60900 6.09000000e+03 2.97526689e-03 -1.65927596e-03 3.40667137e-03
61000 6.10000000e+03 2.82576727e-03 -1.65826734e-03 3.27640218e-03
61100 6.11000000e+03 2.80974666e-03 -1.48276123e-03 3.17698869e-03
61200 6.12000000e+03 2.68233009e-03 -1.43053255e-03 3.03995363e-03
61300 6.13000000e+03 2.70503620e-03 -1.37724704e-03 3.03546211e-03
61400 6.14000000e+03 2.74376012e-03 -1.28854392e-03 3.03126460e-03
61500 6.15000000e+03 2.77360133e-03 -1.20820699e-03 3.02533113e-03
61600 6.16000000e+03 2.82577053e-03 -1.23409042e-03 3.08349773e-03
61700 6.17000000e+03 2.83812126e-03 -1.31991645e-03 3.13003382e-03
61800 6.18000000e+03 2.84628710e-03 -1.22849992e-03 3.10009069e-03
61900 6.19000000e+03 2.79540825e-03 -1.22726301e-03 3.05294641e-03
62000 6.20000000e+03 2.76934495e-03 -1.25226961e-03 3.03931746e-03
62100 6.21000000e+03 2.79733795e-03 -1.38726668e-03 3.12243630e-03
62200 6.22000000e+03 2.63675046e-03 -1.25411863e-03 2.91980591e-03
62300 6.23000000e+03 2.52165366e-03 -1.16838817e-03 2.77918479e-03
62400 6.24000000e+03 2.54863617e-03 -1.11755263e-03 2.78288882e-03
62500 6.25000000e+03 2.43536197e-03 -1.02804799e-03 2.64345807e-03
62600 6.26000000e+03 2.47122603e-03 -1.22569723e-03 2.75849448e-03
62700 6.27000000e+03 2.46479362e-03 -1.19421387e-03 2.73886005e-03
62800 6.28000000e+03 2.61977082e-03 -1.43066572e-03 2.98496291e-03
62900 6.29000000e+03 2.59403023e-03 -1.41580252e-03 2.95524781e-03
63000 6.30000000e+03 2.60687596e-03 -1.28999667e-03 2.90858964e-03
63100 6.31000000e+03 2.56292941e-03 -1.19743007e-03 2.82885948e-03
63200 6.32000000e+03 2.81283911e-03 -1.44450169e-03 3.16206404e-03
63300 6.33000000e+03 2.64408765e-03 -1.50068570e-03 3.04027254e-03
63400 6.34000000e+03 2.56496691e-03 -1.37087936e-03 2.90832692e-03
63500 6.35000000e+03 2.57163355e-03 -1.30214076e-03 2.88251100e-03
63600 6.36000000e+03 2.52545439e-03 -1.18996354e-03 2.79176165e-03
63700 6.37000000e+03 2.56704772e-03 -1.19492086e-03 2.83153136e-03
63800 6.38000000e+03 2.62683444e-03 -1.18918438e-03 2.88347336e-03
63900 6.39000000e+03 2.76285131e-03 -1.34282117e-03 3.07189128e-03
64000 6.40000000e+03 2.69387220e-03 -1.37054245e-03 3.02247151e-03
64100 6.41000000e+03 2.75465986e-03 -1.57124992e-03 3.17127375e-03
64200 6.42000000e+03 2.63039023e-03 -1.46951596e-03 3.01304330e-03
64300 6.43000000e+03 2.55884416e-03 -1.40319474e-03 2.91832810e-03
64400 6.44000000e+03 2.55019381e-03 -1.42228464e-03 2.91999692e-03
64500 6.45000000e+03 2.50075990e-03 -1.29581429e-03 2.81654660e-03
64600 6.46000000e+03 2.47738278e-03 -1.35190913e-03 2.82224799e-03
64700 6.47000000e+03 2.36530416e-03 -1.20361825e-03 2.65393305e-03
64800 6.48000000e+03 2.48337933e-03 -1.57768209e-03 2.94215120e-03
64900 6.49000000e+03 2.48014182e-03 -1.35198236e-03 2.82470525e-03
65000 6.50000000e+03 2.37761228e-03 -1.41875632e-03 2.76873792e-03
65100 6.51000000e+03 2.34480016e-03 -1.38646527e-03 2.72403630e-03
65200 6.52000000e+03 2.25855177e-03 -1.20853272e-03 2.56156348e-03
65300 6.53000000e+03 2.17256835e-03 -1.04451773e-03 2.41061621e-03
65400 6.54000000e+03 2.08596908e-03 -8.96192214e-04 2.27033643e-03
65500 6.55000000e+03 2.01885658e-03 -8.73419049e-04 2.19969151e-03
65600 6.56000000e+03 2.01137760e-03 -9.44714237e-04 2.22218920e-03
65700 6.57000000e+03 2.01420253e-03 -9.41609847e-04 2.22342999e-03
65800 6.58000000e+03 1.93092530e-03 -9.14496370e-04 2.13653367e-03
65900 6.59000000e+03 1.86219253e-03 -8.44028953e-04 2.04454051e-03
66000 6.60000000e+03 1.92848512e-03 -1.02530676e-03 2.18410366e-03
66100 6.61000000e+03 1.92769163e-03 -1.07174460e-03 2.20559096e-03
66200 6.62000000e+03 2.00704136e-03 -1.18700275e-03 2.33177841e-03
66300 6.63000000e+03 2.13766540e-03 -1.24267396e-03 2.47262046e-03
66400 6.64000000e+03 2.06253561e-03 -1.20481744e-03 2.38864778e-03
66500 6.65000000e+03 2.10972945e-03 -1.31664262e-03 2.48686673e-03
66600 6.66000000e+03 2.24451232e-03 -1.28828827e-03 2.58795715e-03
66700 6.67000000e+03 2.24907300e-03 -1.20522175e-03 2.55164434e-03
66800 6.68000000e+03 2.31606117e-03 -1.19767245e-03 2.60740458e-03
66900 6.69000000e+03 2.51900195e-03 -1.19035342e-03 2.78609262e-03
67000 6.70000000e+03 2.41182605e-03 -1.10604404e-03 2.65334474e-03
67100 6.71000000e+03 2.48868135e-03 -1.27032038e-03 2.79414544e-03
67200 6.72000000e+03 2.40786280e-03 -1.18545024e-03 2.68385833e-03
67300 6.73000000e+03 2.40077404e-03 -1.06255000e-03 2.62540064e-03
67400 6.74000000e+03 2.36593466e-03 -1.16975000e-03 2.63931087e-03
67500 6.75000000e+03 2.28947727e-03 -1.02493493e-03 2.50842536e-03
67600 6.76000000e+03 2.27385201e-03 -9.62798251e-04 2.46928804e-03
67700 6.77000000e+03 2.25567818e-03 -8.99714301e-04 2.42849127e-03
67800 6.78000000e+03 2.22533802e-03 -8.55558901e-04 2.38413723e-03
67900 6.79000000e+03 2.14100513e-03 -9.10859206e-04 2.32670743e-03
68000 6.80000000e+03 2.06484902e-03 -8.73882324e-04 2.24215784e-03
68100 6.81000000e+03 2.04143138e-03 -8.37456377e-04 2.20653014e-03
68200 6.82000000e+03 2.09685205e-03 -8.16915883e-04 2.25036444e-03
68300 6.83000000e+03 2.13237130e-03 -7.34143774e-04 2.25521051e-03
68400 6.84000000e+03 2.36154348e-03 -9.00324550e-04 2.52734483e-03
68500 6.85000000e+03 2.28707003e-03 -9.65652871e-04 2.48257423e-03
68600 6.86000000e+03 2.31634849e-03 -1.06444606e-03 2.54921865e-03
68700 6.87000000e+03 2.47864099e-03 -1.08704483e-03 2.70653425e-03
68800 6.88000000e+03 2.53882073e-03 -1.05632574e-03 2.74980631e-03
68900 6.89000000e+03 2.54038395e-03 -9.73071204e-04 2.72037097e-03
69000 6.90000000e+03 2.50685960e-03 -9.01621243e-04 2.66406943e-03
69100 6.91000000e+03 2.54338072e-03 -9.98619129e-04 2.73240291e-03
69200 6.92000000e+03 2.57273717e-03 -9.85317747e-04 2.75496417e-03
69300 6.93000000e+03 2.54241843e-03 -9.91014298e-04 2.72873612e-03
69400 6.94000000e+03 2.64645997e-03 -1.30736968e-03 2.95177333e-03
69500 6.95000000e+03 2.77176546e-03 -1.49922387e-03 3.15124673e-03
69600 6.96000000e+03 2.73216423e-03 -1.43094209e-03 3.08420438e-03
69700 6.97000000e+03 2.73901480e-03 -1.46862608e-03 3.10790358e-03
69800 6.98000000e+03 2.71465001e-03 -1.46539148e-03 3.08491440e-03
69900 6.99000000e+03 2.80112866e-03 -1.47401262e-03 3.16528593e-03
70000 7.00000000e+03 2.87814555e-03 -1.46448554e-03 3.22930948e-03
70100 7.01000000e+03 2.78545311e-03 -1.36562751e-03 3.10220688e-03
70200 7.02000000e+03 2.81291129e-03 -1.47488690e-03 3.17612363e-03
70300 7.03000000e+03 2.94688204e-03 -1.51232630e-03 3.31228692e-03
70400 7.04000000e+03 2.82744481e-03 -1.55093148e-03 3.22487715e-03
70500 7.05000000e+03 2.79061194e-03 -1.83016295e-03 3.33721611e-03
70600 7.06000000e+03 2.73438636e-03 -1.74503960e-03 3.24376817e-03
70700 7.07000000e+03 2.66158511e-03 -1.72185339e-03 3.16998650e-03
70800 7.08000000e+03 2.72121979e-03 -1.74317230e-03 3.23166935e-03
70900 7.09000000e+03 2.62304419e-03 -1.78034476e-03 3.17017164e-03
71000 7.10000000e+03 2.49011791e-03 -1.63439906e-03 2.97858146e-03
71100 7.11000000e+03 2.58071627e-03 -1.56960869e-03 3.02055755e-03
71200 7.12000000e+03 2.66146660e-03 -1.57677068e-03 3.09347866e-03
71300 7.13000000e+03 2.71829986e-03 -1.66668079e-03 3.18857006e-03
71400 7.14000000e+03 2.61128112e-03 -1.50224380e-03 3.01256129e-03
71500 7.15000000e+03 2.50219344e-03 -1.29553804e-03 2.81769246e-03
71600 7.16000000e+03 2.48315744e-03 -1.11656403e-03 2.72264322e-03
71700 7.17000000e+03 2.37948215e-03 -1.04360667e-03 2.59827831e-03
71800 7.18000000e+03 2.29491317e-03 -8.88668292e-04 2.46096684e-03
71900 7.19000000e+03 2.31696689e-03 -9.76375770e-04 2.51428821e-03
72000 7.20000000e+03 2.65458319e-03 -1.27371133e-03 2.94434245e-03
72100 7.21000000e+03 2.63900356e-03 -1.43673585e-03 3.00475452e-03
72200 7.22000000e+03 2.63744337e-03 -1.40075653e-03 2.98633996e-03
72300 7.23000000e+03 2.52580107e-03 -1.29029178e-03 2.83628700e-03
72400 7.24000000e+03 2.37387652e-03 -1.25318638e-03 2.68435575e-03
72500 7.25000000e+03 2.43793754e-03 -1.13621447e-03 2.68970682e-03
72600 7.26000000e+03 2.37873010e-03 -1.17945264e-03 2.65508294e-03
72700 7.27000000e+03 2.35123606e-03 -1.25435018e-03 2.66490251e-03
72800 7.28000000e+03 2.24903715e-03 -1.05194375e-03 2.48289221e-03
72900 7.29000000e+03 2.26100255e-03 -8.93445220e-04 2.43112667e-03
73000 7.30000000e+03 2.54928926e-03 -1.13414810e-03 2.79019133e-03
73100 7.31000000e+03 2.81446916e-03 -1.23777357e-03 3.07462519e-03
73200 7.32000000e+03 2.78282422e-03 -1.27289747e-03 3.06012722e-03
73300 7.33000000e+03 2.89807632e-03 -1.55750243e-03 3.29008513e-03
73400 7.34000000e+03 2.79709091e-03 -1.48832018e-03 3.16840883e-03
73500 7.35000000e+03 2.85776891e-03 -1.47139723e-03 3.21431998e-03
73600 7.36000000e+03 2.86710705e-03 -1.33805163e-03 3.16396665e-03
73700 7.37000000e+03 2.88861315e-03 -1.22923288e-03 3.13928326e-03
73800 7.38000000e+03 2.81896116e-03 -1.06638612e-03 3.01392126e-03
73900 7.39000000e+03 2.68932339e-03 -9.13190306e-04 2.84013676e-03
74000 7.40000000e+03 2.69710692e-03 -9.99698765e-04 2.87641849e-03
74100 7.41000000e+03 2.56554014e-03 -8.29083496e-04 2.69617797e-03
74200 7.42000000e+03 2.63651740e-03 -9.96392919e-04 2.81851430e-03
74300 7.43000000e+03 2.59589404e-03 -1.09015347e-03 2.81551069e-03
74400 7.44000000e+03 2.75366264e-03 -1.21896970e-03 3.01140251e-03
74500 7.45000000e+03 2.69721262e-03 -1.31253840e-03 2.99961881e-03
74600 7.46000000e+03 2.82652909e-03 -1.24713499e-03 3.08943561e-03
74700 7.47000000e+03 2.91229063e-03 -1.41449610e-03 3.23762813e-03
74800 7.48000000e+03 2.92625930e-03 -1.60167913e-03 3.33592109e-03
74900 7.49000000e+03 3.02851363e-03 -1.70420588e-03 3.47508453e-03
75000 7.50000000e+03 3.03003355e-03 -1.71010336e-03 3.47930407e-03
75100 7.51000000e+03 3.02306539e-03 -1.56635838e-03 3.40476180e-03
75200 7.52000000e+03 2.92511727e-03 -1.42367918e-03 3.25317897e-03
75300 7.53000000e+03 2.88500078e-03 -1.22537848e-03 3.13445082e-03
75400 7.54000000e+03 2.97070062e-03 -1.24817260e-03 3.22226582e-03
75500 7.55000000e+03 2.86227092e-03 -1.31416717e-03 3.14954444e-03
75600 7.56000000e+03 2.79129343e-03 -1.26663723e-03 3.06523880e-03
75700 7.57000000e+03 2.76829209e-03 -1.30413356e-03 3.06009893e-03
75800 7.58000000e+03 2.84546567e-03 -1.15818996e-03 3.07214565e-03
75900 7.59000000e+03 2.95336731e-03 -1.26047654e-03 3.21110254e-03
76000 7.60000000e+03 2.87056458e-03 -1.27583754e-03 3.14132177e-03
76100 7.61000000e+03 2.85730395e-03 -1.18778239e-03 3.09435176e-03
76200 7.62000000e+03 2.75363424e-03 -1.03109144e-03 2.94034880e-03
76300 7.63000000e+03 2.72579142e-03 -1.00293360e-03 2.90444739e-03
76400 7.64000000e+03 2.68694432e-03 -1.04433438e-03 2.88275981e-03
76500 7.65000000e+03 2.56390218e-03 -9.30882175e-04 2.72766127e-03
76600 7.66000000e+03 2.50540348e-03 -7.65967881e-04 2.61987660e-03
76700 7.67000000e+03 2.40642601e-03 -8.07161618e-04 2.53818754e-03
76800 7.68000000e+03 2.26220023e-03 -7.63983408e-04 2.38772287e-03
76900 7.69000000e+03 2.19465001e-03 -8.25250114e-04 2.34468045e-03
77000 7.70000000e+03 2.14407966e-03 -8.81587330e-04 2.31824800e-03
77100 7.71000000e+03 2.05096649e-03 -7.10092718e-04 2.17041360e-03
77200 7.72000000e+03 2.06178450e-03 -6.87936496e-04 2.17352524e-03
77300 7.73000000e+03 2.07599159e-03 -6.98462885e-04 2.19034050e-03
77400 7.74000000e+03 2.04375945e-03 -7.14143971e-04 2.16493748e-03
77500 7.75000000e+03 2.12604366e-03 -8.39495042e-04 2.28578511e-03
77600 7.76000000e+03 2.14233156e-03 -9.83172329e-04 2.35716193e-03
77700 7.77000000e+03 2.13218341e-03 -1.11029693e-03 2.40394787e-03
77800 7.78000000e+03 2.05908809e-03 -1.00377807e-03 2.29072351e-03
77900 7.79000000e+03 2.06774008e-03 -9.77274380e-04 2.28705361e-03
78000 7.80000000e+03 2.10861582e-03 -1.12534361e-03 2.39011693e-03
78100 7.81000000e+03 2.14920100e-03 -1.17778918e-03 2.45076565e-03
78200 7.82000000e+03 2.32824916e-03 -1.32646947e-03 2.67960173e-03
78300 7.83000000e+03 2.26028822e-03 -1.47804653e-03 2.70065259e-03
78400 7.84000000e+03 2.38358160e-03 -1.74164912e-03 2.95208450e-03
78500 7.85000000e+03 2.23281421e-03 -1.70207559e-03 2.80758270e-03
78600 7.86000000e+03 2.19751871e-03 -1.60003803e-03 2.71831017e-03
78700 7.87000000e+03 2.20585335e-03 -1.49489113e-03 2.66467418e-03
78800 7.88000000e+03 2.21481919e-03 -1.44268724e-03 2.64324999e-03
78900 7.89000000e+03 2.28860183e-03 -1.34435331e-03 2.65423890e-03
79000 7.90000000e+03 2.20509293e-03 -1.17084128e-03 2.49665859e-03
79100 7.91000000e+03 2.21305992e-03 -1.06005126e-03 2.45384248e-03
79200 7.92000000e+03 2.35696649e-03 -1.16224727e-03 2.62794782e-03
79300 7.93000000e+03 2.31869286e-03 -1.07225403e-03 2.55461647e-03
79400 7.94000000e+03 2.41638836e-03 -1.21005275e-03 2.70243601e-03
79500 7.95000000e+03 2.35712621e-03 -1.07929041e-03 2.59247213e-03
79600 7.96000000e+03 2.33680871e-03 -9.54251096e-04 2.52413750e-03
79700 7.97000000e+03 2.41317926e-03 -1.31121022e-03 2.74639880e-03
79800 7.98000000e+03 2.29385868e-03 -1.33623357e-03 2.65467659e-03
79900 7.99000000e+03 2.23448174e-03 -1.12470763e-03 2.50157469e-03
80000 8.00000000e+03 2.37601786e-03 -1.32010796e-03 2.71811440e-03
80100 8.01000000e+03 2.35652877e-03 -1.20544445e-03 2.64694620e-03
80200 8.02000000e+03 2.43606861e-03 -1.25717360e-03 2.74133466e-03
80300 8.03000000e+03 2.35557975e-03 -1.14269264e-03 2.61811047e-03
80400 8.04000000e+03 2.49243691e-03 -1.06019014e-03 2.70855033e-03
80500 8.05000000e+03 2.50316807e-03 -1.07272633e-03 2.72334210e-03
80600 8.06000000e+03 2.53380067e-03 -1.09190878e-03 2.75905973e-03
80700 8.07000000e+03 2.56111845e-03 -1.12051261e-03 2.79551001e-03
80800 8.08000000e+03 2.55279592e-03 -1.30151177e-03 2.86543189e-03
80900 8.09000000e+03 2.77293311e-03 -1.45214202e-03 3.13015566e-03
81000 8.10000000e+03 2.78933230e-03 -1.35901733e-03 3.10278952e-03
81100 8.11000000e+03 2.76619475e-03 -1.41503371e-03 3.10711342e-03
81200 8.12000000e+03 2.76444457e-03 -1.25592342e-03 3.03636252e-03
81300 8.13000000e+03 2.76189554e-03 -1.32646912e-03 3.06391698e-03
81400 8.14000000e+03 2.79379007e-03 -1.15436898e-03 3.02288450e-03
81500 8.15000000e+03 2.68097641e-03 -1.00395549e-03 2.86278905e-03
81600 8.16000000e+03 2.68743373e-03 -1.25174166e-03 2.96465129e-03
81700 8.17000000e+03 2.58424995e-03 -1.04190630e-03 2.78638054e-03
81800 8.18000000e+03 2.65676598e-03 -1.11601246e-03 2.88164697e-03
81900 8.19000000e+03 2.59991828e-03 -1.18991127e-03 2.85927682e-03
82000 8.20000000e+03 2.42849346e-03 -1.16290280e-03 2.69256818e-03
82100 8.21000000e+03 2.55776010e-03 -1.17816404e-03 2.81606237e-03
82200 8.22000000e+03 2.48286757e-03 -1.30095147e-03 2.80305299e-03
82300 8.23000000e+03 2.46923836e-03 -1.08862470e-03 2.69856292e-03
82400 8.24000000e+03 2.45277188e-03 -1.01031316e-03 2.65270100e-03
82500 8.25000000e+03 2.43275845e-03 -9.88786342e-04 2.62602592e-03
82600 8.26000000e+03 2.57582497e-03 -1.11033185e-03 2.80494404e-03
82700 8.27000000e+03 2.57723895e-03 -1.09507865e-03 2.80024246e-03
82800 8.28000000e+03 2.65425141e-03 -1.48422178e-03 3.04104667e-03
82900 8.29000000e+03 2.74621649e-03 -1.48851308e-03 3.12367991e-03
83000 8.30000000e+03 2.78722704e-03 -1.45238510e-03 3.14293765e-03
83100 8.31000000e+03 2.82924646e-03 -1.33934815e-03 3.13025382e-03
83200 8.32000000e+03 2.71848729e-03 -1.17057248e-03 2.95979950e-03
83300 8.33000000e+03 2.83182878e-03 -1.27670052e-03 3.10631912e-03
83400 8.34000000e+03 2.82227900e-03 -1.56377070e-03 3.22655196e-03
83500 8.35000000e+03 2.82775378e-03 -1.49260275e-03 3.19750753e-03
83600 8.36000000e+03 2.77582346e-03 -1.47511484e-03 3.14343120e-03
83700 8.37000000e+03 2.78987759e-03 -1.50106836e-03 3.16806300e-03
83800 8.38000000e+03 2.71327700e-03 -1.55830733e-03 3.12892854e-03
83900 8.39000000e+03 2.76532792e-03 -1.64854305e-03 3.21943050e-03
84000 8.40000000e+03 2.63161492e-03 -1.57504599e-03 3.06694749e-03
84100 8.41000000e+03 2.55287345e-03 -1.37859024e-03 2.90132279e-03
84200 8.42000000e+03 2.49281456e-03 -1.29561499e-03 2.80940254e-03
84300 8.43000000e+03 2.61254283e-03 -1.27427047e-03 2.90674135e-03
84400 8.44000000e+03 2.53987056e-03 -1.42428756e-03 2.91196455e-03
84500 8.45000000e+03 2.77934503e-03 -1.49830617e-03 3.15748003e-03
84600 8.46000000e+03 2.66765058e-03 -1.39457337e-03 3.01018180e-03
84700 8.47000000e+03 2.66965339e-03 -1.46856345e-03 3.04692104e-03
84800 8.48000000e+03 2.57661846e-03 -1.61711732e-03 3.04204390e-03
84900 8.49000000e+03 2.58763926e-03 -1.63273071e-03 3.05968732e-03
85000 8.50000000e+03 2.54985970e-03 -1.57782144e-03 2.99855048e-03
85100 8.51000000e+03 2.59957043e-03 -1.70774956e-03 3.11033358e-03
85200 8.52000000e+03 2.57629971e-03 -1.70845340e-03 3.09129960e-03
85300 8.53000000e+03 2.51864130e-03 -1.54876767e-03 2.95672712e-03
85400 8.54000000e+03 2.49591051e-03 -1.57096516e-03 2.94915256e-03
85500 8.55000000e+03 2.50175106e-03 -1.65396230e-03 2.99905813e-03
85600 8.56000000e+03 2.47924961e-03 -1.70869322e-03 3.01103158e-03
85700 8.57000000e+03 2.54159747e-03 -1.62346358e-03 3.01585008e-03
85800 8.58000000e+03 2.51443102e-03 -1.56189979e-03 2.96004971e-03
85900 8.59000000e+03 2.43704743e-03 -1.55332882e-03 2.88998799e-03
86000 8.60000000e+03 2.45933002e-03 -1.76955981e-03 3.02979307e-03
86100 8.61000000e+03 2.38867733e-03 -1.77864486e-03 2.97814656e-03
86200 8.62000000e+03 2.48345663e-03 -1.69707322e-03 3.00792526e-03
86300 8.63000000e+03 2.44024419e-03 -1.70828379e-03 2.97876236e-03
86400 8.64000000e+03 2.40183529e-03 -1.74895453e-03 2.97113693e-03
86500 8.65000000e+03 2.41731014e-03 -1.78556726e-03 3.00526850e-03
86600 8.66000000e+03 2.37724441e-03 -1.63652457e-03 2.88608795e-03
86700 8.67000000e+03 2.47511221e-03 -1.60920620e-03 2.95224068e-03
86800 8.68000000e+03 2.58421060e-03 -1.65163388e-03 3.06692662e-03
86900 8.69000000e+03 2.55208206e-03 -1.61003484e-03 3.01750477e-03
87000 8.70000000e+03 2.54684477e-03 -1.53910462e-03 2.97577911e-03
87100 8.71000000e+03 2.58708303e-03 -1.53634546e-03 3.00887952e-03
87200 8.72000000e+03 2.69830669e-03 -1.43750140e-03 3.05733042e-03
87300 8.73000000e+03 2.69163982e-03 -1.40958559e-03 3.03839702e-03
87400 8.74000000e+03 2.68893992e-03 -1.38162612e-03 3.02312564e-03
87500 8.75000000e+03 2.68637203e-03 -1.45054248e-03 3.05297693e-03
87600 8.76000000e+03 2.91257468e-03 -1.53888075e-03 3.29412283e-03
87700 8.77000000e+03 2.86694686e-03 -1.39764778e-03 3.18948328e-03
87800 8.78000000e+03 2.89279711e-03 -1.55798090e-03 3.28566274e-03
87900 8.79000000e+03 2.87267775e-03 -1.50640309e-03 3.24369045e-03
88000 8.80000000e+03 2.96142371e-03 -1.68258289e-03 3.40604105e-03
88100 8.81000000e+03 2.83279829e-03 -1.64254045e-03 3.27455115e-03
88200 8.82000000e+03 2.72329571e-03 -1.44227000e-03 3.08163630e-03
88300 8.83000000e+03 2.75840005e-03 -1.44507352e-03 3.11400198e-03
88400 8.84000000e+03 2.83858529e-03 -1.43563480e-03 3.18097685e-03
88500 8.85000000e+03 2.75872624e-03 -1.43565924e-03 3.10993375e-03
88600 8.86000000e+03 2.67232955e-03 -1.44423719e-03 3.03762510e-03
88700 8.87000000e+03 2.89368024e-03 -1.51618337e-03 3.26683292e-03
88800 8.88000000e+03 2.89887795e-03 -1.44926354e-03 3.24096563e-03
88900 8.89000000e+03 2.86502601e-03 -1.35147804e-03 3.16778581e-03
89000 8.90000000e+03 2.73811817e-03 -1.12812652e-03 2.96141192e-03
89100 8.91000000e+03 2.68781232e-03 -9.85599007e-04 2.86282037e-03
89200 8.92000000e+03 2.64479243e-03 -9.55449534e-04 2.81208300e-03
89300 8.93000000e+03 2.73094187e-03 -1.12816482e-03 2.95479260e-03
89400 8.94000000e+03 2.63849995e-03 -1.13122282e-03 2.87077464e-03
89500 8.95000000e+03 2.62335595e-03 -1.03304279e-03 2.81942793e-03
89600 8.96000000e+03 2.56260787e-03 -8.68080650e-04 2.70564652e-03
89700 8.97000000e+03 2.49202340e-03 -7.19417178e-04 2.59378906e-03
89800 8.98000000e+03 2.59409705e-03 -9.18680395e-04 2.75196533e-03
89900 8.99000000e+03 2.53460160e-03 -8.73977086e-04 2.68105226e-03
90000 9.00000000e+03 2.56805751e-03 -1.09135604e-03 2.79033642e-03
90100 9.01000000e+03 2.49850145e-03 -9.90562607e-04 2.68769860e-03
90200 9.02000000e+03 2.55959039e-03 -1.09890278e-03 2.78551436e-03
90300 9.03000000e+03 2.43382459e-03 -1.07151037e-03 2.65925489e-03
90400 9.04000000e+03 2.50420137e-03 -1.06716307e-03 2.72210609e-03
90500 9.05000000e+03 2.40665465e-03 -9.27820685e-04 2.57930956e-03
90600 9.06000000e+03 2.44682236e-03 -8.87679053e-04 2.60286645e-03
90700 9.07000000e+03 2.29860772e-03 -6.78145327e-04 2.39655556e-03
90800 9.08000000e+03 2.17004749e-03 -6.05290581e-04 2.25288322e-03
90900 9.09000000e+03 2.31599761e-03 -6.18350226e-04 2.39712368e-03
91000 9.10000000e+03 2.28347932e-03 -8.65985639e-04 2.44217299e-03
91100 9.11000000e+03 2.22085323e-03 -8.46172392e-04 2.37659353e-03
91200 9.12000000e+03 2.24600220e-03 -7.63197837e-04 2.37212918e-03
91300 9.13000000e+03 2.18187342e-03 -8.89735471e-04 2.35631086e-03
91400 9.14000000e+03 2.08895328e-03 -7.25317514e-04 2.21129177e-03
91500 9.15000000e+03 2.22993013e-03 -7.23284029e-04 2.34429695e-03
91600 9.16000000e+03 2.32211594e-03 -8.44983733e-04 2.47107667e-03
91700 9.17000000e+03 2.47797696e-03 -9.24515480e-04 2.64482489e-03
91800 9.18000000e+03 2.60806200e-03 -1.11031940e-03 2.83457167e-03
91900 9.19000000e+03 2.49008136e-03 -9.84750921e-04 2.67773030e-03
92000 9.20000000e+03 2.69560562e-03 -1.24989171e-03 2.97128238e-03
92100 9.21000000e+03 2.72446941e-03 -1.18735968e-03 2.97196174e-03
92200 9.22000000e+03 2.66966457e-03 -1.07840996e-03 2.87924937e-03
92300 9.23000000e+03 2.71737366e-03 -1.14922854e-03 2.95039757e-03
92400 9.24000000e+03 2.58997781e-03 -1.09414721e-03 2.81160865e-03
92500 9.25000000e+03 2.58605625e-03 -1.34671619e-03 2.91570427e-03
92600 9.26000000e+03 2.48042960e-03 -1.19249476e-03 2.75219453e-03
92700 9.27000000e+03 2.48654699e-03 -1.23652781e-03 2.77703384e-03
92800 9.28000000e+03 2.43781903e-03 -1.10427046e-03 2.67626136e-03
92900 9.29000000e+03 2.32904032e-03 -9.32091614e-04 2.50862982e-03
93000 9.30000000e+03 2.35376623e-03 -1.06926693e-03 2.58525574e-03
93100 9.31000000e+03 2.36053066e-03 -1.17535901e-03 2.63696299e-03
93200 9.32000000e+03 2.26708967e-03 -9.67697822e-04 2.46498168e-03
93300 9.33000000e+03 2.38039135e-03 -1.01583044e-03 2.58808316e-03
93400 9.34000000e+03 2.36778776e-03 -8.77564366e-04 2.52518081e-03
93500 9.35000000e+03 2.38149706e-03 -8.68779141e-04 2.53501587e-03
93600 9.36000000e+03 2.41237716e-03 -9.74532333e-04 2.60178339e-03
93700 9.37000000e+03 2.53775250e-03 -9.87289473e-04 2.72303659e-03
93800 9.38000000e+03 2.57610017e-03 -1.02900201e-03 2.77401104e-03
93900 9.39000000e+03 2.72062793e-03 -1.26444595e-03 3.00010665e-03
94000 9.40000000e+03 2.59589497e-03 -1.17092778e-03 2.84776097e-03
94100 9.41000000e+03 2.72572832e-03 -1.20576564e-03 2.98051433e-03
94200 9.42000000e+03 2.61825603e-03 -1.14371197e-03 2.85715622e-03
94300 9.43000000e+03 2.66562030e-03 -1.14558241e-03 2.90136014e-03
94400 9.44000000e+03 2.67004548e-03 -1.03708426e-03 2.86438241e-03
94500 9.45000000e+03 2.62181787e-03 -1.19542982e-03 2.88148944e-03
94600 9.46000000e+03 2.54077814e-03 -1.13201351e-03 2.78154779e-03
94700 9.47000000e+03 2.44088448e-03 -1.10729644e-03 2.68030268e-03
94800 9.48000000e+03 2.49822857e-03 -1.31505332e-03 2.82320938e-03
94900 9.49000000e+03 2.48431182e-03 -1.20176515e-03 2.75971822e-03
95000 9.50000000e+03 2.47086352e-03 -1.36505265e-03 2.82285941e-03
95100 9.51000000e+03 2.50592176e-03 -1.30989111e-03 2.82762420e-03
95200 9.52000000e+03 2.51035229e-03 -1.31528499e-03 2.83405068e-03
95300 9.53000000e+03 2.38232547e-03 -1.35970546e-03 2.74304094e-03
95400 9.54000000e+03 2.42067245e-03 -1.47443311e-03 2.83436203e-03
95500 9.55000000e+03 2.38590338e-03 -1.39240583e-03 2.76248601e-03
95600 9.56000000e+03 2.41911947e-03 -1.34136213e-03 2.76611485e-03
95700 9.57000000e+03 2.39152694e-03 -1.27447222e-03 2.70992261e-03
95800 9.58000000e+03 2.65748962e-03 -1.55709998e-03 3.08006679e-03
95900 9.59000000e+03 2.59554153e-03 -1.49785553e-03 2.99673273e-03
96000 9.60000000e+03 2.72621866e-03 -1.62525743e-03 3.17391397e-03
96100 9.61000000e+03 2.78346427e-03 -1.76257582e-03 3.29459358e-03
96200 9.62000000e+03 2.77886679e-03 -1.65872870e-03 3.23627588e-03
96300 9.63000000e+03 2.69182166e-03 -1.45169045e-03 3.05831800e-03
96400 9.64000000e+03 2.87458766e-03 -1.47435244e-03 3.23062987e-03
96500 9.65000000e+03 2.96987803e-03 -1.56723300e-03 3.35803436e-03
96600 9.66000000e+03 2.93980702e-03 -1.61131192e-03 3.35243067e-03
96700 9.67000000e+03 2.88784341e-03 -1.49748637e-03 3.25301476e-03
96800 9.68000000e+03 2.84678116e-03 -1.70019653e-03 3.31584548e-03
96900 9.69000000e+03 2.81928922e-03 -1.54852681e-03 3.21657069e-03
97000 9.70000000e+03 2.79757078e-03 -1.37799070e-03 3.11853501e-03
97100 9.71000000e+03 2.66677700e-03 -1.37004105e-03 2.99811808e-03
97200 9.72000000e+03 2.56954320e-03 -1.33986457e-03 2.89789394e-03
97300 9.73000000e+03 2.64130789e-03 -1.45822787e-03 3.01710720e-03
97400 9.74000000e+03 2.67987698e-03 -1.45862054e-03 3.05111693e-03
97500 9.75000000e+03 2.59862933e-03 -1.28755404e-03 2.90011548e-03
97600 9.76000000e+03 2.56420765e-03 -1.45167916e-03 2.94661386e-03
97700 9.77000000e+03 2.66409735e-03 -1.49027968e-03 3.05259697e-03
97800 9.78000000e+03 2.60316627e-03 -1.42834208e-03 2.96928202e-03
97900 9.79000000e+03 2.72176205e-03 -1.33118569e-03 3.02985874e-03
98000 9.80000000e+03 2.67156796e-03 -1.23334641e-03 2.94251911e-03
98100 9.81000000e+03 2.57687503e-03 -1.08347693e-03 2.79539035e-03
98200 9.82000000e+03 2.60777003e-03 -1.09960721e-03 2.83012377e-03
98300 9.83000000e+03 2.70877755e-03 -1.21036812e-03 2.96689515e-03
98400 9.84000000e+03 2.68011075e-03 -1.19687151e-03 2.93521635e-03
98500 9.85000000e+03 2.83310399e-03 -1.40212628e-03 3.16108151e-03
98600 9.86000000e+03 2.81808712e-03 -1.29489286e-03 3.10134850e-03
98700 9.87000000e+03 2.86066346e-03 -1.41780335e-03 3.19273578e-03
98800 9.88000000e+03 2.86219129e-03 -1.69225154e-03 3.32503447e-03
98900 9.89000000e+03 2.85257120e-03 -1.64527760e-03 3.29303824e-03
99000 9.90000000e+03 2.72683543e-03 -1.81062880e-03 3.27322595e-03
99100 9.91000000e+03 2.73931166e-03 -1.96385733e-03 3.37054357e-03
99200 9.92000000e+03 2.65256106e-03 -1.89081777e-03 3.25749475e-03
99300 9.93000000e+03 2.62595643e-03 -1.83516531e-03 3.20366648e-03
99400 9.94000000e+03 2.64627719e-03 -1.67934643e-03 3.13416455e-03
99500 9.95000000e+03 2.61866511e-03 -1.56792533e-03 3.05217902e-03
99600 9.96000000e+03 2.73137004e-03 -1.50358817e-03 3.11787743e-03
99700 9.97000000e+03 2.62137968e-03 -1.41398120e-03 2.97841808e-03
99800 9.98000000e+03 2.72501726e-03 -1.43421709e-03 3.07939892e-03
99900 9.99000000e+03 2.68214615e-03 -1.38838112e-03 3.02018379e-03
100000 1.00000000e+04 2.69081350e-03 -1.24924746e-03 2.96666421e-03
