# step  t  vx_mean  vy_mean  vmag_mean
0 0.00000000e+00 5.70170674e-03 -4.59577469e-03 7.32329194e-03
100 1.00000000e+01 5.61007252e-03 -4.71624499e-03 7.32911185e-03
200 2.00000000e+01 5.51894028e-03 -4.50191554e-03 7.12221491e-03
300 3.00000000e+01 5.51719591e-03 -4.37544379e-03 7.04158783e-03
400 4.00000000e+01 5.44442143e-03 -4.05731890e-03 6.78996034e-03
500 5.00000000e+01 5.44435903e-03 -3.80830187e-03 6.64411081e-03
600 6.00000000e+01 5.32591203e-03 -3.41972266e-03 6.32928448e-03
700 7.00000000e+01 5.33804065e-03 -3.69135546e-03 6.49005263e-03
800 8.00000000e+01 5.20437956e-03 -3.56331118e-03 6.30735707e-03
900 9.00000000e+01 5.19237434e-03 -3.54433362e-03 6.28673621e-03
1000 1.00000000e+02 5.15087740e-03 -3.29860859e-03 6.11656412e-03
1100 1.10000000e+02 5.23829134e-03 -3.32556339e-03 6.20476172e-03
1200 1.20000000e+02 5.11562685e-03 -3.64652066e-03 6.28225684e-03
1300 1.30000000e+02 4.90680663e-03 -3.47397360e-03 6.01209147e-03
1400 1.40000000e+02 4.85255476e-03 -3.36954463e-03 5.90771688e-03
1500 1.50000000e+02 4.91195824e-03 -3.21921660e-03 5.87287742e-03
1600 1.60000000e+02 4.81221080e-03 -3.29377968e-03 5.83149701e-03
1700 1.70000000e+02 4.92086355e-03 -3.42819374e-03 5.99728358e-03
1800 1.80000000e+02 5.08972490e-03 -3.49468039e-03 6.17398499e-03
1900 1.90000000e+02 5.26089780e-03 -3.60462535e-03 6.37733248e-03
2000 2.00000000e+02 5.28235268e-03 -3.73108918e-03 6.46716911e-03
2100 2.10000000e+02 5.38778072e-03 -3.88638698e-03 6.64320592e-03
2200 2.20000000e+02 5.47907129e-03 -3.61125427e-03 6.56211701e-03
2300 2.30000000e+02 5.53896930e-03 -4.20335541e-03 6.95329976e-03
2400 2.40000000e+02 5.64461341e-03 -4.36850497e-03 7.13761138e-03
2500 2.50000000e+02 5.42414002e-03 -4.26463271e-03 6.89988312e-03
2600 2.60000000e+02 5.49031794e-03 -4.10285080e-03 6.85397518e-03
2700 2.70000000e+02 5.29769249e-03 -4.09744633e-03 6.69735860e-03
2800 2.80000000e+02 5.30470023e-03 -3.80057143e-03 6.52565611e-03
2900 2.90000000e+02 5.24370372e-03 -3.44229443e-03 6.27262462e-03
3000 3.00000000e+02 5.25659835e-03 -3.09870159e-03 6.10194869e-03
3100 3.10000000e+02 5.20134531e-03 -2.99847522e-03 6.00373606e-03
3200 3.20000000e+02 5.20551251e-03 -2.95349257e-03 5.98502121e-03
3300 3.30000000e+02 5.31390728e-03 -3.42114153e-03 6.31995412e-03
3400 3.40000000e+02 5.20225614e-03 -3.29388492e-03 6.15736525e-03
3500 3.50000000e+02 5.12215821e-03 -3.21675581e-03 6.04847276e-03
3600 3.60000000e+02 5.24015073e-03 -3.20736924e-03 6.14380966e-03
3700 3.70000000e+02 5.14692673e-03 -3.12259025e-03 6.02008511e-03
3800 3.80000000e+02 4.98919748e-03 -3.15445568e-03 5.90276902e-03
3900 3.90000000e+02 5.23943547e-03 -3.37042846e-03 6.22988540e-03
4000 4.00000000e+02 5.19815134e-03 -3.33126774e-03 6.17398754e-03
4100 4.10000000e+02 5.19185048e-03 -3.65463598e-03 6.34914762e-03
4200 4.20000000e+02 5.42030344e-03 -3.74783296e-03 6.58983621e-03
4300 4.30000000e+02 5.33836940e-03 -3.77001800e-03 6.53538244e-03
4400 4.40000000e+02 5.46719087e-03 -3.76590993e-03 6.63869367e-03
4500 4.50000000e+02 5.28560858e-03 -3.84393358e-03 6.53555533e-03
4600 4.60000000e+02 5.46932872e-03 -3.95878917e-03 6.75170855e-03
4700 4.70000000e+02 5.33789257e-03 -3.80555214e-03 6.55555674e-03
4800 4.80000000e+02 5.27069811e-03 -3.76036437e-03 6.47461186e-03
4900 4.90000000e+02 5.45187388e-03 -3.69013194e-03 6.58331243e-03
5000 5.00000000e+02 5.63162332e-03 -3.63678299e-03 6.70383262e-03
5100 5.10000000e+02 5.70378732e-03 -3.72030679e-03 6.80983644e-03
5200 5.20000000e+02 5.62429428e-03 -3.69696040e-03 6.73054250e-03
5300 5.30000000e+02 5.67625929e-03 -3.70261562e-03 6.77711457e-03
5400 5.40000000e+02 5.72110992e-03 -3.54864076e-03 6.73230644e-03
5500 5.50000000e+02 5.88954659e-03 -3.56538943e-03 6.88467580e-03
5600 5.60000000e+02 5.74866449e-03 -3.49855470e-03 6.72956376e-03
5700 5.70000000e+02 5.83632477e-03 -3.46808112e-03 6.78898177e-03
5800 5.80000000e+02 5.79012046e-03 -3.29437014e-03 6.66170920e-03
5900 5.90000000e+02 5.72160631e-03 -3.17798159e-03 6.54494811e-03
6000 6.00000000e+02 5.71409380e-03 -3.25989444e-03 6.57858493e-03
6100 6.10000000e+02 5.64199500e-03 -3.42099019e-03 6.59812712e-03
6200 6.20000000e+02 5.75641403e-03 -3.58453370e-03 6.78123767e-03
6300 6.30000000e+02 5.92609495e-03 -4.01083380e-03 7.15579409e-03
6400 6.40000000e+02 5.91232534e-03 -3.97100486e-03 7.12211138e-03
6500 6.50000000e+02 5.90195507e-03 -3.92361311e-03 7.08715835e-03
6600 6.60000000e+02 5.68768242e-03 -3.73616419e-03 6.80504623e-03
6700 6.70000000e+02 5.64264273e-03 -3.66272219e-03 6.72718000e-03
6800 6.80000000e+02 5.68268402e-03 -3.76083027e-03 6.81445096e-03
6900 6.90000000e+02 5.46007091e-03 -3.63827497e-03 6.56120561e-03
7000 7.00000000e+02 5.47077879e-03 -3.66825005e-03 6.58676545e-03
7100 7.10000000e+02 5.21739945e-03 -3.57237179e-03 6.32321890e-03
7200 7.20000000e+02 5.03050210e-03 -3.46380891e-03 6.10769380e-03
7300 7.30000000e+02 4.87319799e-03 -3.69069190e-03 6.11304060e-03
7400 7.40000000e+02 4.93029505e-03 -3.64074367e-03 6.12885175e-03
7500 7.50000000e+02 4.97353682e-03 -3.47988307e-03 6.07006217e-03
7600 7.60000000e+02 4.97582275e-03 -3.59172001e-03 6.13671449e-03
7700 7.70000000e+02 4.89031430e-03 -3.45842843e-03 5.98964950e-03
7800 7.80000000e+02 4.84501291e-03 -3.31772864e-03 5.87209276e-03
7900 7.90000000e+02 4.75860946e-03 -3.24155577e-03 5.75778150e-03
8000 8.00000000e+02 4.69268020e-03 -3.35067417e-03 5.76613084e-03
8100 8.10000000e+02 4.68547922e-03 -3.39635578e-03 5.78696363e-03
8200 8.20000000e+02 4.86026797e-03 -3.42376810e-03 5.94511503e-03
8300 8.30000000e+02 4.68686456e-03 -3.48108308e-03 5.83820510e-03
8400 8.40000000e+02 4.89466079e-03 -3.61279305e-03 6.08358265e-03
8500 8.50000000e+02 4.83679119e-03 -3.57666309e-03 6.01556879e-03
8600 8.60000000e+02 5.00676176e-03 -3.71715240e-03 6.23577463e-03
8700 8.70000000e+02 5.17107733e-03 -3.74261965e-03 6.38335668e-03
8800 8.80000000e+02 5.20623149e-03 -3.67183913e-03 6.37081227e-03
8900 8.90000000e+02 5.43741835e-03 -3.73737467e-03 6.59799119e-03
9000 9.00000000e+02 5.53852273e-03 -3.59591050e-03 6.60346927e-03
9100 9.10000000e+02 5.56322979e-03 -3.45724821e-03 6.54996877e-03
9200 9.20000000e+02 5.61175589e-03 -3.38988588e-03 6.55615210e-03
9300 9.30000000e+02 5.60182752e-03 -3.52834864e-03 6.62040147e-03
9400 9.40000000e+02 5.60670253e-03 -3.52743361e-03 6.62403964e-03
9500 9.50000000e+02 5.40166069e-03 -3.39690968e-03 6.38098218e-03
9600 9.60000000e+02 5.40704327e-03 -3.37997591e-03 6.37654719e-03
9700 9.70000000e+02 5.45449555e-03 -3.25419661e-03 6.35148150e-03
9800 9.80000000e+02 5.67013677e-03 -3.37348669e-03 6.59779232e-03
9900 9.90000000e+02 5.72568644e-03 -3.32191354e-03 6.61956152e-03
10000 1.00000000e+03 5.46511356e-03 -3.40987253e-03 6.44163775e-03
10100 1.01000000e+03 5.52091561e-03 -3.65318311e-03 6.62014018e-03
10200 1.02000000e+03 5.39276795e-03 -3.66500346e-03 6.52029114e-03
10300 1.03000000e+03 5.30813448e-03 -3.77748348e-03 6.51503439e-03
10400 1.04000000e+03 5.25754783e-03 -3.77710140e-03 6.47366235e-03
10500 1.05000000e+03 5.36554679e-03 -3.93454731e-03 6.65355205e-03
10600 1.06000000e+03 5.44874184e-03 -3.81275499e-03 6.65025475e-03
10700 1.07000000e+03 5.61058568e-03 -4.04083217e-03 6.91426035e-03
10800 1.08000000e+03 5.54590952e-03 -3.85623402e-03 6.75482444e-03
10900 1.09000000e+03 5.57829672e-03 -3.86254047e-03 6.78502861e-03
11000 1.10000000e+03 5.51653327e-03 -3.69990175e-03 6.64239507e-03
11100 1.11000000e+03 5.53492131e-03 -3.69127374e-03 6.65288326e-03
11200 1.12000000e+03 5.46895806e-03 -3.88963032e-03 6.71108979e-03
11300 1.13000000e+03 5.31986495e-03 -3.64512648e-03 6.44886891e-03
11400 1.14000000e+03 5.44343051e-03 -3.78286769e-03 6.62880258e-03
11500 1.15000000e+03 5.43308631e-03 -3.54298484e-03 6.48622913e-03
11600 1.16000000e+03 5.51026687e-03 -3.73055972e-03 6.65433068e-03
11700 1.17000000e+03 5.61246276e-03 -3.55867110e-03 6.64559089e-03
11800 1.18000000e+03 5.49723394e-03 -3.62983230e-03 6.58750814e-03
11900 1.19000000e+03 5.40305953e-03 -3.54415830e-03 6.46174206e-03
12000 1.20000000e+03 5.60443662e-03 -3.96478223e-03 6.86507159e-03
12100 1.21000000e+03 5.51473442e-03 -4.10011970e-03 6.87191948e-03
12200 1.22000000e+03 5.52430563e-03 -4.21849545e-03 6.95080258e-03
12300 1.23000000e+03 5.39449230e-03 -3.79274134e-03 6.59434864e-03
12400 1.24000000e+03 5.45298681e-03 -3.67223308e-03 6.57421942e-03
12500 1.25000000e+03 5.43730101e-03 -3.71339335e-03 6.58433994e-03
12600 1.26000000e+03 5.41153969e-03 -3.55054927e-03 6.47233821e-03
12700 1.27000000e+03 5.43709379e-03 -3.84442275e-03 6.65894700e-03
12800 1.28000000e+03 5.82306040e-03 -4.21082089e-03 7.18603124e-03
12900 1.29000000e+03 5.54899499e-03 -4.21212753e-03 6.96658910e-03
13000 1.30000000e+03 5.58054261e-03 -3.63346655e-03 6.65916924e-03
13100 1.31000000e+03 5.42729907e-03 -3.44055751e-03 6.42596383e-03
13200 1.32000000e+03 5.29367430e-03 -3.42516578e-03 6.30513665e-03
13300 1.33000000e+03 5.49999718e-03 -3.80999595e-03 6.69074271e-03
13400 1.34000000e+03 5.50655415e-03 -3.34565458e-03 6.44325564e-03
13500 1.35000000e+03 5.43561764e-03 -3.28624039e-03 6.35179621e-03
13600 1.36000000e+03 5.36357192e-03 -3.31969559e-03 6.30779538e-03
13700 1.37000000e+03 5.42587182e-03 -3.40826623e-03 6.40752399e-03
13800 1.38000000e+03 5.34689892e-03 -3.50981974e-03 6.39594893e-03
13900 1.39000000e+03 5.18307136e-03 -3.27976327e-03 6.13360220e-03
14000 1.40000000e+03 5.07725263e-03 -3.08418530e-03 5.94059704e-03
14100 1.41000000e+03 5.16568543e-03 -3.28041869e-03 6.11926898e-03
14200 1.42000000e+03 5.47387404e-03 -3.53498803e-03 6.51609066e-03
14300 1.43000000e+03 5.51437214e-03 -3.58253880e-03 6.57593221e-03
14400 1.44000000e+03 5.31518040e-03 -3.33593762e-03 6.27531852e-03
14500 1.45000000e+03 5.43713849e-03 -3.34292068e-03 6.38260085e-03
14600 1.46000000e+03 5.21344319e-03 -3.08794994e-03 6.05932543e-03
14700 1.47000000e+03 5.31113753e-03 -3.09952395e-03 6.14940896e-03
14800 1.48000000e+03 5.15367929e-03 -3.15034832e-03 6.04029012e-03
14900 1.49000000e+03 5.30046504e-03 -3.30827106e-03 6.24816669e-03
15000 1.50000000e+03 5.33321174e-03 -3.09784221e-03 6.16763924e-03
15100 1.51000000e+03 5.49822301e-03 -3.21330549e-03 6.36834267e-03
15200 1.52000000e+03 5.63675305e-03 -3.44810239e-03 6.60775265e-03
15300 1.53000000e+03 5.56577509e-03 -3.49581777e-03 6.57256375e-03
15400 1.54000000e+03 5.59249800e-03 -3.23182088e-03 6.45915630e-03
15500 1.55000000e+03 5.58351772e-03 -3.32979928e-03 6.50101787e-03
15600 1.56000000e+03 5.55809308e-03 -3.49646597e-03 6.56640487e-03
15700 1.57000000e+03 5.43851918e-03 -3.39618209e-03 6.41182841e-03
15800 1.58000000e+03 5.31516597e-03 -3.26984329e-03 6.24042181e-03
15900 1.59000000e+03 5.38221281e-03 -3.44240386e-03 6.38892472e-03
16000 1.60000000e+03 5.28117735e-03 -3.59204388e-03 6.38698782e-03
16100 1.61000000e+03 5.40734828e-03 -3.47840786e-03 6.42952071e-03
16200 1.62000000e+03 5.38549572e-03 -3.59226018e-03 6.47363093e-03
16300 1.63000000e+03 5.50495135e-03 -3.51399113e-03 6.53089757e-03
16400 1.64000000e+03 5.65774553e-03 -3.74520617e-03 6.78503159e-03
16500 1.65000000e+03 5.40990848e-03 -3.80451535e-03 6.61373169e-03
16600 1.66000000e+03 5.66677190e-03 -3.79601424e-03 6.82070582e-03
16700 1.67000000e+03 5.54951467e-03 -3.68861482e-03 6.66355703e-03
16800 1.68000000e+03 5.50544215e-03 -3.35828052e-03 6.44887132e-03
16900 1.69000000e+03 5.42897079e-03 -3.54108308e-03 6.48174307e-03
17000 1.70000000e+03 5.68838743e-03 -3.77692049e-03 6.82809490e-03
17100 1.71000000e+03 5.68099087e-03 -3.61953466e-03 6.73607367e-03
17200 1.72000000e+03 5.55012096e-03 -3.46791907e-03 6.54448664e-03
17300 1.73000000e+03 5.88449091e-03 -3.66414734e-03 6.93204219e-03
17400 1.74000000e+03 5.69223054e-03 -3.82346078e-03 6.85713795e-03
17500 1.75000000e+03 5.68594132e-03 -3.71324387e-03 6.79103149e-03
17600 1.76000000e+03 5.75178303e-03 -3.79685266e-03 6.89195895e-03
17700 1.77000000e+03 5.50217647e-03 -3.77120799e-03 6.67052889e-03
17800 1.78000000e+03 5.51479077e-03 -3.71052744e-03 6.64687378e-03
17900 1.79000000e+03 5.40297478e-03 -3.59634683e-03 6.49044274e-03
18000 1.80000000e+03 5.47437556e-03 -3.77356610e-03 6.64895397e-03
18100 1.81000000e+03 5.60221355e-03 -4.08949517e-03 6.93604840e-03
18200 1.82000000e+03 5.55546023e-03 -4.03521536e-03 6.86630187e-03
18300 1.83000000e+03 5.48073323e-03 -3.94060835e-03 6.75032081e-03
18400 1.84000000e+03 5.51928626e-03 -3.89585970e-03 6.75575634e-03
18500 1.85000000e+03 5.61775872e-03 -3.94927431e-03 6.86702124e-03
18600 1.86000000e+03 5.40831033e-03 -4.00321046e-03 6.72870824e-03
18700 1.87000000e+03 5.40936645e-03 -4.17838432e-03 6.83521330e-03
18800 1.88000000e+03 5.36966091e-03 -3.71571397e-03 6.52991490e-03
18900 1.89000000e+03 5.19505609e-03 -4.03221091e-03 6.57627042e-03
19000 1.90000000e+03 5.40001784e-03 -4.10501193e-03 6.78316413e-03
19100 1.91000000e+03 5.46059385e-03 -4.01824759e-03 6.77970493e-03
19200 1.92000000e+03 5.47523517e-03 -3.73997656e-03 6.63065795e-03
19300 1.93000000e+03 5.78504289e-03 -3.83192045e-03 6.93904428e-03
19400 1.94000000e+03 5.73917292e-03 -3.55437770e-03 6.75068194e-03
19500 1.95000000e+03 5.74378856e-03 -3.64168687e-03 6.80095510e-03
19600 1.96000000e+03 5.73948631e-03 -3.63882096e-03 6.79578701e-03
19700 1.97000000e+03 5.97265176e-03 -3.51523934e-03 6.93033020e-03
19800 1.98000000e+03 5.93995210e-03 -3.64610646e-03 6.96972906e-03
19900 1.99000000e+03 6.12629997e-03 -3.82133480e-03 7.22039825e-03
20000 2.00000000e+03 6.01956714e-03 -3.35686072e-03 6.89229297e-03
20100 2.01000000e+03 6.00127596e-03 -3.18977865e-03 6.79632261e-03
20200 2.02000000e+03 5.95948007e-03 -3.31614725e-03 6.81998793e-03
20300 2.03000000e+03 5.74158039e-03 -3.22741363e-03 6.58649711e-03
20400 2.04000000e+03 5.63711068e-03 -3.44886724e-03 6.60845686e-03
20500 2.05000000e+03 5.54724876e-03 -3.23714502e-03 6.42270011e-03
20600 2.06000000e+03 5.42376563e-03 -3.32043483e-03 6.35944346e-03
20700 2.07000000e+03 5.42637799e-03 -3.03885317e-03 6.21934134e-03
20800 2.08000000e+03 5.56448568e-03 -3.12346243e-03 6.38118472e-03
20900 2.09000000e+03 5.37011540e-03 -3.03745084e-03 6.16962292e-03
21000 2.10000000e+03 5.24012186e-03 -3.11153056e-03 6.09430058e-03
21100 2.11000000e+03 5.45101659e-03 -3.11670732e-03 6.27912784e-03
21200 2.12000000e+03 5.48862247e-03 -3.22091556e-03 6.36390396e-03
21300 2.13000000e+03 5.43433335e-03 -3.33373761e-03 6.37540472e-03
21400 2.14000000e+03 5.38917165e-03 -3.57094663e-03 6.46489218e-03
21500 2.15000000e+03 5.36714494e-03 -3.64439515e-03 6.48751577e-03
21600 2.16000000e+03 5.22786519e-03 -3.87094077e-03 6.50497939e-03
21700 2.17000000e+03 5.33561781e-03 -3.48407566e-03 6.37240932e-03
21800 2.18000000e+03 5.31835854e-03 -3.52631509e-03 6.38120958e-03
21900 2.19000000e+03 5.35806781e-03 -3.20699206e-03 6.24449267e-03
22000 2.20000000e+03 5.29364217e-03 -3.44890123e-03 6.31803507e-03
22100 2.21000000e+03 5.23034064e-03 -3.64116626e-03 6.37295496e-03
22200 2.22000000e+03 5.23552252e-03 -3.65306344e-03 6.38400881e-03
22300 2.23000000e+03 5.16840350e-03 -3.35747236e-03 6.16319847e-03
22400 2.24000000e+03 5.42401010e-03 -3.58620472e-03 6.50236495e-03
22500 2.25000000e+03 5.59120020e-03 -3.55241983e-03 6.62428912e-03
22600 2.26000000e+03 5.83591638e-03 -3.65825719e-03 6.88772573e-03
22700 2.27000000e+03 5.75807039e-03 -3.49741848e-03 6.73701051e-03
22800 2.28000000e+03 5.66357281e-03 -3.56763741e-03 6.69358601e-03
22900 2.29000000e+03 5.65627683e-03 -3.48874554e-03 6.64566122e-03
23000 2.30000000e+03 5.50782960e-03 -3.63944750e-03 6.60164866e-03
23100 2.31000000e+03 5.42618101e-03 -3.52335442e-03 6.46973467e-03
23200 2.32000000e+03 5.38096763e-03 -3.28109926e-03 6.30241422e-03
23300 2.33000000e+03 5.65551035e-03 -3.44876200e-03 6.62410422e-03
23400 2.34000000e+03 5.86134335e-03 -3.46392253e-03 6.80838492e-03
23500 2.35000000e+03 5.94415888e-03 -3.57703934e-03 6.93745164e-03
23600 2.36000000e+03 5.90253621e-03 -3.87405138e-03 7.06032633e-03
23700 2.37000000e+03 5.76691702e-03 -3.76318721e-03 6.88613897e-03
23800 2.38000000e+03 6.02653064e-03 -4.07113181e-03 7.27277016e-03
23900 2.39000000e+03 5.93636231e-03 -3.91981238e-03 7.11374210e-03
24000 2.40000000e+03 5.76922297e-03 -3.79507709e-03 6.90554443e-03
24100 2.41000000e+03 5.66047290e-03 -3.78273334e-03 6.80808527e-03
24200 2.42000000e+03 5.57909813e-03 -3.85217951e-03 6.77979519e-03
24300 2.43000000e+03 5.69912186e-03 -3.86869023e-03 6.88816042e-03
24400 2.44000000e+03 5.52225346e-03 -3.88828060e-03 6.75381442e-03
24500 2.45000000e+03 5.28416131e-03 -3.82807525e-03 6.52506865e-03
24600 2.46000000e+03 5.41380746e-03 -3.91078787e-03 6.67859065e-03
24700 2.47000000e+03 5.24183689e-03 -3.64375580e-03 6.38387111e-03
24800 2.48000000e+03 5.26255602e-03 -3.70084890e-03 6.43356654e-03
24900 2.49000000e+03 5.26135555e-03 -3.66400555e-03 6.41145840e-03
25000 2.50000000e+03 5.37969824e-03 -3.64517863e-03 6.49834443e-03
25100 2.51000000e+03 5.41039044e-03 -3.81737552e-03 6.62153159e-03
25200 2.52000000e+03 5.33363270e-03 -3.53194191e-03 6.39705021e-03
25300 2.53000000e+03 5.53890225e-03 -3.59807932e-03 6.60496880e-03
25400 2.54000000e+03 5.74924983e-03 -3.58095299e-03 6.77326347e-03
25500 2.55000000e+03 5.58989868e-03 -3.40933376e-03 6.54755862e-03
25600 2.56000000e+03 5.70438243e-03 -3.19116004e-03 6.53632017e-03
25700 2.57000000e+03 5.69965784e-03 -2.99805985e-03 6.44006695e-03
25800 2.58000000e+03 5.59733342e-03 -3.16332141e-03 6.42936574e-03
25900 2.59000000e+03 5.59879839e-03 -3.18284868e-03 6.44026934e-03
26000 2.60000000e+03 5.82042988e-03 -3.60102905e-03 6.84432716e-03
26100 2.61000000e+03 6.18171180e-03 -3.70450015e-03 7.20672478e-03
26200 2.62000000e+03 6.18792325e-03 -3.64264566e-03 7.18047781e-03
26300 2.63000000e+03 5.91204036e-03 -3.18038464e-03 6.71320100e-03
26400 2.64000000e+03 6.00345898e-03 -3.33484565e-03 6.86751158e-03
26500 2.65000000e+03 5.77421114e-03 -3.48279020e-03 6.74324416e-03
26600 2.66000000e+03 5.76949446e-03 -3.40107130e-03 6.69733919e-03
26700 2.67000000e+03 5.74606610e-03 -3.38842138e-03 6.67073273e-03
26800 2.68000000e+03 5.67235146e-03 -3.35816573e-03 6.59187744e-03
26900 2.69000000e+03 5.51295187e-03 -3.50985816e-03 6.53542215e-03
27000 2.70000000e+03 5.45898639e-03 -3.24856490e-03 6.35245671e-03
27100 2.71000000e+03 5.24568651e-03 -3.13005410e-03 6.10855675e-03
27200 2.72000000e+03 5.32137044e-03 -3.31639498e-03 6.27020407e-03
27300 2.73000000e+03 5.41234249e-03 -3.45604401e-03 6.42165800e-03
27400 2.74000000e+03 5.31055685e-03 -3.49496119e-03 6.35741833e-03
27500 2.75000000e+03 5.29341912e-03 -3.68473027e-03 6.44961418e-03
27600 2.76000000e+03 5.28228842e-03 -3.59575544e-03 6.38999437e-03
27700 2.77000000e+03 5.35763614e-03 -3.66253080e-03 6.48986878e-03
27800 2.78000000e+03 5.18834172e-03 -3.40374839e-03 6.20519080e-03
27900 2.79000000e+03 5.24322502e-03 -3.34995636e-03 6.22202670e-03
28000 2.80000000e+03 5.31562371e-03 -3.35436594e-03 6.28550923e-03
28100 2.81000000e+03 5.15990937e-03 -3.62368766e-03 6.30521824e-03
28200 2.82000000e+03 5.20177977e-03 -3.70592787e-03 6.38689394e-03
28300 2.83000000e+03 5.04428567e-03 -3.64254694e-03 6.22197446e-03
28400 2.84000000e+03 5.09816501e-03 -3.59867094e-03 6.24033004e-03
28500 2.85000000e+03 5.14440890e-03 -3.46401753e-03 6.20196424e-03
28600 2.86000000e+03 5.52614685e-03 -3.49573744e-03 6.53899681e-03
28700 2.87000000e+03 5.48591232e-03 -3.48319858e-03 6.49830027e-03
28800 2.88000000e+03 5.55014517e-03 -3.67700704e-03 6.65766417e-03
28900 2.89000000e+03 5.60210692e-03 -3.57481488e-03 6.64551754e-03
29000 2.90000000e+03 5.63082425e-03 -3.48849245e-03 6.62387812e-03
29100 2.91000000e+03 5.66718215e-03 -3.42237228e-03 6.62039164e-03
29200 2.92000000e+03 5.58231398e-03 -3.40020168e-03 6.53632931e-03
29300 2.93000000e+03 5.52829215e-03 -3.27162258e-03 6.42382506e-03
29400 2.94000000e+03 5.46094310e-03 -3.13723693e-03 6.29794848e-03
29500 2.95000000e+03 5.37509099e-03 -3.16528464e-03 6.23783856e-03
29600 2.96000000e+03 5.64163737e-03 -3.98013880e-03 6.90431583e-03
29700 2.97000000e+03 5.72072528e-03 -3.85350641e-03 6.89755097e-03
29800 2.98000000e+03 5.64074097e-03 -3.71542317e-03 6.75443025e-03
29900 2.99000000e+03 5.78496652e-03 -4.01066709e-03 7.03926759e-03
30000 3.00000000e+03 5.88851934e-03 -4.01849020e-03 7.12901982e-03
30100 3.01000000e+03 5.88550419e-03 -4.11156612e-03 7.17942445e-03
30200 3.02000000e+03 5.83025720e-03 -4.09493409e-03 7.12463222e-03
30300 3.03000000e+03 5.83101343e-03 -4.22049500e-03 7.19814530e-03
30400 3.04000000e+03 5.64718992e-03 -4.00842261e-03 6.92518633e-03
30500 3.05000000e+03 5.62946871e-03 -3.84925213e-03 6.81965248e-03
30600 3.06000000e+03 5.48744900e-03 -3.97869200e-03 6.77805920e-03
30700 3.07000000e+03 5.40235126e-03 -3.78006697e-03 6.59350479e-03
30800 3.08000000e+03 5.36018750e-03 -3.52500053e-03 6.41539077e-03
30900 3.09000000e+03 5.41056087e-03 -3.32080154e-03 6.34837710e-03
31000 3.10000000e+03 5.28835878e-03 -3.23000504e-03 6.19674682e-03
31100 3.11000000e+03 5.32968808e-03 -3.30813811e-03 6.27290625e-03
31200 3.12000000e+03 5.35913371e-03 -3.30755766e-03 6.29763859e-03
31300 3.13000000e+03 5.17818937e-03 -3.20454291e-03 6.08955995e-03
31400 3.14000000e+03 5.31281251e-03 -3.16057471e-03 6.18184514e-03
31500 3.15000000e+03 5.32852532e-03 -3.26781953e-03 6.25074608e-03
31600 3.16000000e+03 5.70205972e-03 -3.32902092e-03 6.60271651e-03
31700 3.17000000e+03 6.00820826e-03 -3.21464334e-03 6.81413959e-03
31800 3.18000000e+03 5.82362385e-03 -3.21785593e-03 6.65350972e-03
31900 3.19000000e+03 5.94986975e-03 -3.20842606e-03 6.75980383e-03
32000 3.20000000e+03 5.81041630e-03 -3.13571491e-03 6.60254842e-03
32100 3.21000000e+03 5.84351784e-03 -3.43459402e-03 6.77813668e-03
32200 3.22000000e+03 5.79743879e-03 -3.83166200e-03 6.94923954e-03
32300 3.23000000e+03 5.91093907e-03 -3.71958036e-03 6.98387276e-03
32400 3.24000000e+03 5.87280514e-03 -3.66767589e-03 6.92399355e-03
32500 3.25000000e+03 5.77434432e-03 -3.44898808e-03 6.72596246e-03
32600 3.26000000e+03 5.53289475e-03 -3.15880007e-03 6.37110212e-03
32700 3.27000000e+03 5.78553090e-03 -3.58553580e-03 6.80649945e-03
32800 3.28000000e+03 5.91572933e-03 -3.72314407e-03 6.98982512e-03
32900 3.29000000e+03 5.86287910e-03 -3.78868356e-03 6.98050675e-03
33000 3.30000000e+03 5.89615572e-03 -3.51789966e-03 6.86587724e-03
33100 3.31000000e+03 5.48538240e-03 -3.57042765e-03 6.54502664e-03
33200 3.32000000e+03 5.67386299e-03 -3.58278863e-03 6.71037224e-03
33300 3.33000000e+03 5.60215954e-03 -3.26814619e-03 6.48575138e-03
33400 3.34000000e+03 5.52841788e-03 -3.28135234e-03 6.42889395e-03
33500 3.35000000e+03 5.56997349e-03 -3.39171104e-03 6.52137321e-03
33600 3.36000000e+03 5.67018054e-03 -3.40849697e-03 6.61579919e-03
33700 3.37000000e+03 5.64901577e-03 -3.40272393e-03 6.59468796e-03
33800 3.38000000e+03 5.65356761e-03 -3.73783149e-03 6.77747822e-03
33900 3.39000000e+03 5.67671843e-03 -3.55773419e-03 6.69944809e-03
34000 3.40000000e+03 5.44923404e-03 -3.52138793e-03 6.48801392e-03
34100 3.41000000e+03 5.37502300e-03 -3.87620786e-03 6.62690423e-03
34200 3.42000000e+03 5.37102390e-03 -3.66631337e-03 6.50305708e-03
34300 3.43000000e+03 5.20259049e-03 -3.53898387e-03 6.29216613e-03
34400 3.44000000e+03 5.20107057e-03 -3.32564977e-03 6.17341732e-03
34500 3.45000000e+03 5.07598557e-03 -3.12605919e-03 5.96136524e-03
34600 3.46000000e+03 5.19310497e-03 -3.60105676e-03 6.31948961e-03
34700 3.47000000e+03 4.95760795e-03 -3.45200882e-03 6.04104639e-03
34800 3.48000000e+03 5.01719769e-03 -3.39538301e-03 6.05812665e-03
34900 3.49000000e+03 5.11902012e-03 -3.52492020e-03 6.21525779e-03
35000 3.50000000e+03 5.07144537e-03 -3.45405238e-03 6.13596251e-03
35100 3.51000000e+03 5.17337723e-03 -3.41225252e-03 6.19736228e-03
35200 3.52000000e+03 5.04787359e-03 -3.40833236e-03 6.09079283e-03
35300 3.53000000e+03 5.18907001e-03 -3.34409089e-03 6.17328045e-03
35400 3.54000000e+03 5.03451424e-03 -3.30391061e-03 6.02180695e-03
35500 3.55000000e+03 4.85725142e-03 -3.31174955e-03 5.87882441e-03
35600 3.56000000e+03 4.81882226e-03 -3.19721713e-03 5.78301351e-03
35700 3.57000000e+03 4.81518963e-03 -3.22871911e-03 5.79747172e-03
35800 3.58000000e+03 5.14774770e-03 -3.57654341e-03 6.26825088e-03
35900 3.59000000e+03 5.35183772e-03 -3.93716991e-03 6.64405553e-03
36000 3.60000000e+03 5.47974790e-03 -3.84508283e-03 6.69419890e-03
36100 3.61000000e+03 5.50782215e-03 -3.70604452e-03 6.63858952e-03
36200 3.62000000e+03 5.59781678e-03 -4.11831681e-03 6.94953855e-03
36300 3.63000000e+03 5.64264134e-03 -4.23481734e-03 7.05500384e-03
36400 3.64000000e+03 5.55667095e-03 -4.33184067e-03 7.04566786e-03
36500 3.65000000e+03 5.56663470e-03 -4.26538894e-03 7.01291414e-03
36600 3.66000000e+03 5.48905181e-03 -4.35036374e-03 7.00395277e-03
36700 3.67000000e+03 5.51706087e-03 -4.17180965e-03 6.91678801e-03
36800 3.68000000e+03 5.42214792e-03 -3.70986457e-03 6.56983890e-03
36900 3.69000000e+03 5.32342121e-03 -3.48381582e-03 6.36205832e-03
37000 3.70000000e+03 5.21059427e-03 -3.38972942e-03 6.21615301e-03
37100 3.71000000e+03 5.24757896e-03 -3.20548634e-03 6.14916479e-03
37200 3.72000000e+03 5.32651786e-03 -3.16698267e-03 6.19690017e-03
37300 3.73000000e+03 5.27560012e-03 -3.19681456e-03 6.16859628e-03
37400 3.74000000e+03 5.37512172e-03 -3.20814131e-03 6.25972077e-03
37500 3.75000000e+03 5.38582914e-03 -3.24829319e-03 6.28955993e-03
37600 3.76000000e+03 5.11171762e-03 -3.07970261e-03 5.96776551e-03
37700 3.77000000e+03 5.18126087e-03 -3.04748281e-03 6.01104115e-03
37800 3.78000000e+03 5.10372035e-03 -3.03326966e-03 5.93706041e-03
37900 3.79000000e+03 5.39357448e-03 -3.34592885e-03 6.34711632e-03
38000 3.80000000e+03 5.36666252e-03 -3.25013185e-03 6.27410740e-03
38100 3.81000000e+03 5.42370230e-03 -3.39598954e-03 6.39916335e-03
38200 3.82000000e+03 5.47993788e-03 -3.47857387e-03 6.49077772e-03
38300 3.83000000e+03 5.35276998e-03 -3.78298108e-03 6.55462373e-03
38400 3.84000000e+03 5.44920145e-03 -4.03199252e-03 6.77869899e-03
38500 3.85000000e+03 5.39369043e-03 -3.60640977e-03 6.48830393e-03
38600 3.86000000e+03 5.55540808e-03 -3.64031969e-03 6.64187370e-03
38700 3.87000000e+03 5.39275026e-03 -3.61715583e-03 6.49350227e-03
38800 3.88000000e+03 5.60364034e-03 -3.59914266e-03 6.65992589e-03
38900 3.89000000e+03 5.55546209e-03 -3.50423786e-03 6.56832110e-03
39000 3.90000000e+03 5.54456841e-03 -3.53159430e-03 6.57376583e-03
39100 3.91000000e+03 5.78335952e-03 -3.81541811e-03 6.92853972e-03
39200 3.92000000e+03 5.62165119e-03 -3.73387453e-03 6.74868736e-03
39300 3.93000000e+03 5.77702979e-03 -3.54168145e-03 6.77625122e-03
39400 3.94000000e+03 5.94405970e-03 -3.47622880e-03 6.88592857e-03
39500 3.95000000e+03 5.96727710e-03 -3.55761987e-03 6.94730560e-03
39600 3.96000000e+03 5.78260561e-03 -3.28922691e-03 6.65263417e-03
39700 3.97000000e+03 5.65062510e-03 -3.27255204e-03 6.52986683e-03
39800 3.98000000e+03 5.67149324e-03 -3.46498378e-03 6.64619802e-03
39900 3.99000000e+03 5.71630942e-03 -3.45158949e-03 6.67754921e-03
40000 4.00000000e+03 5.72838634e-03 -3.58031597e-03 6.75522557e-03
40100 4.01000000e+03 5.53892646e-03 -3.50580644e-03 6.55518002e-03
40200 4.02000000e+03 5.71062509e-03 -3.93147208e-03 6.93308817e-03
40300 4.03000000e+03 5.89847611e-03 -4.06970317e-03 7.16620571e-03
40400 4.04000000e+03 5.78230713e-03 -3.75875970e-03 6.89661875e-03
40500 4.05000000e+03 5.70000615e-03 -3.57352477e-03 6.72756638e-03
40600 4.06000000e+03 5.72315883e-03 -3.68520711e-03 6.80700363e-03
40700 4.07000000e+03 5.69588039e-03 -3.37897334e-03 6.62272710e-03
40800 4.08000000e+03 5.66211157e-03 -3.48703656e-03 6.64973168e-03
40900 4.09000000e+03 5.58510423e-03 -3.29262717e-03 6.48342370e-03
41000 4.10000000e+03 5.32893371e-03 -3.57225491e-03 6.41549216e-03
41100 4.11000000e+03 5.09005645e-03 -3.46328644e-03 6.15654348e-03
41200 4.12000000e+03 4.96740174e-03 -3.58155253e-03 6.12393652e-03
41300 4.13000000e+03 4.98784147e-03 -3.62984790e-03 6.16882147e-03
41400 4.14000000e+03 5.07581979e-03 -3.78587609e-03 6.33220375e-03
41500 4.15000000e+03 4.90186969e-03 -3.71138426e-03 6.14839000e-03
41600 4.16000000e+03 5.10084396e-03 -3.83939967e-03 6.38432447e-03
41700 4.17000000e+03 5.06420899e-03 -3.55663523e-03 6.18836544e-03
41800 4.18000000e+03 4.89249919e-03 -3.25652142e-03 5.87720002e-03
41900 4.19000000e+03 4.78480617e-03 -3.38139292e-03 5.85902621e-03
42000 4.20000000e+03 4.82873572e-03 -3.49144638e-03 5.95876551e-03
42100 4.21000000e+03 4.92944196e-03 -3.62627581e-03 6.11958122e-03
42200 4.22000000e+03 4.85397456e-03 -3.51452315e-03 5.99274078e-03
42300 4.23000000e+03 4.88219690e-03 -3.67687014e-03 6.11189173e-03
42400 4.24000000e+03 4.94402181e-03 -3.76498024e-03 6.21437269e-03
42500 4.25000000e+03 5.07882843e-03 -3.70520819e-03 6.28673730e-03
42600 4.26000000e+03 4.94538946e-03 -3.59917898e-03 6.11645046e-03
42700 4.27000000e+03 5.15310606e-03 -3.75672244e-03 6.37710479e-03
42800 4.28000000e+03 5.26993303e-03 -3.71640478e-03 6.44855477e-03
42900 4.29000000e+03 5.47073456e-03 -3.61035438e-03 6.55466211e-03
43000 4.30000000e+03 5.52135380e-03 -3.58819170e-03 6.58486655e-03
43100 4.31000000e+03 5.43720042e-03 -3.34146060e-03 6.38188901e-03
43200 4.32000000e+03 5.55830309e-03 -3.43765668e-03 6.53545841e-03
43300 4.33000000e+03 5.45561360e-03 -3.46223754e-03 6.46148656e-03
43400 4.34000000e+03 5.50925452e-03 -3.31028295e-03 6.42727458e-03
43500 4.35000000e+03 5.38080372e-03 -3.29345069e-03 6.30871351e-03
43600 4.36000000e+03 5.43912454e-03 -3.28755798e-03 6.35547899e-03
43700 4.37000000e+03 5.69336023e-03 -3.45274992e-03 6.65851581e-03
43800 4.38000000e+03 5.65691711e-03 -3.33456439e-03 6.56658442e-03
43900 4.39000000e+03 5.48666157e-03 -3.57417855e-03 6.54814535e-03
44000 4.40000000e+03 5.43576246e-03 -3.74198286e-03 6.59923854e-03
44100 4.41000000e+03 5.37457224e-03 -3.73484753e-03 6.54485392e-03
44200 4.42000000e+03 5.26016997e-03 -3.53494729e-03 6.33760526e-03
44300 4.43000000e+03 5.28224744e-03 -3.77909234e-03 6.49489622e-03
44400 4.44000000e+03 5.34067769e-03 -4.05494589e-03 6.70562632e-03
44500 4.45000000e+03 5.38698863e-03 -3.74917849e-03 6.56322984e-03
44600 4.46000000e+03 5.53004304e-03 -4.06685518e-03 6.86445097e-03
44700 4.47000000e+03 5.57579193e-03 -3.93445697e-03 6.82417814e-03
44800 4.48000000e+03 5.58179850e-03 -3.93998576e-03 6.83227358e-03
44900 4.49000000e+03 5.48751373e-03 -3.59713007e-03 6.56141384e-03
45000 4.50000000e+03 5.48430486e-03 -3.68015608e-03 6.60463084e-03
45100 4.51000000e+03 5.46941115e-03 -3.89191601e-03 6.71278396e-03
45200 4.52000000e+03 5.36788581e-03 -3.69389355e-03 6.51606075e-03
45300 4.53000000e+03 5.50025655e-03 -3.79687431e-03 6.68349285e-03
45400 4.54000000e+03 5.34708379e-03 -3.61354346e-03 6.45360375e-03
45500 4.55000000e+03 5.44950552e-03 -3.74150649e-03 6.61029358e-03
45600 4.56000000e+03 5.53088263e-03 -3.58706899e-03 6.59224746e-03
45700 4.57000000e+03 5.51754702e-03 -3.67285218e-03 6.62821003e-03
45800 4.58000000e+03 5.35289478e-03 -3.57587612e-03 6.43741971e-03
45900 4.59000000e+03 5.51927602e-03 -3.70980590e-03 6.65019305e-03
46000 4.60000000e+03 5.58072794e-03 -4.13363148e-03 6.94488542e-03
46100 4.61000000e+03 5.46982046e-03 -3.95842083e-03 6.75189095e-03
46200 4.62000000e+03 5.43980394e-03 -3.93958483e-03 6.71653151e-03
46300 4.63000000e+03 5.50681027e-03 -3.82059999e-03 6.70238343e-03
46400 4.64000000e+03 5.38390037e-03 -3.73386196e-03 6.55195454e-03
46500 4.65000000e+03 5.45875682e-03 -3.70137463e-03 6.59531653e-03
46600 4.66000000e+03 5.36339544e-03 -3.80943110e-03 6.57858465e-03
46700 4.67000000e+03 5.57878520e-03 -3.97747755e-03 6.85150874e-03
46800 4.68000000e+03 5.62094757e-03 -4.33585327e-03 7.09892071e-03
46900 4.69000000e+03 5.66721149e-03 -3.85974208e-03 6.85674084e-03
47000 4.70000000e+03 5.47046307e-03 -3.53466673e-03 6.51305114e-03
47100 4.71000000e+03 5.35194576e-03 -3.39366170e-03 6.33721257e-03
47200 4.72000000e+03 5.43391146e-03 -3.75871058e-03 6.60721567e-03
47300 4.73000000e+03 5.50566055e-03 -3.55312834e-03 6.55263451e-03
47400 4.74000000e+03 5.40024275e-03 -3.41745350e-03 6.39074410e-03
47500 4.75000000e+03 5.35984803e-03 -3.44010536e-03 6.36885357e-03
47600 4.76000000e+03 5.40077826e-03 -3.43226013e-03 6.39912614e-03
47700 4.77000000e+03 5.35138976e-03 -3.59517755e-03 6.44691197e-03
47800 4.78000000e+03 5.27924625e-03 -3.62958875e-03 6.40658689e-03
47900 4.79000000e+03 5.18862950e-03 -3.40192672e-03 6.20443240e-03
48000 4.80000000e+03 5.07157529e-03 -3.20036616e-03 5.99693417e-03
48100 4.81000000e+03 5.33579476e-03 -3.40346247e-03 6.32884370e-03
48200 4.82000000e+03 5.51551627e-03 -3.53809865e-03 6.55279038e-03
48300 4.83000000e+03 5.42217074e-03 -3.32350447e-03 6.35968690e-03
48400 4.84000000e+03 5.50110871e-03 -3.36196623e-03 6.44709345e-03
48500 4.85000000e+03 5.30266343e-03 -3.07402876e-03 6.12926523e-03
48600 4.86000000e+03 5.23547456e-03 -2.92860600e-03 5.99891048e-03
48700 4.87000000e+03 5.28040947e-03 -3.09397094e-03 6.12008010e-03
48800 4.88000000e+03 5.26138581e-03 -3.20138736e-03 6.15881983e-03
48900 4.89000000e+03 5.38213644e-03 -3.15070362e-03 6.23653157e-03
49000 4.90000000e+03 5.31483721e-03 -3.13920598e-03 6.17269056e-03
49100 4.91000000e+03 5.66540565e-03 -3.32873082e-03 6.57094134e-03
49200 4.92000000e+03 5.62540069e-03 -3.44503392e-03 6.59646812e-03
49300 4.93000000e+03 5.62650524e-03 -3.29104578e-03 6.51832368e-03
49400 4.94000000e+03 5.63677866e-03 -3.35873337e-03 6.56158240e-03
49500 4.95000000e+03 5.65628521e-03 -3.50943673e-03 6.65655381e-03
49600 4.96000000e+03 5.43442369e-03 -3.40769580e-03 6.41446424e-03
49700 4.97000000e+03 5.38569596e-03 -3.36161978e-03 6.34871707e-03
49800 4.98000000e+03 5.39532071e-03 -3.43889464e-03 6.39808424e-03
49900 4.99000000e+03 5.34498738e-03 -3.68315657e-03 6.49111180e-03
50000 5.00000000e+03 5.30932331e-03 -3.51062650e-03 6.36501473e-03
50100 5.01000000e+03 5.35494462e-03 -3.56788421e-03 6.43468955e-03
50200 5.02000000e+03 5.52323880e-03 -3.59713309e-03 6.59132258e-03
50300 5.03000000e+03 5.56288753e-03 -3.58369644e-03 6.61729535e-03
50400 5.04000000e+03 5.52941952e-03 -3.46419401e-03 6.52496133e-03
50500 5.05000000e+03 5.67830494e-03 -3.80140613e-03 6.83328878e-03
50600 5.06000000e+03 5.58888726e-03 -3.74299195e-03 6.72648865e-03
50700 5.07000000e+03 5.49929589e-03 -3.44155938e-03 6.48741754e-03
50800 5.08000000e+03 5.48168458e-03 -3.67308152e-03 6.59851451e-03
50900 5.09000000e+03 5.58352517e-03 -3.76333878e-03 6.73338489e-03
51000 5.10000000e+03 5.73205668e-03 -3.67170013e-03 6.80719147e-03
51100 5.11000000e+03 5.60343871e-03 -3.61147989e-03 6.66643175e-03
51200 5.12000000e+03 5.64035354e-03 -3.52111878e-03 6.64920037e-03
51300 5.13000000e+03 5.73494425e-03 -3.70608689e-03 6.82822566e-03
51400 5.14000000e+03 5.74582443e-03 -3.74971214e-03 6.86111066e-03
51500 5.15000000e+03 5.71989128e-03 -3.81879951e-03 6.87752761e-03
51600 5.16000000e+03 5.63880987e-03 -3.90773453e-03 6.86050770e-03
51700 5.17000000e+03 5.51282428e-03 -3.61415138e-03 6.59191336e-03
51800 5.18000000e+03 5.51606249e-03 -3.64099955e-03 6.60937388e-03
51900 5.19000000e+03 5.39770443e-03 -3.76732275e-03 6.58239575e-03
52000 5.20000000e+03 5.48699778e-03 -3.99313215e-03 6.78618074e-03
52100 5.21000000e+03 5.62593015e-03 -4.03051777e-03 6.92070542e-03
52200 5.22000000e+03 5.50037529e-03 -3.95592675e-03 6.77521105e-03
52300 5.23000000e+03 5.63463382e-03 -3.94995464e-03 6.88122373e-03
52400 5.24000000e+03 5.63408714e-03 -3.98174766e-03 6.89907619e-03
52500 5.25000000e+03 5.55797853e-03 -3.98655795e-03 6.83986619e-03
52600 5.26000000e+03 5.44698816e-03 -4.14581643e-03 6.84525192e-03
52700 5.27000000e+03 5.41590434e-03 -3.83592513e-03 6.63674178e-03
52800 5.28000000e+03 5.20763639e-03 -3.64540378e-03 6.35676376e-03
52900 5.29000000e+03 5.43048326e-03 -4.17869538e-03 6.85212693e-03
53000 5.30000000e+03 5.50796185e-03 -4.15561115e-03 6.89976433e-03
53100 5.31000000e+03 5.44671994e-03 -3.84520646e-03 6.66726112e-03
53200 5.32000000e+03 5.79023920e-03 -3.86450766e-03 6.96141433e-03
53300 5.33000000e+03 5.70777385e-03 -3.62580130e-03 6.76203500e-03
53400 5.34000000e+03 5.78468805e-03 -3.67635861e-03 6.85406657e-03
53500 5.35000000e+03 5.63899800e-03 -3.52603476e-03 6.65065558e-03
53600 5.36000000e+03 5.84486872e-03 -3.44171375e-03 6.78291117e-03
53700 5.37000000e+03 5.90346567e-03 -3.66000668e-03 6.94597408e-03
53800 5.38000000e+03 6.13020360e-03 -3.76573205e-03 7.19445162e-03
53900 5.39000000e+03 5.99117065e-03 -3.46433627e-03 6.92067566e-03
54000 5.40000000e+03 6.01204857e-03 -3.23181506e-03 6.82563965e-03
54100 5.41000000e+03 6.01943117e-03 -3.43448180e-03 6.93031145e-03
54200 5.42000000e+03 5.85266016e-03 -3.31082311e-03 6.72422343e-03
54300 5.43000000e+03 5.66106709e-03 -3.42175551e-03 6.61483872e-03
54400 5.44000000e+03 5.66460099e-03 -3.36466730e-03 6.58852718e-03
54500 5.45000000e+03 5.57764992e-03 -3.28242546e-03 6.47182320e-03
54600 5.46000000e+03 5.46264835e-03 -3.17463395e-03 6.31813483e-03
54700 5.47000000e+03 5.49603999e-03 -3.00988485e-03 6.26624787e-03
54800 5.48000000e+03 5.37835853e-03 -2.98013189e-03 6.14881505e-03
54900 5.49000000e+03 5.38029568e-03 -2.99252057e-03 6.15652183e-03
55000 5.50000000e+03 5.33646019e-03 -2.93642120e-03 6.09100787e-03
55100 5.51000000e+03 5.39082801e-03 -3.21029522e-03 6.27431447e-03
55200 5.52000000e+03 5.41282399e-03 -3.34222685e-03 6.36153628e-03
55300 5.53000000e+03 5.49841207e-03 -3.66260228e-03 6.60660205e-03
55400 5.54000000e+03 5.33877453e-03 -3.53033841e-03 6.40045332e-03
55500 5.55000000e+03 5.31269563e-03 -3.60333966e-03 6.41940742e-03
55600 5.56000000e+03 5.35485568e-03 -3.57622001e-03 6.43924133e-03
55700 5.57000000e+03 5.41872624e-03 -3.63084208e-03 6.52269947e-03
55800 5.58000000e+03 5.43781044e-03 -3.35266045e-03 6.38827946e-03
55900 5.59000000e+03 5.33575471e-03 -3.26611963e-03 6.25602236e-03
56000 5.60000000e+03 5.23764687e-03 -3.73194134e-03 6.43119980e-03
56100 5.61000000e+03 5.12094237e-03 -3.53492890e-03 6.22252144e-03
56200 5.62000000e+03 5.24504110e-03 -3.50356288e-03 6.30756760e-03
56300 5.63000000e+03 5.45902178e-03 -3.58419120e-03 6.53049350e-03
56400 5.64000000e+03 5.63347246e-03 -3.52397631e-03 6.64487931e-03
56500 5.65000000e+03 5.76925930e-03 -3.66812921e-03 6.83663110e-03
56600 5.66000000e+03 5.77654922e-03 -3.55592649e-03 6.78329818e-03
56700 5.67000000e+03 5.68597065e-03 -3.53724346e-03 6.69644335e-03
56800 5.68000000e+03 5.63290622e-03 -3.46255233e-03 6.61202700e-03
56900 5.69000000e+03 5.46891522e-03 -3.61708645e-03 6.55685504e-03
57000 5.70000000e+03 5.45274653e-03 -3.48978210e-03 6.47387240e-03
57100 5.71000000e+03 5.38095413e-03 -3.33065912e-03 6.32834556e-03
57200 5.72000000e+03 5.66504896e-03 -3.51206400e-03 6.66538620e-03
57300 5.73000000e+03 5.70018869e-03 -3.42690921e-03 6.65100427e-03
57400 5.74000000e+03 5.99231478e-03 -3.55687412e-03 6.96844243e-03
57500 5.75000000e+03 5.92558086e-03 -3.76199512e-03 7.01891130e-03
57600 5.76000000e+03 5.77628426e-03 -3.74455634e-03 6.88383338e-03
57700 5.77000000e+03 6.00947160e-03 -3.97250801e-03 7.20378851e-03
57800 5.78000000e+03 5.83345443e-03 -3.91712226e-03 7.02659501e-03
57900 5.79000000e+03 5.77952107e-03 -3.87169770e-03 6.95650105e-03
58000 5.80000000e+03 5.67122595e-03 -3.84377292e-03 6.85108707e-03
58100 5.81000000e+03 5.57906087e-03 -3.82391876e-03 6.76374710e-03
58200 5.82000000e+03 5.71414083e-03 -3.94327007e-03 6.94267847e-03
58300 5.83000000e+03 5.52672707e-03 -3.95853911e-03 6.79814268e-03
58400 5.84000000e+03 5.26330853e-03 -3.80689302e-03 6.49575639e-03
58500 5.85000000e+03 5.27563086e-03 -3.83698824e-03 6.52340093e-03
58600 5.86000000e+03 5.25407307e-03 -3.71437264e-03 6.43442677e-03
58700 5.87000000e+03 5.30956127e-03 -3.67996423e-03 6.46015306e-03
58800 5.88000000e+03 5.26454858e-03 -3.63664376e-03 6.39848807e-03
58900 5.89000000e+03 5.38975466e-03 -3.72054009e-03 6.54918879e-03
59000 5.90000000e+03 5.25945704e-03 -3.57606448e-03 6.36004132e-03
59100 5.91000000e+03 5.34864049e-03 -3.59569956e-03 6.44492129e-03
59200 5.92000000e+03 5.55654475e-03 -3.67882638e-03 6.66400429e-03
59300 5.93000000e+03 5.77180460e-03 -3.57149914e-03 6.78743946e-03
59400 5.94000000e+03 5.56891970e-03 -3.39500350e-03 6.52218640e-03
59500 5.95000000e+03 5.73809957e-03 -3.26874666e-03 6.60382400e-03
59600 5.96000000e+03 5.73573913e-03 -3.06513370e-03 6.50336436e-03
59700 5.97000000e+03 5.66429738e-03 -3.05387448e-03 6.43509239e-03
59800 5.98000000e+03 5.62103093e-03 -3.25422781e-03 6.49507408e-03
59900 5.99000000e+03 5.83797554e-03 -3.59043665e-03 6.85369927e-03
60000 6.00000000e+03 5.98571124e-03 -3.70161468e-03 7.03780436e-03
60100 6.01000000e+03 6.12949533e-03 -3.57377343e-03 7.09524979e-03
60200 6.02000000e+03 5.92626072e-03 -3.16581060e-03 6.71884833e-03
60300 6.03000000e+03 5.82957175e-03 -3.21756722e-03 6.65857684e-03
60400 6.04000000e+03 5.82947209e-03 -3.47208069e-03 6.78513738e-03
60500 6.05000000e+03 5.79166040e-03 -3.47465137e-03 6.75400121e-03
60600 6.06000000e+03 5.69462031e-03 -3.29756388e-03 6.58047324e-03
60700 6.07000000e+03 5.69081446e-03 -3.33636254e-03 6.59671769e-03
60800 6.08000000e+03 5.51294908e-03 -3.38272587e-03 6.46803230e-03
60900 6.09000000e+03 5.43607352e-03 -3.20540159e-03 6.31074439e-03
61000 6.10000000e+03 5.25303651e-03 -3.11315991e-03 6.10623920e-03
61100 6.11000000e+03 5.33996429e-03 -3.38292914e-03 6.32134702e-03
61200 6.12000000e+03 5.38012851e-03 -3.37296282e-03 6.35001267e-03
61300 6.13000000e+03 5.34552289e-03 -3.47219990e-03 6.37422835e-03
61400 6.14000000e+03 5.25385002e-03 -3.60137830e-03 6.36968332e-03
61500 6.15000000e+03 5.37083577e-03 -3.61675047e-03 6.47508771e-03
61600 6.16000000e+03 5.38093876e-03 -3.73259699e-03 6.54880006e-03
61700 6.17000000e+03 5.20970067e-03 -3.46653466e-03 6.25762284e-03
61800 6.18000000e+03 5.26941335e-03 -3.42226587e-03 6.28320147e-03
61900 6.19000000e+03 5.28399181e-03 -3.35804326e-03 6.26075267e-03
62000 6.20000000e+03 5.22230426e-03 -3.52585549e-03 6.30112043e-03
62100 6.21000000e+03 5.19231940e-03 -3.59949213e-03 6.31795254e-03
62200 6.22000000e+03 5.05429879e-03 -3.70486546e-03 6.26673474e-03
62300 6.23000000e+03 5.11082541e-03 -3.66381602e-03 6.28840872e-03
62400 6.24000000e+03 5.15986606e-03 -3.52722569e-03 6.25024311e-03
62500 6.25000000e+03 5.40179061e-03 -3.47026763e-03 6.42044385e-03
62600 6.26000000e+03 5.42902108e-03 -3.40863131e-03 6.41038512e-03
62700 6.27000000e+03 5.51813468e-03 -3.65165807e-03 6.61697945e-03
62800 6.28000000e+03 5.56850992e-03 -3.55127687e-03 6.60453406e-03
62900 6.29000000e+03 5.65086538e-03 -3.53826396e-03 6.66720267e-03
63000 6.30000000e+03 5.75882290e-03 -3.41565278e-03 6.69557504e-03
63100 6.31000000e+03 5.60339820e-03 -3.45644262e-03 6.58369705e-03
63200 6.32000000e+03 5.47624845e-03 -3.17746331e-03 6.33131662e-03
63300 6.33000000e+03 5.48502663e-03 -3.19224806e-03 6.34633475e-03
63400 6.34000000e+03 5.30884368e-03 -2.98875477e-03 6.09232930e-03
63500 6.35000000e+03 5.68475807e-03 -3.94583726e-03 6.91997876e-03
63600 6.36000000e+03 5.81085077e-03 -3.85977537e-03 6.97594815e-03
63700 6.37000000e+03 5.65286400e-03 -3.76989553e-03 6.79462903e-03
63800 6.38000000e+03 5.79849258e-03 -4.09852387e-03 7.10073335e-03
63900 6.39000000e+03 5.91578288e-03 -4.10444196e-03 7.20020353e-03
64000 6.40000000e+03 5.87195717e-03 -4.10805084e-03 7.16630746e-03
64100 6.41000000e+03 5.80047863e-03 -4.08569025e-03 7.09495716e-03
64200 6.42000000e+03 5.84152807e-03 -4.19416046e-03 7.19127472e-03
64300 6.43000000e+03 5.66253485e-03 -4.07342473e-03 6.97546342e-03
64400 6.44000000e+03 5.65021904e-03 -3.91636882e-03 6.87480327e-03
64500 6.45000000e+03 5.50936535e-03 -4.06588288e-03 6.84722646e-03
64600 6.46000000e+03 5.29029034e-03 -3.76203912e-03 6.49154144e-03
64700 6.47000000e+03 5.36449673e-03 -3.51110613e-03 6.41137204e-03
64800 6.48000000e+03 5.42088645e-03 -3.30533204e-03 6.34911252e-03
64900 6.49000000e+03 5.24304947e-03 -3.24933324e-03 6.16828455e-03
65000 6.50000000e+03 5.34872431e-03 -3.37745529e-03 6.32582453e-03
65100 6.51000000e+03 5.38360421e-03 -3.37629486e-03 6.35472747e-03
65200 6.52000000e+03 5.19688521e-03 -3.27425334e-03 6.14234082e-03
65300 6.53000000e+03 5.27506694e-03 -3.16094095e-03 6.14962429e-03
65400 6.54000000e+03 5.31704957e-03 -3.24163702e-03 6.22729690e-03
65500 6.55000000e+03 5.74055547e-03 -3.39793926e-03 6.67082966e-03
65600 6.56000000e+03 6.05697418e-03 -3.29123880e-03 6.89341635e-03
65700 6.57000000e+03 5.85651817e-03 -3.28503898e-03 6.71493009e-03
65800 6.58000000e+03 5.99262258e-03 -3.28079984e-03 6.83192308e-03
65900 6.59000000e+03 5.79611259e-03 -3.12962360e-03 6.58706801e-03
66000 6.60000000e+03 5.85676590e-03 -3.34599824e-03 6.74517687e-03
66100 6.61000000e+03 5.67629095e-03 -3.50310793e-03 6.67023569e-03
66200 6.62000000e+03 5.89246862e-03 -3.74633959e-03 6.98256734e-03
66300 6.63000000e+03 5.90200303e-03 -3.75811826e-03 6.99693451e-03
66400 6.64000000e+03 5.70810586e-03 -3.46085429e-03 6.67532658e-03
66500 6.65000000e+03 5.55960834e-03 -3.22296610e-03 6.42625516e-03
66600 6.66000000e+03 5.70663251e-03 -3.39946570e-03 6.64244094e-03
66700 6.67000000e+03 5.86330844e-03 -3.58241121e-03 6.87110297e-03
66800 6.68000000e+03 5.89953549e-03 -3.77917849e-03 7.00619077e-03
66900 6.69000000e+03 5.92930615e-03 -3.60334013e-03 6.93835222e-03
67000 6.70000000e+03 5.57919638e-03 -3.52902059e-03 6.60162242e-03
67100 6.71000000e+03 5.73820155e-03 -3.56127834e-03 6.75349246e-03
67200 6.72000000e+03 5.68540487e-03 -3.44341923e-03 6.64687630e-03
67300 6.73000000e+03 5.69403544e-03 -3.32512055e-03 6.59382031e-03
67400 6.74000000e+03 5.66574745e-03 -3.43660568e-03 6.62653399e-03
67500 6.75000000e+03 5.69274370e-03 -3.44392424e-03 6.65341604e-03
67600 6.76000000e+03 5.69858542e-03 -3.51384771e-03 6.69484888e-03
67700 6.77000000e+03 5.66753186e-03 -3.77796683e-03 6.81131051e-03
67800 6.78000000e+03 5.68616390e-03 -3.60419182e-03 6.73221053e-03
67900 6.79000000e+03 5.50335599e-03 -3.49360658e-03 6.51860523e-03
68000 6.80000000e+03 5.34935575e-03 -3.75079084e-03 6.53330229e-03
68100 6.81000000e+03 5.37417457e-03 -3.72983469e-03 6.54166791e-03
68200 6.82000000e+03 5.24903229e-03 -3.50633403e-03 6.31242570e-03
68300 6.83000000e+03 5.16709685e-03 -3.29929055e-03 6.13059606e-03
68400 6.84000000e+03 5.03775058e-03 -3.08972527e-03 5.90976592e-03
68500 6.85000000e+03 5.26175974e-03 -3.52185383e-03 6.33163248e-03
68600 6.86000000e+03 5.11924736e-03 -3.33708129e-03 6.11087597e-03
68700 6.87000000e+03 5.10011381e-03 -3.53165460e-03 6.20352682e-03
68800 6.88000000e+03 5.05514862e-03 -3.43309762e-03 6.11070265e-03
68900 6.89000000e+03 5.11782104e-03 -3.50065273e-03 6.20053722e-03
69000 6.90000000e+03 5.27081592e-03 -3.38629121e-03 6.26485982e-03
69100 6.91000000e+03 5.16843982e-03 -3.31215234e-03 6.13865811e-03
69200 6.92000000e+03 5.17688552e-03 -3.27239302e-03 6.12443465e-03
69300 6.93000000e+03 5.05440030e-03 -3.25240172e-03 6.01041424e-03
69400 6.94000000e+03 4.88656294e-03 -3.37799499e-03 5.94048377e-03
69500 6.95000000e+03 4.81565809e-03 -3.29944142e-03 5.83754028e-03
69600 6.96000000e+03 4.77674603e-03 -3.25358333e-03 5.77954212e-03
69700 6.97000000e+03 4.98119183e-03 -3.45683051e-03 6.06316330e-03
69800 6.98000000e+03 5.26254345e-03 -3.73114645e-03 6.45103227e-03
69900 6.99000000e+03 5.40179852e-03 -3.84699134e-03 6.63164909e-03
70000 7.00000000e+03 5.42989466e-03 -3.70770181e-03 6.57501397e-03
70100 7.01000000e+03 5.58495708e-03 -3.95120820e-03 6.84132968e-03
70200 7.02000000e+03 5.49551193e-03 -4.21388354e-03 6.92513291e-03
70300 7.03000000e+03 5.62058482e-03 -4.33770427e-03 7.09976423e-03
70400 7.04000000e+03 5.52343344e-03 -4.05437406e-03 6.85173453e-03
70500 7.05000000e+03 5.48694655e-03 -4.43307078e-03 7.05398462e-03
70600 7.06000000e+03 5.53396624e-03 -4.14787419e-03 6.91589782e-03
70700 7.07000000e+03 5.43189235e-03 -3.77330836e-03 6.61387258e-03
70800 7.08000000e+03 5.33300731e-03 -3.53973871e-03 6.40083722e-03
70900 7.09000000e+03 5.21533936e-03 -3.43868672e-03 6.24694574e-03
71000 7.10000000e+03 5.18357661e-03 -3.22290952e-03 6.10381948e-03
71100 7.11000000e+03 5.26539795e-03 -3.25791538e-03 6.19180331e-03
71200 7.12000000e+03 5.23693860e-03 -3.28342593e-03 6.18113353e-03
71300 7.13000000e+03 5.39149949e-03 -3.16267880e-03 6.25066428e-03
71400 7.14000000e+03 5.39979152e-03 -3.29570868e-03 6.32609233e-03
71500 7.15000000e+03 5.21446858e-03 -3.13358847e-03 6.08358934e-03
71600 7.16000000e+03 5.19364327e-03 -3.09364358e-03 6.04520976e-03
71700 7.17000000e+03 5.11863781e-03 -2.97631603e-03 5.92105651e-03
71800 7.18000000e+03 5.40150097e-03 -3.38242063e-03 6.37314538e-03
71900 7.19000000e+03 5.37757855e-03 -3.28165665e-03 6.29981122e-03
72000 7.20000000e+03 5.43585559e-03 -3.42894369e-03 6.42698847e-03
72100 7.21000000e+03 5.50317392e-03 -3.52494861e-03 6.53530304e-03
72200 7.22000000e+03 5.37183136e-03 -3.83801456e-03 6.60203967e-03
72300 7.23000000e+03 5.39813098e-03 -3.91455647e-03 6.66810096e-03
72400 7.24000000e+03 5.48564643e-03 -3.52919893e-03 6.52284921e-03
72500 7.25000000e+03 5.56456018e-03 -3.69249843e-03 6.67823889e-03
72600 7.26000000e+03 5.40309213e-03 -3.66675318e-03 6.52981496e-03
72700 7.27000000e+03 5.61650097e-03 -3.64649901e-03 6.69641981e-03
72800 7.28000000e+03 5.58408350e-03 -3.46311484e-03 6.57078024e-03
72900 7.29000000e+03 5.45432558e-03 -3.43079236e-03 6.44360177e-03
73000 7.30000000e+03 5.80526749e-03 -3.87672731e-03 6.98069805e-03
73100 7.31000000e+03 5.63886203e-03 -3.78740975e-03 6.79273417e-03
73200 7.32000000e+03 5.71522629e-03 -3.54948943e-03 6.72775495e-03
73300 7.33000000e+03 5.90683008e-03 -3.49514978e-03 6.86343307e-03
73400 7.34000000e+03 6.01524580e-03 -3.53282527e-03 6.97596133e-03
73500 7.35000000e+03 5.80553943e-03 -3.34596937e-03 6.70073124e-03
73600 7.36000000e+03 5.67030301e-03 -3.31826531e-03 6.56987222e-03
73700 7.37000000e+03 5.68861980e-03 -3.51854437e-03 6.68883770e-03
73800 7.38000000e+03 5.56192221e-03 -3.33263073e-03 6.48393447e-03
73900 7.39000000e+03 5.75027196e-03 -3.54074663e-03 6.75296337e-03
74000 7.40000000e+03 5.53574786e-03 -3.38373985e-03 6.48800429e-03
74100 7.41000000e+03 5.76104736e-03 -3.83773935e-03 6.92227636e-03
74200 7.42000000e+03 5.92473941e-03 -4.13390109e-03 7.22438062e-03
74300 7.43000000e+03 5.83195221e-03 -3.72538064e-03 6.92026932e-03
74400 7.44000000e+03 5.71985450e-03 -3.61768855e-03 6.76789523e-03
74500 7.45000000e+03 5.73993195e-03 -3.73453298e-03 6.84788692e-03
74600 7.46000000e+03 5.64119220e-03 -3.30389477e-03 6.53748959e-03
74700 7.47000000e+03 5.67981927e-03 -3.53521015e-03 6.69014632e-03
74800 7.48000000e+03 5.51546784e-03 -3.31342802e-03 6.43422029e-03
74900 7.49000000e+03 5.33634098e-03 -3.61327175e-03 6.44455335e-03
75000 7.50000000e+03 5.09973988e-03 -3.51236388e-03 6.19225701e-03
75100 7.51000000e+03 4.99101495e-03 -3.53618897e-03 6.11676898e-03
75200 7.52000000e+03 4.95241303e-03 -3.52663011e-03 6.07976272e-03
75300 7.53000000e+03 5.08497888e-03 -3.83346202e-03 6.36807987e-03
75400 7.54000000e+03 4.94262017e-03 -3.67629342e-03 6.15992106e-03
75500 7.55000000e+03 5.04548941e-03 -3.73965339e-03 6.28028430e-03
75600 7.56000000e+03 5.08157630e-03 -3.60796112e-03 6.23215862e-03
75700 7.57000000e+03 4.90761641e-03 -3.30418255e-03 5.91627596e-03
75800 7.58000000e+03 4.79558297e-03 -3.42604704e-03 5.89367579e-03
75900 7.59000000e+03 4.79702652e-03 -3.46040865e-03 5.91488727e-03
76000 7.60000000e+03 4.90230974e-03 -3.49890953e-03 6.02287379e-03
76100 7.61000000e+03 4.86666150e-03 -3.56513099e-03 6.03278983e-03
76200 7.62000000e+03 4.89029801e-03 -3.73105099e-03 6.15107764e-03
76300 7.63000000e+03 4.95742122e-03 -3.82055482e-03 6.25880693e-03
76400 7.64000000e+03 5.05064847e-03 -3.67123471e-03 6.24395822e-03
76500 7.65000000e+03 4.95335367e-03 -3.64889996e-03 6.15225028e-03
76600 7.66000000e+03 5.16954111e-03 -3.81112308e-03 6.42252399e-03
76700 7.67000000e+03 5.28496737e-03 -3.77056864e-03 6.49215434e-03
76800 7.68000000e+03 5.44366939e-03 -3.58785386e-03 6.51968034e-03
76900 7.69000000e+03 5.54013299e-03 -3.64104542e-03 6.62950113e-03
77000 7.70000000e+03 5.39269485e-03 -3.32064321e-03 6.33307422e-03
77100 7.71000000e+03 5.60650881e-03 -3.39736813e-03 6.55553593e-03
77200 7.72000000e+03 5.49728330e-03 -3.42356460e-03 6.47618084e-03
77300 7.73000000e+03 5.52710053e-03 -3.26343207e-03 6.41863140e-03
77400 7.74000000e+03 5.38849551e-03 -3.24318255e-03 6.28920639e-03
77500 7.75000000e+03 5.37763070e-03 -3.27668968e-03 6.29726982e-03
77600 7.76000000e+03 5.71597740e-03 -3.50176380e-03 6.70333852e-03
77700 7.77000000e+03 5.67647442e-03 -3.37929139e-03 6.60620709e-03
77800 7.78000000e+03 5.49914734e-03 -3.62414098e-03 6.58597141e-03
77900 7.79000000e+03 5.45423990e-03 -3.61151295e-03 6.54154100e-03
78000 7.80000000e+03 5.39377611e-03 -3.69207328e-03 6.53637712e-03
78100 7.81000000e+03 5.27384551e-03 -3.57767497e-03 6.37284902e-03
78200 7.82000000e+03 5.26067661e-03 -3.76661634e-03 6.47009405e-03
78300 7.83000000e+03 5.29217161e-03 -4.03303374e-03 6.65375394e-03
78400 7.84000000e+03 5.40097756e-03 -3.79000604e-03 6.59808339e-03
78500 7.85000000e+03 5.52091701e-03 -3.88905732e-03 6.75316899e-03
78600 7.86000000e+03 5.59006119e-03 -3.98272788e-03 6.86373845e-03
78700 7.87000000e+03 5.59633272e-03 -3.98756703e-03 6.87165415e-03
78800 7.88000000e+03 5.50076133e-03 -3.63638159e-03 6.59406144e-03
78900 7.89000000e+03 5.49721951e-03 -3.72077338e-03 6.63804014e-03
79000 7.90000000e+03 5.45828044e-03 -3.67437722e-03 6.57980800e-03
79100 7.91000000e+03 5.38248941e-03 -3.73520469e-03 6.55156061e-03
79200 7.92000000e+03 5.51745621e-03 -3.84160317e-03 6.72311223e-03
79300 7.93000000e+03 5.38524240e-03 -3.56566720e-03 6.45870098e-03
79400 7.94000000e+03 5.54917613e-03 -3.74930608e-03 6.69706292e-03
79500 7.95000000e+03 5.54661313e-03 -3.63176712e-03 6.62983029e-03
79600 7.96000000e+03 5.56043861e-03 -3.62929376e-03 6.64004900e-03
79700 7.97000000e+03 5.32021374e-03 -3.54330428e-03 6.39215765e-03
79800 7.98000000e+03 5.45623759e-03 -3.59469908e-03 6.53394139e-03
79900 7.99000000e+03 5.59863588e-03 -4.18596389e-03 6.99049479e-03
80000 8.00000000e+03 5.48397936e-03 -4.00907639e-03 6.79313795e-03
80100 8.01000000e+03 5.45254210e-03 -3.98182124e-03 6.75167503e-03
80200 8.02000000e+03 5.49955992e-03 -3.77724716e-03 6.67178802e-03
80300 8.03000000e+03 5.39546134e-03 -3.77750210e-03 6.58638939e-03
80400 8.04000000e+03 5.47115924e-03 -3.74483550e-03 6.63003592e-03
80500 8.05000000e+03 5.39153907e-03 -3.76284309e-03 6.57477617e-03
80600 8.06000000e+03 5.55911660e-03 -3.94492643e-03 6.81661367e-03
80700 8.07000000e+03 5.58474800e-03 -4.22270363e-03 7.00147386e-03
80800 8.08000000e+03 5.69210853e-03 -3.92606854e-03 6.91477503e-03
80900 8.09000000e+03 5.48958685e-03 -3.60291940e-03 6.56632256e-03
81000 8.10000000e+03 5.35697304e-03 -3.36477673e-03 6.32604794e-03
81100 8.11000000e+03 5.40108792e-03 -3.48843541e-03 6.42969147e-03
81200 8.12000000e+03 5.53318160e-03 -3.62145901e-03 6.61294669e-03
81300 8.13000000e+03 5.35827642e-03 -3.41242179e-03 6.35261747e-03
81400 8.14000000e+03 5.38299233e-03 -3.50386323e-03 6.42290152e-03
81500 8.15000000e+03 5.42200077e-03 -3.48888617e-03 6.44751263e-03
81600 8.16000000e+03 5.38635394e-03 -3.56125645e-03 6.45719415e-03
81700 8.17000000e+03 5.30398265e-03 -3.59847164e-03 6.40946410e-03
81800 8.18000000e+03 5.20559773e-03 -3.45083047e-03 6.24551668e-03
81900 8.19000000e+03 5.08688530e-03 -3.24476091e-03 6.03364529e-03
82000 8.20000000e+03 5.35859820e-03 -3.46062984e-03 6.37891319e-03
82100 8.21000000e+03 5.45498030e-03 -3.48796719e-03 6.47477607e-03
82200 8.22000000e+03 5.44635532e-03 -3.38590075e-03 6.41304220e-03
82300 8.23000000e+03 5.53064328e-03 -3.42375552e-03 6.50462274e-03
82400 8.24000000e+03 5.32938540e-03 -3.13399499e-03 6.18257821e-03
82500 8.25000000e+03 5.25829196e-03 -2.97987531e-03 6.04394666e-03
82600 8.26000000e+03 5.28131425e-03 -3.05275968e-03 6.10013294e-03
82700 8.27000000e+03 5.19949663e-03 -2.99796741e-03 6.00188086e-03
82800 8.28000000e+03 5.40147070e-03 -3.19676264e-03 6.27655774e-03
82900 8.29000000e+03 5.33614960e-03 -3.19276447e-03 6.21837901e-03
83000 8.30000000e+03 5.68276830e-03 -3.29417805e-03 6.56852073e-03
83100 8.31000000e+03 5.64747164e-03 -3.50073795e-03 6.64447907e-03
83200 8.32000000e+03 5.61071374e-03 -3.26113519e-03 6.48961566e-03
83300 8.33000000e+03 5.62657323e-03 -3.32517060e-03 6.53567792e-03
83400 8.34000000e+03 5.55181503e-03 -3.25006433e-03 6.43316161e-03
83500 8.35000000e+03 5.42949233e-03 -3.27348150e-03 6.33995805e-03
83600 8.36000000e+03 5.40188141e-03 -3.40851978e-03 6.38735704e-03
83700 8.37000000e+03 5.40804816e-03 -3.47908819e-03 6.43047740e-03
83800 8.38000000e+03 5.42711793e-03 -3.66847287e-03 6.55067189e-03
83900 8.39000000e+03 5.30417915e-03 -3.39302886e-03 6.29658331e-03
84000 8.40000000e+03 5.27802389e-03 -3.60436272e-03 6.39131964e-03
84100 8.41000000e+03 5.54219168e-03 -3.65563575e-03 6.63924403e-03
84200 8.42000000e+03 5.52192004e-03 -3.57106887e-03 6.57602721e-03
84300 8.43000000e+03 5.54458704e-03 -3.50705092e-03 6.56062890e-03
84400 8.44000000e+03 5.62881026e-03 -3.78708588e-03 6.78421141e-03
84500 8.45000000e+03 5.60303777e-03 -3.79252573e-03 6.76589120e-03
84600 8.46000000e+03 5.51529787e-03 -3.49059841e-03 6.52708112e-03
84700 8.47000000e+03 5.49346674e-03 -3.71834636e-03 6.63357192e-03
84800 8.48000000e+03 5.59825543e-03 -3.80893121e-03 6.77114620e-03
84900 8.49000000e+03 5.75184310e-03 -3.71778011e-03 6.84876544e-03
85000 8.50000000e+03 5.59116621e-03 -3.61922989e-03 6.66032766e-03
85100 8.51000000e+03 5.64315449e-03 -3.41388467e-03 6.59543791e-03
85200 8.52000000e+03 5.75245265e-03 -3.75839695e-03 6.87140882e-03
85300 8.53000000e+03 5.69815049e-03 -3.72608751e-03 6.80827784e-03
85400 8.54000000e+03 5.78418607e-03 -3.78751522e-03 6.91390483e-03
85500 8.55000000e+03 5.65214455e-03 -3.96356639e-03 6.90337573e-03
85600 8.56000000e+03 5.48216701e-03 -3.58074461e-03 6.54796816e-03
85700 8.57000000e+03 5.53160720e-03 -3.68763600e-03 6.64810781e-03
85800 8.58000000e+03 5.41045796e-03 -3.80568951e-03 6.61485661e-03
85900 8.59000000e+03 5.49540017e-03 -3.85771738e-03 6.71426887e-03
86000 8.60000000e+03 5.62053639e-03 -3.99010628e-03 6.89284974e-03
86100 8.61000000e+03 5.54001750e-03 -3.81688355e-03 6.72758456e-03
86200 8.62000000e+03 5.65341394e-03 -3.99112282e-03 6.92027099e-03
86300 8.63000000e+03 5.56744589e-03 -3.97797721e-03 6.84256942e-03
86400 8.64000000e+03 5.56339370e-03 -3.94938234e-03 6.82268058e-03
86500 8.65000000e+03 5.45818871e-03 -4.20241430e-03 6.88854919e-03
86600 8.66000000e+03 5.43219782e-03 -3.88809154e-03 6.68027163e-03
86700 8.67000000e+03 5.21934219e-03 -3.68941040e-03 6.39165721e-03
86800 8.68000000e+03 5.35416370e-03 -4.23659757e-03 6.82757848e-03
86900 8.69000000e+03 5.45546087e-03 -4.16308176e-03 6.86245605e-03
87000 8.70000000e+03 5.46368584e-03 -3.90762370e-03 6.71724541e-03
87100 8.71000000e+03 5.72519377e-03 -3.91172897e-03 6.93393591e-03
87200 8.72000000e+03 5.73428953e-03 -3.59169184e-03 6.76626387e-03
87300 8.73000000e+03 5.81314974e-03 -3.73734487e-03 6.91089405e-03
87400 8.74000000e+03 5.66275697e-03 -3.59005644e-03 6.70487299e-03
87500 8.75000000e+03 5.87222492e-03 -3.49705224e-03 6.83464702e-03
87600 8.76000000e+03 5.93437860e-03 -3.63807147e-03 6.96077678e-03
87700 8.77000000e+03 6.13266323e-03 -3.74270929e-03 7.18452720e-03
87800 8.78000000e+03 6.01766724e-03 -3.51703446e-03 6.97006818e-03
87900 8.79000000e+03 6.04389049e-03 -3.28786112e-03 6.88030835e-03
88000 8.80000000e+03 6.06376491e-03 -3.40690464e-03 6.95530331e-03
88100 8.81000000e+03 5.87019697e-03 -3.25782457e-03 6.71361552e-03
88200 8.82000000e+03 5.67476032e-03 -3.39197367e-03 6.61123212e-03
88300 8.83000000e+03 5.63339703e-03 -3.35399900e-03 6.55625437e-03
88400 8.84000000e+03 5.60504897e-03 -3.25220614e-03 6.48023292e-03
88500 8.85000000e+03 5.49307000e-03 -3.14062904e-03 6.32750889e-03
88600 8.86000000e+03 5.53281698e-03 -2.97793210e-03 6.28332264e-03
88700 8.87000000e+03 5.40290680e-03 -2.94285431e-03 6.15238111e-03
88800 8.88000000e+03 5.34074102e-03 -2.88285222e-03 6.06913103e-03
88900 8.89000000e+03 5.35880122e-03 -2.98268464e-03 6.13295673e-03
89000 8.90000000e+03 5.41274762e-03 -3.25737987e-03 6.31730642e-03
89100 8.91000000e+03 5.42841852e-03 -3.39183118e-03 6.40095668e-03
89200 8.92000000e+03 5.45136444e-03 -3.51312803e-03 6.48532519e-03
89300 8.93000000e+03 5.35669364e-03 -3.58738354e-03 6.44697506e-03
89400 8.94000000e+03 5.33038611e-03 -3.65859992e-03 6.46516585e-03
89500 8.95000000e+03 5.37669007e-03 -3.63242603e-03 6.48870672e-03
89600 8.96000000e+03 5.52787678e-03 -3.67378304e-03 6.63732654e-03
89700 8.97000000e+03 5.45534911e-03 -3.40450602e-03 6.43051282e-03
89800 8.98000000e+03 5.39314467e-03 -3.23398178e-03 6.28845352e-03
89900 8.99000000e+03 5.22816181e-03 -3.70262424e-03 6.40648907e-03
90000 9.00000000e+03 5.13468729e-03 -3.59297125e-03 6.26693354e-03
90100 9.01000000e+03 5.20250574e-03 -3.48390243e-03 6.26128119e-03
90200 9.02000000e+03 5.39106643e-03 -3.59690469e-03 6.48084258e-03
90300 9.03000000e+03 5.65570872e-03 -3.57757020e-03 6.69223802e-03
90400 9.04000000e+03 5.71307633e-03 -3.65877524e-03 6.78423742e-03
90500 9.05000000e+03 5.79629047e-03 -3.60365864e-03 6.82519881e-03
90600 9.06000000e+03 5.70655987e-03 -3.58998519e-03 6.74187060e-03
90700 9.07000000e+03 5.71619347e-03 -3.44614638e-03 6.67463801e-03
90800 9.08000000e+03 5.49059687e-03 -3.57933529e-03 6.55425778e-03
90900 9.09000000e+03 5.47346892e-03 -3.53814173e-03 6.51746184e-03
91000 9.10000000e+03 5.39722899e-03 -3.36909480e-03 6.36245869e-03
91100 9.11000000e+03 5.53784519e-03 -3.34172207e-03 6.46798545e-03
91200 9.12000000e+03 5.71746752e-03 -3.46437446e-03 6.68515708e-03
91300 9.13000000e+03 6.04001619e-03 -3.51720909e-03 6.98946030e-03
91400 9.14000000e+03 5.94115723e-03 -3.80774611e-03 7.05664790e-03
91500 9.15000000e+03 5.75273484e-03 -3.71028925e-03 6.84545137e-03
91600 9.16000000e+03 5.97343454e-03 -3.96105601e-03 7.16741829e-03
91700 9.17000000e+03 5.93193341e-03 -3.92949022e-03 7.11538667e-03
91800 9.18000000e+03 5.79927210e-03 -3.92786646e-03 7.00426240e-03
91900 9.19000000e+03 5.68799488e-03 -3.88825079e-03 6.88997678e-03
92000 9.20000000e+03 5.59538510e-03 -3.87396291e-03 6.80558028e-03
92100 9.21000000e+03 5.65590197e-03 -3.95658240e-03 6.90244677e-03
92200 9.22000000e+03 5.60338888e-03 -3.83933773e-03 6.79253128e-03
92300 9.23000000e+03 5.27722389e-03 -3.85658024e-03 6.53623004e-03
92400 9.24000000e+03 5.23767620e-03 -3.82174249e-03 6.48374642e-03
92500 9.25000000e+03 5.21385204e-03 -3.69714806e-03 6.39164743e-03
92600 9.26000000e+03 5.26134251e-03 -3.66641325e-03 6.41282396e-03
92700 9.27000000e+03 5.23824291e-03 -3.60194733e-03 6.35713878e-03
92800 9.28000000e+03 5.39106224e-03 -3.60789197e-03 6.48694354e-03
92900 9.29000000e+03 5.27871400e-03 -3.63067794e-03 6.40676547e-03
93000 9.30000000e+03 5.36850747e-03 -3.64580285e-03 6.48943378e-03
93100 9.31000000e+03 5.41995605e-03 -3.57998745e-03 6.49555492e-03
93200 9.32000000e+03 5.71677275e-03 -3.47859995e-03 6.69194652e-03
93300 9.33000000e+03 5.59382699e-03 -3.44742439e-03 6.57081695e-03
93400 9.34000000e+03 5.68163116e-03 -3.29484604e-03 6.56787203e-03
93500 9.35000000e+03 5.77100180e-03 -3.11863236e-03 6.55975073e-03
93600 9.36000000e+03 5.69002051e-03 -3.10828211e-03 6.48365260e-03
93700 9.37000000e+03 5.64581761e-03 -3.31157586e-03 6.54536410e-03
93800 9.38000000e+03 5.93218440e-03 -3.58800637e-03 6.93286387e-03
93900 9.39000000e+03 5.97615866e-03 -3.60667193e-03 6.98015435e-03
94000 9.40000000e+03 6.16151979e-03 -3.64175811e-03 7.15728498e-03
94100 9.41000000e+03 5.95613988e-03 -3.22031975e-03 6.77097198e-03
94200 9.42000000e+03 5.79126086e-03 -3.17817251e-03 6.60601869e-03
94300 9.43000000e+03 5.85348438e-03 -3.53164831e-03 6.83636009e-03
94400 9.44000000e+03 5.75324334e-03 -3.46262031e-03 6.71487516e-03
94500 9.45000000e+03 5.71774133e-03 -3.35065112e-03 6.62717352e-03
94600 9.46000000e+03 5.62032592e-03 -3.25801224e-03 6.49636107e-03
94700 9.47000000e+03 5.57238515e-03 -3.35978344e-03 6.50689028e-03
94800 9.48000000e+03 5.48256235e-03 -3.17908567e-03 6.33759226e-03
94900 9.49000000e+03 5.27836662e-03 -3.16768605e-03 6.15592309e-03
95000 9.50000000e+03 5.29923663e-03 -3.26013006e-03 6.22176477e-03
95100 9.51000000e+03 5.39906044e-03 -3.42957024e-03 6.39623370e-03
95200 9.52000000e+03 5.36330044e-03 -3.52248084e-03 6.41660836e-03
95300 9.53000000e+03 5.26414951e-03 -3.55718518e-03 6.35333271e-03
95400 9.54000000e+03 5.35764406e-03 -3.58620752e-03 6.44711053e-03
95500 9.55000000e+03 5.40096965e-03 -3.78490263e-03 6.59514678e-03
95600 9.56000000e+03 5.22794947e-03 -3.51274339e-03 6.29847774e-03
95700 9.57000000e+03 5.27865486e-03 -3.38520994e-03 6.27087263e-03
95800 9.58000000e+03 5.26687596e-03 -3.25183384e-03 6.18986314e-03
95900 9.59000000e+03 5.23723103e-03 -3.58129246e-03 6.34462328e-03
96000 9.60000000e+03 5.18016936e-03 -3.55972443e-03 6.28536336e-03
96100 9.61000000e+03 5.06414101e-03 -3.75121133e-03 6.30215127e-03
96200 9.62000000e+03 5.12217823e-03 -3.71157355e-03 6.32554251e-03
96300 9.63000000e+03 5.17318444e-03 -3.57447192e-03 6.28797955e-03
96400 9.64000000e+03 5.40213240e-03 -3.33623472e-03 6.34929103e-03
96500 9.65000000e+03 5.44307102e-03 -3.35546862e-03 6.39423113e-03
96600 9.66000000e+03 5.48946252e-03 -3.61098466e-03 6.57064753e-03
96700 9.67000000e+03 5.58590889e-03 -3.59076285e-03 6.64047859e-03
96800 9.68000000e+03 5.66772325e-03 -3.57580883e-03 6.70145474e-03
96900 9.69000000e+03 5.78428153e-03 -3.46269598e-03 6.74152626e-03
97000 9.70000000e+03 5.62087353e-03 -3.49828787e-03 6.62059192e-03
97100 9.71000000e+03 5.49249118e-03 -3.21467174e-03 6.36408468e-03
97200 9.72000000e+03 5.50406380e-03 -3.23375827e-03 6.38372233e-03
97300 9.73000000e+03 5.32779843e-03 -3.03038233e-03 6.12932730e-03
97400 9.74000000e+03 5.69588831e-03 -3.98247037e-03 6.95005136e-03
97500 9.75000000e+03 5.69716655e-03 -3.79465078e-03 6.84522324e-03
97600 9.76000000e+03 5.70163783e-03 -3.63389775e-03 6.76120454e-03
97700 9.77000000e+03 5.80429612e-03 -3.90734710e-03 6.99694324e-03
97800 9.78000000e+03 5.90585964e-03 -4.08153003e-03 7.17900170e-03
97900 9.79000000e+03 5.90223586e-03 -4.07922454e-03 7.17470982e-03
98000 9.80000000e+03 5.74880559e-03 -4.07319749e-03 7.04554494e-03
98100 9.81000000e+03 5.85872866e-03 -4.24244627e-03 7.23346749e-03
98200 9.82000000e+03 5.73907141e-03 -3.97082744e-03 6.97885458e-03
98300 9.83000000e+03 5.66669088e-03 -3.96658527e-03 6.91702134e-03
98400 9.84000000e+03 5.52475452e-03 -4.13262052e-03 6.89938149e-03
98500 9.85000000e+03 5.30707091e-03 -3.81556712e-03 6.53632573e-03
98600 9.86000000e+03 5.39122522e-03 -3.56775103e-03 6.46484004e-03
98700 9.87000000e+03 5.44524752e-03 -3.35756829e-03 6.39718574e-03
98800 9.88000000e+03 5.25583187e-03 -3.20981024e-03 6.15846169e-03
98900 9.89000000e+03 5.30559057e-03 -3.26558622e-03 6.23003569e-03
99000 9.90000000e+03 5.40272426e-03 -3.42820236e-03 6.39859366e-03
99100 9.91000000e+03 5.23588806e-03 -3.23682441e-03 6.15561176e-03
99200 9.92000000e+03 5.29626152e-03 -3.21102422e-03 6.19363081e-03
99300 9.93000000e+03 5.33480616e-03 -3.28582199e-03 6.26552336e-03
99400 9.94000000e+03 5.77622419e-03 -3.35898995e-03 6.68188442e-03
99500 9.95000000e+03 6.00090483e-03 -3.34619032e-03 6.87079679e-03
99600 9.96000000e+03 5.89418318e-03 -3.18265893e-03 6.69856053e-03
99700 9.97000000e+03 5.88686485e-03 -3.21135181e-03 6.70581525e-03
99800 9.98000000e+03 5.82237681e-03 -3.17812129e-03 6.63328928e-03
99900 9.99000000e+03 5.88182267e-03 -3.21595673e-03 6.70359721e-03
100000 1.00000000e+04 5.66330459e-03 -3.47248605e-03 6.64313015e-03
