# step  t  vx_mean  vy_mean  vmag_mean
0 0.00000000e+00 4.47240565e-03 -3.62241920e-03 5.75537429e-03
100 1.00000000e+01 4.41422779e-03 -3.69397574e-03 5.75594161e-03
200 2.00000000e+01 4.37666429e-03 -3.52127268e-03 5.61734382e-03
300 3.00000000e+01 4.26082825e-03 -3.47829610e-03 5.50029101e-03
400 4.00000000e+01 4.27512499e-03 -3.31533537e-03 5.41000391e-03
500 5.00000000e+01 4.19578049e-03 -2.97036697e-03 5.14078339e-03
600 6.00000000e+01 4.17412305e-03 -2.83603743e-03 5.04642562e-03
700 7.00000000e+01 4.19887342e-03 -2.76915496e-03 5.02978699e-03
800 8.00000000e+01 3.98814585e-03 -2.55213678e-03 4.73483996e-03
900 9.00000000e+01 4.05931287e-03 -2.86172703e-03 4.96663896e-03
1000 1.00000000e+02 4.02197335e-03 -2.60919658e-03 4.79418152e-03
1100 1.10000000e+02 3.99332121e-03 -2.56540300e-03 4.74635722e-03
1200 1.20000000e+02 3.95726133e-03 -2.41870037e-03 4.63789055e-03
1300 1.30000000e+02 3.96503555e-03 -2.38605542e-03 4.62760925e-03
1400 1.40000000e+02 3.90851218e-03 -2.19863583e-03 4.48446953e-03
1500 1.50000000e+02 4.07633558e-03 -2.48298817e-03 4.77302232e-03
1600 1.60000000e+02 4.01874026e-03 -2.38565099e-03 4.67350018e-03
1700 1.70000000e+02 3.76254227e-03 -2.57214578e-03 4.55770318e-03
1800 1.80000000e+02 3.79501050e-03 -2.37491215e-03 4.47686413e-03
1900 1.90000000e+02 3.72430822e-03 -2.41162535e-03 4.43693684e-03
2000 2.00000000e+02 3.54160229e-03 -2.35232664e-03 4.25163350e-03
2100 2.10000000e+02 3.54419276e-03 -2.30475259e-03 4.22766920e-03
2200 2.20000000e+02 3.57781793e-03 -2.39654863e-03 4.30630079e-03
2300 2.30000000e+02 3.70455720e-03 -2.29004677e-03 4.35523343e-03
2400 2.40000000e+02 3.92321683e-03 -2.37838365e-03 4.58784689e-03
2500 2.50000000e+02 3.97035619e-03 -2.55467021e-03 4.72123587e-03
2600 2.60000000e+02 3.94320022e-03 -2.57781008e-03 4.71104371e-03
2700 2.70000000e+02 4.17811330e-03 -2.99183978e-03 5.13884579e-03
2800 2.80000000e+02 4.16884152e-03 -2.88464478e-03 5.06955769e-03
2900 2.90000000e+02 4.25561843e-03 -2.93175108e-03 5.16773187e-03
3000 3.00000000e+02 4.45734197e-03 -3.09962593e-03 5.42914159e-03
3100 3.10000000e+02 4.44856239e-03 -3.04174004e-03 5.38905278e-03
3200 3.20000000e+02 4.32974845e-03 -3.06707202e-03 5.30600155e-03
3300 3.30000000e+02 4.08222154e-03 -3.11713736e-03 5.13625135e-03
3400 3.40000000e+02 4.03049123e-03 -3.10522411e-03 5.08795404e-03
3500 3.50000000e+02 4.15239390e-03 -2.96210870e-03 5.10063359e-03
3600 3.60000000e+02 4.04762989e-03 -2.76329531e-03 4.90092937e-03
3700 3.70000000e+02 3.97937465e-03 -2.66463403e-03 4.78912279e-03
3800 3.80000000e+02 3.92120564e-03 -2.47502234e-03 4.63698062e-03
3900 3.90000000e+02 3.95406317e-03 -2.39929510e-03 4.62506568e-03
4000 4.00000000e+02 4.00128262e-03 -2.06277403e-03 4.50169960e-03
4100 4.10000000e+02 3.89629975e-03 -1.96732511e-03 4.36480467e-03
4200 4.20000000e+02 3.87579761e-03 -1.71302236e-03 4.23748189e-03
4300 4.30000000e+02 3.80256493e-03 -1.70459028e-03 4.16714867e-03
4400 4.40000000e+02 3.78704653e-03 -1.86869665e-03 4.22300232e-03
4500 4.50000000e+02 3.85093223e-03 -1.87106279e-03 4.28141975e-03
4600 4.60000000e+02 3.94542888e-03 -1.95317110e-03 4.40241824e-03
4700 4.70000000e+02 3.73761728e-03 -2.03579641e-03 4.25608388e-03
4800 4.80000000e+02 3.79511085e-03 -2.17238092e-03 4.37288294e-03
4900 4.90000000e+02 3.77101614e-03 -2.05196068e-03 4.29314632e-03
5000 5.00000000e+02 3.85066308e-03 -1.98063417e-03 4.33018682e-03
5100 5.10000000e+02 3.78986844e-03 -1.84378540e-03 4.21457559e-03
5200 5.20000000e+02 3.88851063e-03 -2.08565290e-03 4.41253476e-03
5300 5.30000000e+02 4.09691501e-03 -1.98978209e-03 4.55455216e-03
5400 5.40000000e+02 4.25416883e-03 -2.35416554e-03 4.86210323e-03
5500 5.50000000e+02 4.40923357e-03 -2.44417414e-03 5.04136171e-03
5600 5.60000000e+02 4.27861279e-03 -2.33837031e-03 4.87591049e-03
5700 5.70000000e+02 4.35456634e-03 -2.48660217e-03 5.01452274e-03
5800 5.80000000e+02 4.19234531e-03 -2.38291919e-03 4.82224668e-03
5900 5.90000000e+02 4.56810184e-03 -2.70010694e-03 5.30642364e-03
6000 6.00000000e+02 4.48864792e-03 -2.64846254e-03 5.21174769e-03
6100 6.10000000e+02 4.41082334e-03 -2.70380522e-03 5.17357954e-03
6200 6.20000000e+02 4.63203061e-03 -2.94187083e-03 5.48728636e-03
6300 6.30000000e+02 4.70330659e-03 -2.95268907e-03 5.55332924e-03
6400 6.40000000e+02 4.46968712e-03 -2.90076924e-03 5.32846743e-03
6500 6.50000000e+02 4.42817155e-03 -2.65902746e-03 5.16518445e-03
6600 6.60000000e+02 4.35685460e-03 -2.40963488e-03 4.97880731e-03
6700 6.70000000e+02 4.40733554e-03 -2.22789217e-03 4.93843194e-03
6800 6.80000000e+02 4.37416136e-03 -2.49110255e-03 5.03377389e-03
6900 6.90000000e+02 4.38274071e-03 -2.45859288e-03 5.02524577e-03
7000 7.00000000e+02 4.39732056e-03 -2.55797943e-03 5.08720816e-03
7100 7.10000000e+02 4.34979098e-03 -2.55222712e-03 5.04326728e-03
7200 7.20000000e+02 4.23158472e-03 -2.23089638e-03 4.78363961e-03
7300 7.30000000e+02 4.36832011e-03 -2.30719987e-03 4.94018135e-03
7400 7.40000000e+02 4.31013573e-03 -2.41964264e-03 4.94286764e-03
7500 7.50000000e+02 4.17539524e-03 -2.51979614e-03 4.87681228e-03
7600 7.60000000e+02 4.18503350e-03 -2.59182882e-03 4.92260927e-03
7700 7.70000000e+02 4.17125179e-03 -2.82266457e-03 5.03654412e-03
7800 7.80000000e+02 4.18442255e-03 -2.62308726e-03 4.93862115e-03
7900 7.90000000e+02 4.10246989e-03 -2.37415242e-03 4.73992182e-03
8000 8.00000000e+02 4.07772139e-03 -2.44338531e-03 4.75372943e-03
8100 8.10000000e+02 4.19366173e-03 -2.47071683e-03 4.86736483e-03
8200 8.20000000e+02 4.37543681e-03 -2.84330058e-03 5.21812279e-03
8300 8.30000000e+02 4.47437307e-03 -2.95632961e-03 5.36282567e-03
8400 8.40000000e+02 4.32396634e-03 -2.82307994e-03 5.16395829e-03
8500 8.50000000e+02 4.42513404e-03 -2.97491648e-03 5.33216086e-03
8600 8.60000000e+02 4.30155685e-03 -2.87592504e-03 5.17439235e-03
8700 8.70000000e+02 4.21129679e-03 -2.92569795e-03 5.12783864e-03
8800 8.80000000e+02 4.12966311e-03 -2.98715895e-03 5.09678683e-03
8900 8.90000000e+02 4.11960203e-03 -2.77425721e-03 4.96665118e-03
9000 9.00000000e+02 4.04386455e-03 -2.60194484e-03 4.80863364e-03
9100 9.10000000e+02 3.89297633e-03 -2.33230367e-03 4.53816098e-03
9200 9.20000000e+02 3.84253170e-03 -2.42780312e-03 4.54524783e-03
9300 9.30000000e+02 3.86582175e-03 -2.56989384e-03 4.64208274e-03
9400 9.40000000e+02 3.82021326e-03 -2.32476601e-03 4.47197566e-03
9500 9.50000000e+02 3.89126362e-03 -2.37100967e-03 4.55671147e-03
9600 9.60000000e+02 3.83656239e-03 -2.39263475e-03 4.52149445e-03
9700 9.70000000e+02 3.83794028e-03 -2.37135636e-03 4.51144285e-03
9800 9.80000000e+02 3.91404377e-03 -2.44281883e-03 4.61379481e-03
9900 9.90000000e+02 3.82962613e-03 -2.57288502e-03 4.61365079e-03
10000 1.00000000e+03 3.60622304e-03 -2.55885371e-03 4.42182959e-03
10100 1.01000000e+03 3.83295096e-03 -2.62688869e-03 4.64672543e-03
10200 1.02000000e+03 3.83079844e-03 -2.66761193e-03 4.66810133e-03
10300 1.03000000e+03 3.82333808e-03 -2.43469770e-03 4.53273283e-03
10400 1.04000000e+03 3.68150696e-03 -2.48922594e-03 4.44406788e-03
10500 1.05000000e+03 3.67161795e-03 -2.26291781e-03 4.31295437e-03
10600 1.06000000e+03 3.57342022e-03 -2.07273196e-03 4.13104707e-03
10700 1.07000000e+03 3.44329281e-03 -2.04092613e-03 4.00270469e-03
10800 1.08000000e+03 3.56168114e-03 -2.26600422e-03 4.22141536e-03
10900 1.09000000e+03 3.61877540e-03 -2.34124670e-03 4.31010110e-03
11000 1.10000000e+03 3.76092317e-03 -2.75195297e-03 4.66023478e-03
11100 1.11000000e+03 3.90233728e-03 -2.70359614e-03 4.74738542e-03
11200 1.12000000e+03 4.08492144e-03 -2.67712772e-03 4.88401433e-03
11300 1.13000000e+03 4.17099614e-03 -2.81405705e-03 5.03151328e-03
11400 1.14000000e+03 4.08605672e-03 -2.65703886e-03 4.87398349e-03
11500 1.15000000e+03 4.16563638e-03 -2.58278497e-03 4.90135743e-03
11600 1.16000000e+03 4.23327275e-03 -3.00685503e-03 5.19247295e-03
11700 1.17000000e+03 4.14949888e-03 -2.90390011e-03 5.06467934e-03
11800 1.18000000e+03 4.22123168e-03 -2.87917396e-03 5.10964182e-03
11900 1.19000000e+03 4.20511607e-03 -3.00609763e-03 5.16910283e-03
12000 1.20000000e+03 4.24845517e-03 -2.97081936e-03 5.18412374e-03
12100 1.21000000e+03 4.27047117e-03 -2.78425659e-03 5.09794162e-03
12200 1.22000000e+03 4.23254725e-03 -2.61963019e-03 4.97764186e-03
12300 1.23000000e+03 4.19103075e-03 -2.37244810e-03 4.81593695e-03
12400 1.24000000e+03 4.16425103e-03 -2.12624460e-03 4.67567137e-03
12500 1.25000000e+03 4.17913450e-03 -1.97219104e-03 4.62111487e-03
12600 1.26000000e+03 4.16228734e-03 -2.09648442e-03 4.66045951e-03
12700 1.27000000e+03 4.01767250e-03 -2.23382772e-03 4.59692056e-03
12800 1.28000000e+03 3.92750092e-03 -2.18794029e-03 4.49581430e-03
12900 1.29000000e+03 4.01380751e-03 -2.36285944e-03 4.65765558e-03
13000 1.30000000e+03 4.02645720e-03 -2.46788468e-03 4.72258535e-03
13100 1.31000000e+03 4.07723105e-03 -2.35347869e-03 4.70772503e-03
13200 1.32000000e+03 4.00137901e-03 -1.99932279e-03 4.47306669e-03
13300 1.33000000e+03 4.07247292e-03 -2.05306406e-03 4.56071351e-03
13400 1.34000000e+03 3.83748719e-03 -2.03065434e-03 4.34164313e-03
13500 1.35000000e+03 3.76794953e-03 -2.06861994e-03 4.29844531e-03
13600 1.36000000e+03 3.97167495e-03 -2.22537969e-03 4.55263843e-03
13700 1.37000000e+03 3.87876877e-03 -2.30615865e-03 4.51256190e-03
13800 1.38000000e+03 3.88693763e-03 -2.46346183e-03 4.60183967e-03
13900 1.39000000e+03 3.92409973e-03 -2.76572932e-03 4.80081424e-03
14000 1.40000000e+03 4.06053988e-03 -2.78329756e-03 4.92287817e-03
14100 1.41000000e+03 4.08103131e-03 -2.75349710e-03 4.92306437e-03
14200 1.42000000e+03 4.20034863e-03 -2.70567066e-03 4.99635691e-03
14300 1.43000000e+03 4.22627712e-03 -2.64480780e-03 4.98562198e-03
14400 1.44000000e+03 4.04701987e-03 -2.82860710e-03 4.93754878e-03
14500 1.45000000e+03 4.14978992e-03 -2.81529431e-03 5.01464241e-03
14600 1.46000000e+03 4.16066917e-03 -2.84496951e-03 5.04033922e-03
14700 1.47000000e+03 4.11453051e-03 -2.86771031e-03 5.01528900e-03
14800 1.48000000e+03 4.10874002e-03 -2.69052596e-03 4.91128033e-03
14900 1.49000000e+03 4.29341150e-03 -2.57480843e-03 5.00629811e-03
15000 1.50000000e+03 4.32384713e-03 -2.76361732e-03 5.13159182e-03
15100 1.51000000e+03 4.47244802e-03 -2.73531326e-03 5.24258810e-03
15200 1.52000000e+03 4.44378704e-03 -2.68049678e-03 5.18963450e-03
15300 1.53000000e+03 4.38339263e-03 -2.58488278e-03 5.08878669e-03
15400 1.54000000e+03 4.46926896e-03 -2.59410799e-03 5.16756822e-03
15500 1.55000000e+03 4.49486077e-03 -2.50167283e-03 5.14413650e-03
15600 1.56000000e+03 4.38937591e-03 -2.42132414e-03 5.01292644e-03
15700 1.57000000e+03 4.55965800e-03 -2.53385259e-03 5.21640585e-03
15800 1.58000000e+03 4.40113991e-03 -2.52548838e-03 5.07426094e-03
15900 1.59000000e+03 4.52451315e-03 -2.52726767e-03 5.18249950e-03
16000 1.60000000e+03 4.49415389e-03 -2.49014958e-03 5.13792411e-03
16100 1.61000000e+03 4.49735438e-03 -2.43645580e-03 5.11493043e-03
16200 1.62000000e+03 4.57123807e-03 -2.46502040e-03 5.19350970e-03
16300 1.63000000e+03 4.51693498e-03 -2.38361582e-03 5.10728166e-03
16400 1.64000000e+03 4.44471603e-03 -2.23665172e-03 4.97575236e-03
16500 1.65000000e+03 4.47071576e-03 -2.40321457e-03 5.07570091e-03
16600 1.66000000e+03 4.39050701e-03 -2.47118343e-03 5.03818413e-03
16700 1.67000000e+03 4.59622033e-03 -2.72071641e-03 5.34111778e-03
16800 1.68000000e+03 4.61279461e-03 -2.90627405e-03 5.45199991e-03
16900 1.69000000e+03 4.59263427e-03 -2.99321278e-03 5.48193509e-03
17000 1.70000000e+03 4.52773133e-03 -2.96275550e-03 5.41093996e-03
17100 1.71000000e+03 4.48727841e-03 -2.98754545e-03 5.39083438e-03
17200 1.72000000e+03 4.36255848e-03 -2.84220767e-03 5.20673227e-03
17300 1.73000000e+03 4.38485481e-03 -2.60784803e-03 5.10174706e-03
17400 1.74000000e+03 4.31693066e-03 -2.61985674e-03 5.04970689e-03
17500 1.75000000e+03 4.21689730e-03 -2.55585182e-03 4.93098382e-03
17600 1.76000000e+03 4.11494914e-03 -2.41321232e-03 4.77036688e-03
17700 1.77000000e+03 4.10117814e-03 -2.52633961e-03 4.81685104e-03
17800 1.78000000e+03 4.05399594e-03 -2.55598524e-03 4.79248825e-03
17900 1.79000000e+03 3.87888169e-03 -2.34793941e-03 4.53415291e-03
18000 1.80000000e+03 3.79390921e-03 -2.70367716e-03 4.65871413e-03
18100 1.81000000e+03 3.76581261e-03 -2.32015643e-03 4.42317425e-03
18200 1.82000000e+03 3.77544295e-03 -2.50452221e-03 4.53062920e-03
18300 1.83000000e+03 3.77445132e-03 -2.57327384e-03 4.56817481e-03
18400 1.84000000e+03 3.85812810e-03 -2.52199988e-03 4.60929884e-03
18500 1.85000000e+03 3.91651969e-03 -2.55759526e-03 4.67765112e-03
18600 1.86000000e+03 3.85364750e-03 -2.69590272e-03 4.70302993e-03
18700 1.87000000e+03 3.75965401e-03 -2.44034803e-03 4.48222007e-03
18800 1.88000000e+03 3.62194632e-03 -2.25212448e-03 4.26503925e-03
18900 1.89000000e+03 3.47503647e-03 -2.08131294e-03 4.05064711e-03
19000 1.90000000e+03 3.38395382e-03 -2.10993038e-03 3.98785026e-03
19100 1.91000000e+03 3.47433565e-03 -2.28846539e-03 4.16029831e-03
19200 1.92000000e+03 3.41424695e-03 -2.21736776e-03 4.07109347e-03
19300 1.93000000e+03 3.55054461e-03 -2.35386891e-03 4.25993731e-03
19400 1.94000000e+03 3.68457055e-03 -2.44972110e-03 4.42461225e-03
19500 1.95000000e+03 3.73417744e-03 -2.63984222e-03 4.57305676e-03
19600 1.96000000e+03 3.67257395e-03 -2.45961198e-03 4.42012336e-03
19700 1.97000000e+03 3.71508393e-03 -2.49751937e-03 4.47654461e-03
19800 1.98000000e+03 3.84033285e-03 -2.68123182e-03 4.68371226e-03
19900 1.99000000e+03 3.90219758e-03 -2.63546361e-03 4.70880180e-03
20000 2.00000000e+03 3.97595763e-03 -2.71828729e-03 4.81636013e-03
20100 2.01000000e+03 3.90799111e-03 -2.84918863e-03 4.83634887e-03
20200 2.02000000e+03 3.91317625e-03 -2.73096375e-03 4.77190856e-03
20300 2.03000000e+03 4.10545431e-03 -2.77976925e-03 4.95801091e-03
20400 2.04000000e+03 4.22597583e-03 -2.71873828e-03 5.02497857e-03
20500 2.05000000e+03 4.24953457e-03 -2.56670290e-03 4.96452493e-03
20600 2.06000000e+03 4.37094131e-03 -2.46352283e-03 5.01737708e-03
20700 2.07000000e+03 4.22354788e-03 -2.48387665e-03 4.89979590e-03
20800 2.08000000e+03 4.13783453e-03 -2.28371518e-03 4.72620669e-03
20900 2.09000000e+03 4.13719518e-03 -2.51801056e-03 4.84321806e-03
21000 2.10000000e+03 3.92219191e-03 -2.40160921e-03 4.59905601e-03
21100 2.11000000e+03 4.11603460e-03 -2.29018135e-03 4.71027297e-03
21200 2.12000000e+03 4.24978044e-03 -2.53095245e-03 4.94634755e-03
21300 2.13000000e+03 4.47114743e-03 -2.53773993e-03 5.14113638e-03
21400 2.14000000e+03 4.40153526e-03 -2.62159412e-03 5.12311120e-03
21500 2.15000000e+03 4.21839254e-03 -2.32557673e-03 4.81696406e-03
21600 2.16000000e+03 4.22054855e-03 -2.36793561e-03 4.83943686e-03
21700 2.17000000e+03 4.14924463e-03 -2.36227945e-03 4.77457802e-03
21800 2.18000000e+03 4.05680714e-03 -2.13848101e-03 4.58593341e-03
21900 2.19000000e+03 4.00812225e-03 -2.30915053e-03 4.62571294e-03
22000 2.20000000e+03 4.02303273e-03 -2.33267224e-03 4.65039269e-03
22100 2.21000000e+03 3.95381916e-03 -2.36516562e-03 4.60724369e-03
22200 2.22000000e+03 3.91044328e-03 -2.60541565e-03 4.69891023e-03
22300 2.23000000e+03 3.81990126e-03 -2.55759433e-03 4.59705715e-03
22400 2.24000000e+03 3.92905297e-03 -2.60611204e-03 4.71479344e-03
22500 2.25000000e+03 3.95498844e-03 -2.71188677e-03 4.79544194e-03
22600 2.26000000e+03 4.01806738e-03 -2.81587197e-03 4.90652631e-03
22700 2.27000000e+03 4.07795236e-03 -2.88846437e-03 4.99729145e-03
22800 2.28000000e+03 4.04310692e-03 -2.71053077e-03 4.86761652e-03
22900 2.29000000e+03 4.06064885e-03 -2.82027083e-03 4.94396568e-03
23000 2.30000000e+03 3.99232842e-03 -2.75746477e-03 4.85204062e-03
23100 2.31000000e+03 3.94593412e-03 -2.64727836e-03 4.75168168e-03
23200 2.32000000e+03 3.97338485e-03 -2.68364721e-03 4.79476272e-03
23300 2.33000000e+03 4.03781561e-03 -2.62224535e-03 4.81457429e-03
23400 2.34000000e+03 4.02484648e-03 -2.62754736e-03 4.80659904e-03
23500 2.35000000e+03 4.05933615e-03 -2.63194973e-03 4.83790960e-03
23600 2.36000000e+03 4.07774979e-03 -2.67882016e-03 4.87894669e-03
23700 2.37000000e+03 4.20640549e-03 -2.63058883e-03 4.96123419e-03
23800 2.38000000e+03 4.26231697e-03 -2.56659207e-03 4.97541363e-03
23900 2.39000000e+03 4.29472700e-03 -2.43583252e-03 4.93740418e-03
24000 2.40000000e+03 4.48809098e-03 -2.61051394e-03 5.19208472e-03
24100 2.41000000e+03 4.41229297e-03 -2.42700265e-03 5.03573938e-03
24200 2.42000000e+03 4.57378663e-03 -2.48082518e-03 5.20326990e-03
24300 2.43000000e+03 4.57318127e-03 -2.46786117e-03 5.19656864e-03
24400 2.44000000e+03 4.51530609e-03 -2.36240681e-03 5.09597440e-03
24500 2.45000000e+03 4.60504508e-03 -2.44328706e-03 5.21306933e-03
24600 2.46000000e+03 4.65198234e-03 -2.46823207e-03 5.26622343e-03
24700 2.47000000e+03 4.52614995e-03 -2.32344447e-03 5.08767408e-03
24800 2.48000000e+03 4.57127020e-03 -2.64028693e-03 5.27897966e-03
24900 2.49000000e+03 4.41161310e-03 -2.40872102e-03 5.02635724e-03
25000 2.50000000e+03 4.59523406e-03 -2.65675713e-03 5.30796896e-03
25100 2.51000000e+03 4.57617315e-03 -2.67209299e-03 5.29919254e-03
25200 2.52000000e+03 4.51386347e-03 -2.75310245e-03 5.28720499e-03
25300 2.53000000e+03 4.68828063e-03 -2.73706694e-03 5.42876696e-03
25400 2.54000000e+03 4.85617062e-03 -2.75803986e-03 5.58472712e-03
25500 2.55000000e+03 4.77616163e-03 -2.79342616e-03 5.53307777e-03
25600 2.56000000e+03 4.81428485e-03 -2.65852595e-03 5.49955442e-03
25700 2.57000000e+03 4.73692268e-03 -2.55304202e-03 5.38112071e-03
25800 2.58000000e+03 4.50157560e-03 -2.46250816e-03 5.13109436e-03
25900 2.59000000e+03 4.29844949e-03 -2.30694562e-03 4.87838766e-03
26000 2.60000000e+03 4.11107717e-03 -2.41556065e-03 4.76821652e-03
26100 2.61000000e+03 4.14050603e-03 -2.57365010e-03 4.87518872e-03
26200 2.62000000e+03 4.05327138e-03 -2.52921856e-03 4.77765166e-03
26300 2.63000000e+03 3.80172255e-03 -2.70551653e-03 4.66614552e-03
26400 2.64000000e+03 3.72164720e-03 -2.30962690e-03 4.38007241e-03
26500 2.65000000e+03 3.59918876e-03 -2.36737356e-03 4.30797136e-03
26600 2.66000000e+03 3.72056616e-03 -2.84203538e-03 4.68185622e-03
26700 2.67000000e+03 3.72418296e-03 -2.69812602e-03 4.59885015e-03
26800 2.68000000e+03 3.75626376e-03 -2.49946490e-03 4.51185574e-03
26900 2.69000000e+03 3.87218408e-03 -2.53575901e-03 4.62859410e-03
27000 2.70000000e+03 3.88716394e-03 -2.56688776e-03 4.65821385e-03
27100 2.71000000e+03 3.83397914e-03 -2.46089976e-03 4.55581207e-03
27200 2.72000000e+03 3.91603494e-03 -2.41778768e-03 4.60228497e-03
27300 2.73000000e+03 3.83541919e-03 -2.55274214e-03 4.60726956e-03
27400 2.74000000e+03 3.82836186e-03 -2.36072903e-03 4.49771010e-03
27500 2.75000000e+03 3.73478280e-03 -2.30454258e-03 4.38856686e-03
27600 2.76000000e+03 3.64823244e-03 -2.35174759e-03 4.34054336e-03
27700 2.77000000e+03 3.78956203e-03 -2.53123790e-03 4.55718616e-03
27800 2.78000000e+03 3.55661521e-03 -2.18327134e-03 4.17327036e-03
27900 2.79000000e+03 3.49087548e-03 -2.17784732e-03 4.11451461e-03
28000 2.80000000e+03 3.62246577e-03 -2.35679396e-03 4.32165894e-03
28100 2.81000000e+03 3.57683096e-03 -2.39376095e-03 4.30392974e-03
28200 2.82000000e+03 3.54792387e-03 -2.22772430e-03 4.18933400e-03
28300 2.83000000e+03 3.69429402e-03 -2.91955727e-03 4.70867529e-03
28400 2.84000000e+03 3.76605103e-03 -2.69065518e-03 4.62847336e-03
28500 2.85000000e+03 3.94808035e-03 -2.57208850e-03 4.71200358e-03
28600 2.86000000e+03 4.25558118e-03 -2.58446019e-03 4.97889603e-03
28700 2.87000000e+03 4.32740524e-03 -2.63658189e-03 5.06734647e-03
28800 2.88000000e+03 4.22510598e-03 -2.47933855e-03 4.89884070e-03
28900 2.89000000e+03 4.19717561e-03 -2.44821515e-03 4.85901642e-03
29000 2.90000000e+03 4.28983942e-03 -2.42905924e-03 4.92981247e-03
29100 2.91000000e+03 4.22782497e-03 -2.35199044e-03 4.83801230e-03
29200 2.92000000e+03 4.23490442e-03 -2.51942314e-03 4.92766765e-03
29300 2.93000000e+03 4.14428860e-03 -2.38958048e-03 4.78385021e-03
29400 2.94000000e+03 4.10092948e-03 -2.39101797e-03 4.74706115e-03
29500 2.95000000e+03 3.98533698e-03 -2.20509199e-03 4.55470543e-03
29600 2.96000000e+03 4.08987235e-03 -2.23512040e-03 4.66077451e-03
29700 2.97000000e+03 4.27676644e-03 -2.43219873e-03 4.91999206e-03
29800 2.98000000e+03 4.34736535e-03 -2.46926653e-03 4.99968626e-03
29900 2.99000000e+03 4.39184066e-03 -2.42222426e-03 5.01551939e-03
30000 3.00000000e+03 4.21073800e-03 -2.28981068e-03 4.79307286e-03
30100 3.01000000e+03 4.17935709e-03 -2.35842448e-03 4.79887400e-03
30200 3.02000000e+03 4.16107336e-03 -2.31477944e-03 4.76158959e-03
30300 3.03000000e+03 4.24736738e-03 -2.56640557e-03 4.96251622e-03
30400 3.04000000e+03 4.09542676e-03 -2.52378453e-03 4.81061417e-03
30500 3.05000000e+03 4.06850688e-03 -2.68250727e-03 4.87325287e-03
30600 3.06000000e+03 3.98743898e-03 -2.58041872e-03 4.74955054e-03
30700 3.07000000e+03 4.07546433e-03 -2.57709366e-03 4.82191054e-03
30800 3.08000000e+03 4.04320145e-03 -2.63247918e-03 4.82466834e-03
30900 3.09000000e+03 4.18609660e-03 -2.73200450e-03 4.99872517e-03
31000 3.10000000e+03 4.38001333e-03 -2.76091439e-03 5.17756362e-03
31100 3.11000000e+03 4.38681757e-03 -2.85163848e-03 5.23220894e-03
31200 3.12000000e+03 4.26417636e-03 -2.86639528e-03 5.13803678e-03
31300 3.13000000e+03 4.22523450e-03 -2.84410245e-03 5.09328237e-03
31400 3.14000000e+03 4.24961466e-03 -2.74624862e-03 5.05975358e-03
31500 3.15000000e+03 4.20255819e-03 -2.68168608e-03 4.98527187e-03
31600 3.16000000e+03 4.08041431e-03 -2.67282035e-03 4.87788372e-03
31700 3.17000000e+03 4.18523885e-03 -2.58751214e-03 4.92051250e-03
31800 3.18000000e+03 4.18186234e-03 -2.62643769e-03 4.93823325e-03
31900 3.19000000e+03 4.13086405e-03 -2.44222628e-03 4.79880266e-03
32000 3.20000000e+03 4.20743320e-03 -2.48942408e-03 4.88873464e-03
32100 3.21000000e+03 4.36983816e-03 -2.54304195e-03 5.05594184e-03
32200 3.22000000e+03 4.36166953e-03 -2.47317459e-03 5.01405561e-03
32300 3.23000000e+03 4.27449495e-03 -2.48731743e-03 4.94550857e-03
32400 3.24000000e+03 4.20426950e-03 -2.40255031e-03 4.84232692e-03
32500 3.25000000e+03 4.42663161e-03 -2.59294431e-03 5.13014889e-03
32600 3.26000000e+03 4.40510549e-03 -2.47678161e-03 5.05365229e-03
32700 3.27000000e+03 4.27575177e-03 -2.53314944e-03 4.96979871e-03
32800 3.28000000e+03 4.28874791e-03 -2.69107055e-03 5.06312347e-03
32900 3.29000000e+03 4.29897755e-03 -2.88795773e-03 5.17894853e-03
33000 3.30000000e+03 4.23163082e-03 -2.96581374e-03 5.16747042e-03
33100 3.31000000e+03 4.26366180e-03 -3.06128664e-03 5.24883681e-03
33200 3.32000000e+03 4.10708599e-03 -2.82634841e-03 4.98561939e-03
33300 3.33000000e+03 4.12985496e-03 -2.70145037e-03 4.93493020e-03
33400 3.34000000e+03 4.04522195e-03 -2.67812214e-03 4.85140792e-03
33500 3.35000000e+03 4.26584249e-03 -2.60852044e-03 5.00017911e-03
33600 3.36000000e+03 4.35222499e-03 -2.95181130e-03 5.25880712e-03
33700 3.37000000e+03 4.32578428e-03 -2.75389547e-03 5.12799667e-03
33800 3.38000000e+03 4.61791968e-03 -2.92172073e-03 5.46457997e-03
33900 3.39000000e+03 4.52776719e-03 -2.73111928e-03 5.28769215e-03
34000 3.40000000e+03 4.47184499e-03 -2.77780113e-03 5.26436860e-03
34100 3.41000000e+03 4.35842015e-03 -2.69480865e-03 5.12423846e-03
34200 3.42000000e+03 4.31630947e-03 -2.53411918e-03 5.00522601e-03
34300 3.43000000e+03 4.20403015e-03 -2.22860952e-03 4.75821079e-03
34400 3.44000000e+03 4.31313273e-03 -2.50379974e-03 4.98719631e-03
34500 3.45000000e+03 4.21402743e-03 -2.60256603e-03 4.95291602e-03
34600 3.46000000e+03 4.18368774e-03 -2.50406098e-03 4.87581423e-03
34700 3.47000000e+03 4.14058194e-03 -2.61482201e-03 4.89711271e-03
34800 3.48000000e+03 4.00797604e-03 -2.51398748e-03 4.73117374e-03
34900 3.49000000e+03 4.09083907e-03 -2.58909655e-03 4.84132060e-03
35000 3.50000000e+03 4.05696267e-03 -2.60112784e-03 4.81921282e-03
35100 3.51000000e+03 4.03943751e-03 -2.51616305e-03 4.75900535e-03
35200 3.52000000e+03 3.98803037e-03 -2.52615521e-03 4.72078874e-03
35300 3.53000000e+03 4.03227936e-03 -2.47452664e-03 4.73102092e-03
35400 3.54000000e+03 4.00073966e-03 -2.30384897e-03 4.61666957e-03
35500 3.55000000e+03 4.06671921e-03 -2.07774248e-03 4.56675146e-03
35600 3.56000000e+03 3.96437291e-03 -2.23834557e-03 4.55263039e-03
35700 3.57000000e+03 4.14615683e-03 -2.50789709e-03 4.84563353e-03
35800 3.58000000e+03 4.11731377e-03 -2.25430867e-03 4.69405797e-03
35900 3.59000000e+03 4.08166787e-03 -2.40319804e-03 4.73659935e-03
36000 3.60000000e+03 3.93601181e-03 -2.38361000e-03 4.60149819e-03
36100 3.61000000e+03 3.92608996e-03 -2.36612326e-03 4.58396353e-03
36200 3.62000000e+03 3.86597263e-03 -2.50678649e-03 4.60757234e-03
36300 3.63000000e+03 3.78898112e-03 -2.47779582e-03 4.52723426e-03
36400 3.64000000e+03 3.71725531e-03 -2.32343888e-03 4.38364635e-03
36500 3.65000000e+03 3.84408724e-03 -2.41367309e-03 4.53903344e-03
36600 3.66000000e+03 3.81767470e-03 -2.54190248e-03 4.58649194e-03
36700 3.67000000e+03 3.86330322e-03 -2.44378694e-03 4.57134624e-03
36800 3.68000000e+03 3.91941890e-03 -2.21730419e-03 4.50314139e-03
36900 3.69000000e+03 4.09362838e-03 -2.47061648e-03 4.78139510e-03
37000 3.70000000e+03 4.11643460e-03 -2.31706654e-03 4.72375181e-03
37100 3.71000000e+03 4.24144417e-03 -2.46286299e-03 4.90464502e-03
37200 3.72000000e+03 4.24091890e-03 -2.38249777e-03 4.86432819e-03
37300 3.73000000e+03 4.18276666e-03 -2.29113246e-03 4.76915348e-03
37400 3.74000000e+03 4.21313988e-03 -2.26824987e-03 4.78492478e-03
37500 3.75000000e+03 4.28945571e-03 -2.18049879e-03 4.81186090e-03
37600 3.76000000e+03 4.28059138e-03 -2.25603604e-03 4.83871483e-03
37700 3.77000000e+03 4.26509138e-03 -2.08391109e-03 4.74696639e-03
37800 3.78000000e+03 4.17703204e-03 -2.17577280e-03 4.70973289e-03
37900 3.79000000e+03 4.14384902e-03 -2.26255367e-03 4.72129577e-03
38000 3.80000000e+03 4.42143949e-03 -2.65578367e-03 5.15774311e-03
38100 3.81000000e+03 4.44629602e-03 -2.46122363e-03 5.08204389e-03
38200 3.82000000e+03 4.42570355e-03 -2.38082604e-03 5.02545367e-03
38300 3.83000000e+03 4.28748177e-03 -2.25484022e-03 4.84425478e-03
38400 3.84000000e+03 4.34270781e-03 -2.43011978e-03 4.97640365e-03
38500 3.85000000e+03 4.32028854e-03 -2.75780214e-03 5.12546249e-03
38600 3.86000000e+03 4.25582658e-03 -2.67463434e-03 5.02650264e-03
38700 3.87000000e+03 4.18952014e-03 -2.66852695e-03 4.96720396e-03
38800 3.88000000e+03 4.12553735e-03 -2.57920520e-03 4.86542474e-03
38900 3.89000000e+03 4.09059320e-03 -2.50930060e-03 4.79891052e-03
39000 3.90000000e+03 4.07301914e-03 -2.70473934e-03 4.88928418e-03
39100 3.91000000e+03 4.03514737e-03 -2.54467456e-03 4.77051181e-03
39200 3.92000000e+03 4.16096393e-03 -2.58612167e-03 4.89914749e-03
39300 3.93000000e+03 4.37269220e-03 -3.09939729e-03 5.35972953e-03
39400 3.94000000e+03 4.50116303e-03 -3.00432649e-03 5.41169532e-03
39500 3.95000000e+03 4.42357641e-03 -2.85030366e-03 5.26234351e-03
39600 3.96000000e+03 4.30074753e-03 -2.77636154e-03 5.11904412e-03
39700 3.97000000e+03 4.41200007e-03 -2.94816052e-03 5.30635421e-03
39800 3.98000000e+03 4.32186015e-03 -2.69061443e-03 5.09096073e-03
39900 3.99000000e+03 4.23307810e-03 -2.45929230e-03 4.89561731e-03
40000 4.00000000e+03 4.20244876e-03 -2.63349852e-03 4.95942437e-03
40100 4.01000000e+03 4.26883530e-03 -2.75601214e-03 5.08119648e-03
40200 4.02000000e+03 4.21470590e-03 -2.59693223e-03 4.95053561e-03
40300 4.03000000e+03 4.14517382e-03 -2.54803058e-03 4.86568863e-03
40400 4.04000000e+03 4.31084307e-03 -2.73265457e-03 5.10399539e-03
40500 4.05000000e+03 4.30408167e-03 -2.67613959e-03 5.06821883e-03
40600 4.06000000e+03 4.33758926e-03 -2.65408610e-03 5.08516013e-03
40700 4.07000000e+03 4.32004640e-03 -2.62538553e-03 5.05523986e-03
40800 4.08000000e+03 4.34224820e-03 -2.47503119e-03 4.99808951e-03
40900 4.09000000e+03 4.23164014e-03 -2.47834064e-03 4.90397294e-03
41000 4.10000000e+03 4.28670365e-03 -2.56049400e-03 4.99319114e-03
41100 4.11000000e+03 4.42853244e-03 -2.96217436e-03 5.32788668e-03
41200 4.12000000e+03 4.41090157e-03 -3.11128236e-03 5.39778942e-03
41300 4.13000000e+03 4.32631839e-03 -3.04569723e-03 5.29086972e-03
41400 4.14000000e+03 4.29830095e-03 -2.78753624e-03 5.12306054e-03
41500 4.15000000e+03 4.29484434e-03 -2.69679585e-03 5.07133077e-03
41600 4.16000000e+03 4.26783320e-03 -2.72554532e-03 5.06389153e-03
41700 4.17000000e+03 4.23944369e-03 -2.68022786e-03 5.01562600e-03
41800 4.18000000e+03 4.31685569e-03 -2.68299691e-03 5.08268782e-03
41900 4.19000000e+03 4.44590580e-03 -2.87813740e-03 5.29620178e-03
42000 4.20000000e+03 4.65041725e-03 -2.78141256e-03 5.41873015e-03
42100 4.21000000e+03 4.44810651e-03 -3.05299996e-03 5.39504035e-03
42200 4.22000000e+03 4.43574367e-03 -2.94240378e-03 5.32292795e-03
42300 4.23000000e+03 4.17286903e-03 -2.68796762e-03 4.96366858e-03
42400 4.24000000e+03 4.03369078e-03 -2.56515597e-03 4.78023917e-03
42500 4.25000000e+03 4.03930759e-03 -2.28732708e-03 4.64196844e-03
42600 4.26000000e+03 4.25092364e-03 -2.61934404e-03 4.99312677e-03
42700 4.27000000e+03 4.14804742e-03 -2.71314709e-03 4.95655773e-03
42800 4.28000000e+03 4.05085506e-03 -2.73401779e-03 4.88715459e-03
42900 4.29000000e+03 3.91410012e-03 -2.35847919e-03 4.56974877e-03
43000 4.30000000e+03 4.03336342e-03 -2.51182308e-03 4.75155508e-03
43100 4.31000000e+03 3.94422794e-03 -2.34367163e-03 4.58799855e-03
43200 4.32000000e+03 4.00976930e-03 -2.51664966e-03 4.73410766e-03
43300 4.33000000e+03 4.08396171e-03 -2.50114570e-03 4.78899500e-03
43400 4.34000000e+03 3.97916976e-03 -2.57218722e-03 4.73813667e-03
43500 4.35000000e+03 3.86492163e-03 -2.47308379e-03 4.58843793e-03
43600 4.36000000e+03 3.71123990e-03 -2.40756385e-03 4.42376144e-03
43700 4.37000000e+03 3.81003786e-03 -2.39801290e-03 4.50187232e-03
43800 4.38000000e+03 4.03102115e-03 -2.56331591e-03 4.77699905e-03
43900 4.39000000e+03 4.07446176e-03 -2.54651322e-03 4.80478597e-03
44000 4.40000000e+03 4.20435611e-03 -2.59785447e-03 4.94221187e-03
44100 4.41000000e+03 4.11690865e-03 -2.38225795e-03 4.75647871e-03
44200 4.42000000e+03 3.96946305e-03 -2.35513831e-03 4.61555125e-03
44300 4.43000000e+03 4.04355768e-03 -2.29612738e-03 4.65000642e-03
44400 4.44000000e+03 3.87374801e-03 -2.29938817e-03 4.50478741e-03
44500 4.45000000e+03 3.77659546e-03 -1.95534667e-03 4.25277014e-03
44600 4.46000000e+03 3.80741619e-03 -1.88755814e-03 4.24962278e-03
44700 4.47000000e+03 3.96123109e-03 -2.06819060e-03 4.46864232e-03
44800 4.48000000e+03 4.00459534e-03 -2.23607919e-03 4.58659285e-03
44900 4.49000000e+03 4.19270620e-03 -2.12512608e-03 4.70052615e-03
45000 4.50000000e+03 4.25925292e-03 -2.24494422e-03 4.81466613e-03
45100 4.51000000e+03 4.24080389e-03 -2.25006696e-03 4.80075191e-03
45200 4.52000000e+03 4.38786671e-03 -2.16297712e-03 4.89201842e-03
45300 4.53000000e+03 4.32614749e-03 -2.21079355e-03 4.85830837e-03
45400 4.54000000e+03 4.33972990e-03 -2.34849704e-03 4.93443958e-03
45500 4.55000000e+03 4.34496393e-03 -2.33069225e-03 4.93060219e-03
45600 4.56000000e+03 4.24869731e-03 -2.15049274e-03 4.76193741e-03
45700 4.57000000e+03 4.11377149e-03 -2.23964103e-03 4.68392013e-03
45800 4.58000000e+03 4.23060684e-03 -2.27334094e-03 4.80271936e-03
45900 4.59000000e+03 4.20911517e-03 -2.24527717e-03 4.77052618e-03
46000 4.60000000e+03 4.23188414e-03 -2.40221457e-03 4.86615641e-03
46100 4.61000000e+03 4.23505437e-03 -2.21219845e-03 4.77802339e-03
46200 4.62000000e+03 4.27311007e-03 -2.45966902e-03 4.93046056e-03
46300 4.63000000e+03 4.36889566e-03 -2.75421026e-03 5.16458357e-03
46400 4.64000000e+03 4.53381334e-03 -2.68076127e-03 5.26706221e-03
46500 4.65000000e+03 4.33962047e-03 -2.43668817e-03 4.97692225e-03
46600 4.66000000e+03 4.42843046e-03 -2.45363219e-03 5.06273713e-03
46700 4.67000000e+03 4.41437820e-03 -2.55707721e-03 5.10150750e-03
46800 4.68000000e+03 4.24646214e-03 -2.66773463e-03 5.01490267e-03
46900 4.69000000e+03 4.18888638e-03 -2.66014226e-03 4.96216948e-03
47000 4.70000000e+03 4.27350122e-03 -2.69970577e-03 5.05482185e-03
47100 4.71000000e+03 4.21312125e-03 -2.66238721e-03 4.98384353e-03
47200 4.72000000e+03 4.13303822e-03 -2.59425282e-03 4.87976973e-03
47300 4.73000000e+03 4.12908755e-03 -2.55130697e-03 4.85371314e-03
47400 4.74000000e+03 4.07278305e-03 -2.45333277e-03 4.75461917e-03
47500 4.75000000e+03 4.29150136e-03 -2.83512613e-03 5.14343505e-03
47600 4.76000000e+03 4.26719524e-03 -2.90047657e-03 5.15962397e-03
47700 4.77000000e+03 4.31567291e-03 -2.91264639e-03 5.20658637e-03
47800 4.78000000e+03 4.50057117e-03 -2.92778108e-03 5.36908213e-03
47900 4.79000000e+03 4.48024087e-03 -2.89604720e-03 5.33475844e-03
48000 4.80000000e+03 4.43047518e-03 -2.82740011e-03 5.25578745e-03
48100 4.81000000e+03 4.32130229e-03 -2.78656487e-03 5.14184765e-03
48200 4.82000000e+03 4.19149362e-03 -2.45157420e-03 4.85580424e-03
48300 4.83000000e+03 4.30434896e-03 -2.80591892e-03 5.13815151e-03
48400 4.84000000e+03 4.25738841e-03 -2.72100023e-03 5.05264271e-03
48500 4.85000000e+03 4.09824960e-03 -2.58254493e-03 4.84408795e-03
48600 4.86000000e+03 4.11375985e-03 -2.70891236e-03 4.92556862e-03
48700 4.87000000e+03 4.11736686e-03 -2.54092645e-03 4.83828658e-03
48800 4.88000000e+03 4.25016414e-03 -2.36066105e-03 4.86175029e-03
48900 4.89000000e+03 4.14576102e-03 -2.22472847e-03 4.70497090e-03
49000 4.90000000e+03 4.31118533e-03 -2.56570033e-03 5.01688520e-03
49100 4.91000000e+03 4.23788093e-03 -2.74407258e-03 5.04871955e-03
49200 4.92000000e+03 4.42286627e-03 -3.05552129e-03 5.37568195e-03
49300 4.93000000e+03 4.28257324e-03 -2.86034588e-03 5.14995263e-03
49400 4.94000000e+03 4.34245588e-03 -3.13342549e-03 5.35493029e-03
49500 4.95000000e+03 4.22348967e-03 -2.92127067e-03 5.13533712e-03
49600 4.96000000e+03 4.33393987e-03 -2.84740166e-03 5.18562735e-03
49700 4.97000000e+03 4.16453648e-03 -2.84621818e-03 5.04423652e-03
49800 4.98000000e+03 4.17294074e-03 -2.83483928e-03 5.04477434e-03
49900 4.99000000e+03 4.04953631e-03 -2.80137360e-03 4.92406726e-03
50000 5.00000000e+03 3.88416904e-03 -2.77395151e-03 4.77300493e-03
50100 5.01000000e+03 3.95718031e-03 -2.71161529e-03 4.79709636e-03
50200 5.02000000e+03 3.99006484e-03 -2.90262047e-03 4.93414866e-03
50300 5.03000000e+03 3.96768702e-03 -2.90373596e-03 4.91672888e-03
50400 5.04000000e+03 4.11392236e-03 -3.18984292e-03 5.20571369e-03
50500 5.05000000e+03 4.19570226e-03 -3.18289711e-03 5.26637935e-03
50600 5.06000000e+03 4.08647582e-03 -2.80198804e-03 4.95483820e-03
50700 5.07000000e+03 4.01761197e-03 -2.75430805e-03 4.87107983e-03
50800 5.08000000e+03 4.12763050e-03 -2.76644761e-03 4.96896024e-03
50900 5.09000000e+03 4.17800480e-03 -2.65103369e-03 4.94810103e-03
51000 5.10000000e+03 4.38869325e-03 -2.86108605e-03 5.23893518e-03
51100 5.11000000e+03 4.39016614e-03 -2.81622633e-03 5.21581149e-03
51200 5.12000000e+03 4.30755550e-03 -2.57794862e-03 5.02004517e-03
51300 5.13000000e+03 4.38758777e-03 -2.67242873e-03 5.13739251e-03
51400 5.14000000e+03 4.44919663e-03 -3.14345607e-03 5.44762945e-03
51500 5.15000000e+03 4.37105726e-03 -3.09373066e-03 5.35512007e-03
51600 5.16000000e+03 4.33956832e-03 -2.80280039e-03 5.16599876e-03
51700 5.17000000e+03 4.29145060e-03 -2.65953597e-03 5.04873052e-03
51800 5.18000000e+03 4.23335191e-03 -2.40284018e-03 4.86774171e-03
51900 5.19000000e+03 4.14029416e-03 -2.29593762e-03 4.73427558e-03
52000 5.20000000e+03 4.22347011e-03 -2.48827948e-03 4.90196232e-03
52100 5.21000000e+03 4.08966746e-03 -2.26505334e-03 4.67502370e-03
52200 5.22000000e+03 4.07148059e-03 -2.27184524e-03 4.66242802e-03
52300 5.23000000e+03 4.01911233e-03 -2.22540321e-03 4.59409222e-03
52400 5.24000000e+03 4.05624369e-03 -2.18600058e-03 4.60778813e-03
52500 5.25000000e+03 4.05838899e-03 -2.15919176e-03 4.59702407e-03
52600 5.26000000e+03 4.01555235e-03 -1.99379097e-03 4.48328708e-03
52700 5.27000000e+03 3.95933073e-03 -1.76799693e-03 4.33614033e-03
52800 5.28000000e+03 3.79675208e-03 -1.99126080e-03 4.28724222e-03
52900 5.29000000e+03 3.91779467e-03 -2.06550607e-03 4.42893107e-03
53000 5.30000000e+03 3.85847641e-03 -1.95386331e-03 4.32497654e-03
53100 5.31000000e+03 3.96037102e-03 -2.18681060e-03 4.52401140e-03
53200 5.32000000e+03 4.06361558e-03 -2.39660568e-03 4.71769968e-03
53300 5.33000000e+03 4.28294204e-03 -2.28893058e-03 4.85621208e-03
53400 5.34000000e+03 4.19776700e-03 -2.27967114e-03 4.77683455e-03
53500 5.35000000e+03 4.30578925e-03 -2.37194006e-03 4.91588453e-03
53600 5.36000000e+03 4.31475602e-03 -2.39874725e-03 4.93671023e-03
53700 5.37000000e+03 4.39718924e-03 -2.69512646e-03 5.15741989e-03
53800 5.38000000e+03 4.39665606e-03 -2.60436116e-03 5.11011561e-03
53900 5.39000000e+03 4.32859827e-03 -2.52024108e-03 5.00883001e-03
54000 5.40000000e+03 4.12888406e-03 -2.44863098e-03 4.80036220e-03
54100 5.41000000e+03 4.00312850e-03 -2.31383462e-03 4.62372885e-03
54200 5.42000000e+03 3.98607925e-03 -2.44656252e-03 4.67701784e-03
54300 5.43000000e+03 3.99912382e-03 -2.27718242e-03 4.60201598e-03
54400 5.44000000e+03 4.09522094e-03 -2.35794485e-03 4.72554107e-03
54500 5.45000000e+03 4.14334005e-03 -2.54196953e-03 4.86095421e-03
54600 5.46000000e+03 4.36907075e-03 -2.58790306e-03 5.07799384e-03
54700 5.47000000e+03 4.34642565e-03 -2.52315775e-03 5.02570800e-03
54800 5.48000000e+03 4.23917267e-03 -2.41342839e-03 4.87803460e-03
54900 5.49000000e+03 4.22992650e-03 -2.34769029e-03 4.83776063e-03
55000 5.50000000e+03 4.28687641e-03 -2.57897703e-03 5.00284238e-03
55100 5.51000000e+03 4.34445497e-03 -2.54987669e-03 5.03747557e-03
55200 5.52000000e+03 4.51545743e-03 -2.83116102e-03 5.32961805e-03
55300 5.53000000e+03 4.45411913e-03 -2.75997887e-03 5.23991036e-03
55400 5.54000000e+03 4.37474716e-03 -2.52512703e-03 5.05120572e-03
55500 5.55000000e+03 4.39966749e-03 -2.58499337e-03 5.10286829e-03
55600 5.56000000e+03 4.39108117e-03 -2.58441549e-03 5.09517391e-03
55700 5.57000000e+03 4.22446989e-03 -2.63940264e-03 4.98122395e-03
55800 5.58000000e+03 4.38562408e-03 -2.75047193e-03 5.17675520e-03
55900 5.59000000e+03 4.41789906e-03 -2.80738552e-03 5.23442887e-03
56000 5.60000000e+03 4.29665437e-03 -2.65700393e-03 5.05182231e-03
56100 5.61000000e+03 4.35910095e-03 -2.57746503e-03 5.06409785e-03
56200 5.62000000e+03 4.43594949e-03 -2.61459243e-03 5.14914959e-03
56300 5.63000000e+03 4.30723466e-03 -2.56694714e-03 5.01412884e-03
56400 5.64000000e+03 4.22168011e-03 -2.75740563e-03 5.04240704e-03
56500 5.65000000e+03 4.30064322e-03 -2.81396462e-03 5.13944832e-03
56600 5.66000000e+03 4.39268816e-03 -2.94705387e-03 5.28969147e-03
56700 5.67000000e+03 4.28258907e-03 -3.04225576e-03 5.25317897e-03
56800 5.68000000e+03 4.18135384e-03 -3.01113795e-03 5.15273439e-03
56900 5.69000000e+03 4.12239973e-03 -2.74834223e-03 4.95454988e-03
57000 5.70000000e+03 4.08414332e-03 -2.79898965e-03 4.95121901e-03
57100 5.71000000e+03 4.11850493e-03 -2.57960032e-03 4.85967290e-03
57200 5.72000000e+03 4.15077526e-03 -2.84405891e-03 5.03166040e-03
57300 5.73000000e+03 4.18041321e-03 -2.91523733e-03 5.09651482e-03
57400 5.74000000e+03 4.14860575e-03 -2.94063799e-03 5.08510388e-03
57500 5.75000000e+03 4.33942955e-03 -2.92660599e-03 5.23408745e-03
57600 5.76000000e+03 4.24161321e-03 -2.95687676e-03 5.17053216e-03
57700 5.77000000e+03 4.20116773e-03 -2.71231052e-03 5.00064383e-03
57800 5.78000000e+03 4.22926154e-03 -2.87269126e-03 5.11263222e-03
57900 5.79000000e+03 4.18013427e-03 -3.05844168e-03 5.17953551e-03
58000 5.80000000e+03 4.19959286e-03 -2.86358269e-03 5.08298003e-03
58100 5.81000000e+03 4.05429443e-03 -3.08041717e-03 5.09178488e-03
58200 5.82000000e+03 4.03944310e-03 -2.93488149e-03 4.99305817e-03
58300 5.83000000e+03 4.11621807e-03 -3.15428316e-03 5.18582235e-03
58400 5.84000000e+03 4.20848373e-03 -3.16503784e-03 5.26581426e-03
58500 5.85000000e+03 4.16098582e-03 -3.08330054e-03 5.17885559e-03
58600 5.86000000e+03 4.27615922e-03 -2.96189263e-03 5.20176371e-03
58700 5.87000000e+03 4.22329782e-03 -2.83832755e-03 5.08845239e-03
58800 5.88000000e+03 4.29476565e-03 -2.70320731e-03 5.07467652e-03
58900 5.89000000e+03 4.55643144e-03 -2.74026231e-03 5.31696388e-03
59000 5.90000000e+03 4.52832133e-03 -2.79871002e-03 5.32338913e-03
59100 5.91000000e+03 4.39190818e-03 -2.73775612e-03 5.17534212e-03
59200 5.92000000e+03 4.37489571e-03 -2.66702194e-03 5.12374067e-03
59300 5.93000000e+03 4.68910625e-03 -2.73274211e-03 5.42730107e-03
59400 5.94000000e+03 4.71856026e-03 -2.56719929e-03 5.37171510e-03
59500 5.95000000e+03 4.79250867e-03 -2.89677316e-03 5.59994947e-03
59600 5.96000000e+03 4.83193668e-03 -2.84926011e-03 5.60944696e-03
59700 5.97000000e+03 4.89685033e-03 -2.63466313e-03 5.56062883e-03
59800 5.98000000e+03 4.69690654e-03 -2.34472193e-03 5.24963351e-03
59900 5.99000000e+03 4.60008858e-03 -2.18955264e-03 5.09460064e-03
60000 6.00000000e+03 4.55407100e-03 -2.32173735e-03 5.11175381e-03
60100 6.01000000e+03 4.39506210e-03 -2.04118108e-03 4.84592521e-03
60200 6.02000000e+03 4.30437131e-03 -2.22320389e-03 4.84461019e-03
60300 6.03000000e+03 4.30163834e-03 -2.30405014e-03 4.87982986e-03
60400 6.04000000e+03 4.24623210e-03 -2.26163212e-03 4.81097359e-03
60500 6.05000000e+03 4.17388324e-03 -2.28357757e-03 4.75773347e-03
60600 6.06000000e+03 4.20882693e-03 -2.30412325e-03 4.79825052e-03
60700 6.07000000e+03 4.18217108e-03 -2.12039705e-03 4.68899121e-03
60800 6.08000000e+03 4.05446580e-03 -1.98281603e-03 4.51334159e-03
60900 6.09000000e+03 4.07794677e-03 -1.81823340e-03 4.46493253e-03
61000 6.10000000e+03 4.01897822e-03 -1.91345694e-03 4.45123616e-03
61100 6.11000000e+03 4.03597951e-03 -1.87288690e-03 4.44936354e-03
61200 6.12000000e+03 3.96776479e-03 -2.10861932e-03 4.49326527e-03
61300 6.13000000e+03 3.97482654e-03 -2.14912230e-03 4.51862509e-03
61400 6.14000000e+03 4.01880266e-03 -2.18559639e-03 4.57467009e-03
61500 6.15000000e+03 4.09504957e-03 -2.57909414e-03 4.83954105e-03
61600 6.16000000e+03 4.01144195e-03 -2.58229184e-03 4.77073345e-03
61700 6.17000000e+03 3.95594351e-03 -2.42248294e-03 4.63874042e-03
61800 6.18000000e+03 4.05901205e-03 -2.84218695e-03 4.95515948e-03
61900 6.19000000e+03 4.14731726e-03 -2.49732356e-03 4.84116364e-03
62000 6.20000000e+03 4.20209486e-03 -2.44997977e-03 4.86415482e-03
62100 6.21000000e+03 4.13461868e-03 -2.39351089e-03 4.77744346e-03
62200 6.22000000e+03 4.10880242e-03 -2.50734482e-03 4.81342241e-03
62300 6.23000000e+03 4.12541069e-03 -2.25772825e-03 4.70280238e-03
62400 6.24000000e+03 4.14815359e-03 -2.16329377e-03 4.67835635e-03
62500 6.25000000e+03 4.11409233e-03 -2.39139213e-03 4.75862501e-03
62600 6.26000000e+03 4.13567107e-03 -2.56468030e-03 4.86634979e-03
62700 6.27000000e+03 4.24576784e-03 -2.42626690e-03 4.89012429e-03
62800 6.28000000e+03 4.24068514e-03 -2.39729276e-03 4.87138821e-03
62900 6.29000000e+03 4.27073333e-03 -2.24173372e-03 4.82333217e-03
63000 6.30000000e+03 4.36912477e-03 -2.61173467e-03 5.09022684e-03
63100 6.31000000e+03 4.38893074e-03 -2.70363153e-03 5.15483622e-03
63200 6.32000000e+03 4.36824327e-03 -2.59709544e-03 5.08197344e-03
63300 6.33000000e+03 4.53439029e-03 -2.58865976e-03 5.22128860e-03
63400 6.34000000e+03 4.46515717e-03 -2.59302557e-03 5.16346880e-03
63500 6.35000000e+03 4.42101993e-03 -2.45700893e-03 5.05789581e-03
63600 6.36000000e+03 4.49474342e-03 -2.62956042e-03 5.20742800e-03
63700 6.37000000e+03 4.35146922e-03 -2.64155795e-03 5.09049239e-03
63800 6.38000000e+03 4.28525778e-03 -2.50872225e-03 4.96559377e-03
63900 6.39000000e+03 4.23210859e-03 -2.52838153e-03 4.92985358e-03
64000 6.40000000e+03 4.28900681e-03 -2.51816283e-03 4.97360267e-03
64100 6.41000000e+03 4.35121544e-03 -2.43936433e-03 4.98834382e-03
64200 6.42000000e+03 4.45230119e-03 -2.54671439e-03 5.12920462e-03
64300 6.43000000e+03 4.49838489e-03 -2.59917206e-03 5.19530192e-03
64400 6.44000000e+03 4.47381521e-03 -2.85412231e-03 5.30669734e-03
64500 6.45000000e+03 4.48346231e-03 -2.68005673e-03 5.22342209e-03
64600 6.46000000e+03 4.46480140e-03 -2.75848433e-03 5.24820802e-03
64700 6.47000000e+03 4.48621856e-03 -2.79040565e-03 5.28323013e-03
64800 6.48000000e+03 4.51548351e-03 -3.06570111e-03 5.45784890e-03
64900 6.49000000e+03 4.42282669e-03 -2.78087705e-03 5.22443041e-03
65000 6.50000000e+03 4.23684297e-03 -2.85151834e-03 5.10705347e-03
65100 6.51000000e+03 4.13357839e-03 -2.76061753e-03 4.97066187e-03
65200 6.52000000e+03 4.06338740e-03 -2.79205153e-03 4.93017940e-03
65300 6.53000000e+03 4.18962073e-03 -2.98778014e-03 5.14584804e-03
65400 6.54000000e+03 4.22421703e-03 -3.05045862e-03 5.21049972e-03
65500 6.55000000e+03 4.16695420e-03 -2.86414195e-03 5.05636395e-03
65600 6.56000000e+03 4.20472631e-03 -2.85568903e-03 5.08278302e-03
65700 6.57000000e+03 4.12407005e-03 -2.68471963e-03 4.92094232e-03
65800 6.58000000e+03 4.02166368e-03 -2.95799971e-03 4.99234825e-03
65900 6.59000000e+03 4.08485765e-03 -3.17021320e-03 5.17071694e-03
66000 6.60000000e+03 3.94135574e-03 -3.02799465e-03 4.97021495e-03
66100 6.61000000e+03 4.03905194e-03 -3.04450607e-03 5.05795985e-03
66200 6.62000000e+03 4.00446216e-03 -2.98925955e-03 4.99713816e-03
66300 6.63000000e+03 3.98688251e-03 -2.88387574e-03 4.92056617e-03
66400 6.64000000e+03 3.93771799e-03 -2.82303430e-03 4.84511565e-03
66500 6.65000000e+03 4.03157156e-03 -2.82881968e-03 4.92501675e-03
66600 6.66000000e+03 4.18666471e-03 -3.08955694e-03 5.20322241e-03
66700 6.67000000e+03 4.04978590e-03 -2.83439923e-03 4.94313512e-03
66800 6.68000000e+03 4.11297753e-03 -2.79779802e-03 4.97436006e-03
66900 6.69000000e+03 4.25376743e-03 -2.67665554e-03 5.02583548e-03
67000 6.70000000e+03 4.45455778e-03 -2.77412659e-03 5.24774841e-03
67100 6.71000000e+03 4.48676897e-03 -2.67237937e-03 5.22232777e-03
67200 6.72000000e+03 4.23137750e-03 -2.25310540e-03 4.79385435e-03
67300 6.73000000e+03 4.20154119e-03 -2.05255346e-03 4.67610138e-03
67400 6.74000000e+03 4.16968483e-03 -1.99447409e-03 4.62214220e-03
67500 6.75000000e+03 4.61094966e-03 -2.24468554e-03 5.12830089e-03
67600 6.76000000e+03 4.68911976e-03 -2.40603788e-03 5.27037592e-03
67700 6.77000000e+03 4.78240754e-03 -2.57235905e-03 5.43032716e-03
67800 6.78000000e+03 4.87382151e-03 -2.51253019e-03 5.48333330e-03
67900 6.79000000e+03 4.74063493e-03 -2.64750491e-03 5.42981600e-03
68000 6.80000000e+03 4.57218103e-03 -2.38312269e-03 5.15597839e-03
68100 6.81000000e+03 4.37751925e-03 -2.26305076e-03 4.92788733e-03
68200 6.82000000e+03 4.31912206e-03 -2.28852383e-03 4.88796038e-03
68300 6.83000000e+03 4.16438328e-03 -2.12591328e-03 4.67563850e-03
68400 6.84000000e+03 4.04860079e-03 -2.11471133e-03 4.56762218e-03
68500 6.85000000e+03 4.16468130e-03 -2.36824132e-03 4.79094326e-03
68600 6.86000000e+03 4.24684444e-03 -2.49507115e-03 4.92555254e-03
68700 6.87000000e+03 4.42447793e-03 -2.35511991e-03 5.01224448e-03
68800 6.88000000e+03 4.24556853e-03 -2.27343710e-03 4.81594938e-03
68900 6.89000000e+03 4.11147298e-03 -2.13108095e-03 4.63095197e-03
69000 6.90000000e+03 3.99693847e-03 -1.84556353e-03 4.40245634e-03
69100 6.91000000e+03 3.94268287e-03 -1.63125352e-03 4.26681805e-03
69200 6.92000000e+03 3.90982395e-03 -1.81326596e-03 4.30983257e-03
69300 6.93000000e+03 4.10021236e-03 -1.91266113e-03 4.52437996e-03
69400 6.94000000e+03 4.02304064e-03 -1.87962456e-03 4.44047796e-03
69500 6.95000000e+03 3.84099968e-03 -2.11933046e-03 4.38689413e-03
69600 6.96000000e+03 3.78894666e-03 -2.28215801e-03 4.42316199e-03
69700 6.97000000e+03 4.06711083e-03 -2.64965021e-03 4.85407424e-03
69800 6.98000000e+03 3.97325773e-03 -2.65370496e-03 4.77796264e-03
69900 6.99000000e+03 3.84042226e-03 -2.52420129e-03 4.59569748e-03
70000 7.00000000e+03 4.06072941e-03 -2.54156580e-03 4.79051981e-03
70100 7.01000000e+03 3.94431222e-03 -2.25667888e-03 4.54424895e-03
70200 7.02000000e+03 4.25297674e-03 -2.48426711e-03 4.92538265e-03
70300 7.03000000e+03 4.20026435e-03 -2.39009061e-03 4.83267562e-03
70400 7.04000000e+03 4.23938828e-03 -2.35919398e-03 4.85161923e-03
70500 7.05000000e+03 4.35025757e-03 -2.39307689e-03 4.96503353e-03
70600 7.06000000e+03 4.32204362e-03 -2.23342353e-03 4.86500172e-03
70700 7.07000000e+03 4.36256267e-03 -2.32076831e-03 4.94144904e-03
70800 7.08000000e+03 4.33121063e-03 -2.41965801e-03 4.96126298e-03
70900 7.09000000e+03 4.29694867e-03 -2.29377043e-03 4.87084702e-03
71000 7.10000000e+03 4.04629344e-03 -2.20657699e-03 4.60884721e-03
71100 7.11000000e+03 4.07373346e-03 -2.26289150e-03 4.66004102e-03
71200 7.12000000e+03 4.08171350e-03 -2.31672032e-03 4.69335468e-03
71300 7.13000000e+03 4.14554402e-03 -2.43577221e-03 4.80817237e-03
71400 7.14000000e+03 4.42336034e-03 -2.75235716e-03 5.20975879e-03
71500 7.15000000e+03 4.39037848e-03 -2.66132131e-03 5.13400958e-03
71600 7.16000000e+03 4.32255957e-03 -2.48819962e-03 4.98755036e-03
71700 7.17000000e+03 4.27638274e-03 -2.33311369e-03 4.87143396e-03
71800 7.18000000e+03 4.19833325e-03 -2.42260494e-03 4.84716585e-03
71900 7.19000000e+03 4.12130402e-03 -2.51753791e-03 4.82940410e-03
72000 7.20000000e+03 4.05144831e-03 -2.55706673e-03 4.79091053e-03
72100 7.21000000e+03 3.96922883e-03 -2.62498576e-03 4.75871072e-03
72200 7.22000000e+03 4.27752919e-03 -2.58924440e-03 5.00014425e-03
72300 7.23000000e+03 4.21566982e-03 -2.36293324e-03 4.83273479e-03
72400 7.24000000e+03 4.38771350e-03 -2.47521535e-03 5.03772973e-03
72500 7.25000000e+03 4.76144627e-03 -2.75914092e-03 5.50311086e-03
72600 7.26000000e+03 4.66431351e-03 -2.67581269e-03 5.37734080e-03
72700 7.27000000e+03 4.61432151e-03 -2.72469223e-03 5.35872287e-03
72800 7.28000000e+03 4.51907935e-03 -2.84886616e-03 5.34210788e-03
72900 7.29000000e+03 4.52587008e-03 -2.97103240e-03 5.41392035e-03
73000 7.30000000e+03 4.65930859e-03 -2.96770106e-03 5.52416565e-03
73100 7.31000000e+03 4.51402459e-03 -2.74304510e-03 5.28211269e-03
73200 7.32000000e+03 4.33695363e-03 -2.78355251e-03 5.15338058e-03
73300 7.33000000e+03 4.31739632e-03 -2.81383982e-03 5.15340718e-03
73400 7.34000000e+03 4.36921604e-03 -2.84315995e-03 5.21283103e-03
73500 7.35000000e+03 4.17574309e-03 -2.79765017e-03 5.02629852e-03
73600 7.36000000e+03 4.30157594e-03 -2.82464921e-03 5.14608577e-03
73700 7.37000000e+03 4.18448076e-03 -2.77853082e-03 5.02295856e-03
73800 7.38000000e+03 4.16785665e-03 -2.86464929e-03 5.05739504e-03
73900 7.39000000e+03 4.05726489e-03 -2.88463011e-03 4.97820141e-03
74000 7.40000000e+03 4.15074732e-03 -3.03097651e-03 5.13960329e-03
74100 7.41000000e+03 4.14561667e-03 -3.09616956e-03 5.17420559e-03
74200 7.42000000e+03 3.95558449e-03 -2.87781050e-03 4.89167067e-03
74300 7.43000000e+03 4.04374860e-03 -2.89611937e-03 4.97387276e-03
74400 7.44000000e+03 4.00552712e-03 -2.79487111e-03 4.88421458e-03
74500 7.45000000e+03 4.09970805e-03 -2.84384331e-03 4.98949405e-03
74600 7.46000000e+03 3.89155769e-03 -2.70846183e-03 4.74130644e-03
74700 7.47000000e+03 3.91757488e-03 -2.87420768e-03 4.85885406e-03
74800 7.48000000e+03 4.05496359e-03 -2.88456376e-03 4.97628755e-03
74900 7.49000000e+03 4.00188193e-03 -2.56012194e-03 4.75071398e-03
75000 7.50000000e+03 4.06711968e-03 -2.59726937e-03 4.82568862e-03
75100 7.51000000e+03 4.11428744e-03 -2.57844105e-03 4.85548344e-03
75200 7.52000000e+03 4.44350578e-03 -2.72578490e-03 5.21293074e-03
75300 7.53000000e+03 4.48416313e-03 -2.44041835e-03 5.10522876e-03
75400 7.54000000e+03 4.44820989e-03 -2.21355841e-03 4.96854225e-03
75500 7.55000000e+03 4.26211767e-03 -2.00786022e-03 4.71138512e-03
75600 7.56000000e+03 4.25368967e-03 -1.90805597e-03 4.66203318e-03
75700 7.57000000e+03 4.59585572e-03 -2.10730382e-03 5.05594889e-03
75800 7.58000000e+03 4.79872432e-03 -2.48686178e-03 5.40483455e-03
75900 7.59000000e+03 4.94901836e-03 -2.56344373e-03 5.57351115e-03
76000 7.60000000e+03 4.90042102e-03 -2.45594513e-03 5.48140425e-03
76100 7.61000000e+03 4.73525701e-03 -2.60230619e-03 5.40320798e-03
76200 7.62000000e+03 4.61651152e-03 -2.52013584e-03 5.25958775e-03
76300 7.63000000e+03 4.51458897e-03 -2.26770015e-03 5.05212605e-03
76400 7.64000000e+03 4.41495143e-03 -2.33101705e-03 4.99253809e-03
76500 7.65000000e+03 4.27628495e-03 -2.19061482e-03 4.80472749e-03
76600 7.66000000e+03 4.11490863e-03 -2.26563076e-03 4.69739883e-03
76700 7.67000000e+03 4.00716346e-03 -2.23110709e-03 4.58641449e-03
76800 7.68000000e+03 4.26386064e-03 -2.49625137e-03 4.94082771e-03
76900 7.69000000e+03 4.08510771e-03 -2.38158018e-03 4.72863925e-03
77000 7.70000000e+03 4.41707298e-03 -2.17329175e-03 4.92277673e-03
77100 7.71000000e+03 4.11508512e-03 -2.14287220e-03 4.63959338e-03
77200 7.72000000e+03 3.90162156e-03 -1.81066187e-03 4.30129599e-03
77300 7.73000000e+03 3.75424419e-03 -1.70042145e-03 4.12138114e-03
77400 7.74000000e+03 3.86461243e-03 -1.71090430e-03 4.22639595e-03
77500 7.75000000e+03 3.89413303e-03 -1.78047642e-03 4.28186505e-03
77600 7.76000000e+03 3.77207948e-03 -1.99944573e-03 4.26923492e-03
77700 7.77000000e+03 3.77539429e-03 -2.09243339e-03 4.31646609e-03
77800 7.78000000e+03 3.81714571e-03 -2.36507389e-03 4.49045386e-03
77900 7.79000000e+03 3.97117529e-03 -2.40666070e-03 4.64351687e-03
78000 7.80000000e+03 4.00913460e-03 -2.74186512e-03 4.85705513e-03
78100 7.81000000e+03 3.84422974e-03 -2.59144045e-03 4.63612617e-03
78200 7.82000000e+03 3.94328311e-03 -2.45531183e-03 4.64521666e-03
78300 7.83000000e+03 3.88151105e-03 -2.62632477e-03 4.68654561e-03
78400 7.84000000e+03 4.00514156e-03 -2.55229371e-03 4.74924858e-03
78500 7.85000000e+03 4.04680893e-03 -2.59206397e-03 4.80577342e-03
78600 7.86000000e+03 4.10742499e-03 -2.40614312e-03 4.76030091e-03
78700 7.87000000e+03 4.15528286e-03 -2.39892444e-03 4.79804274e-03
78800 7.88000000e+03 4.10309993e-03 -2.26964848e-03 4.68900131e-03
78900 7.89000000e+03 4.15589428e-03 -2.28378922e-03 4.74206183e-03
79000 7.90000000e+03 4.27731313e-03 -2.53995066e-03 4.97461123e-03
79100 7.91000000e+03 4.18623025e-03 -2.30509927e-03 4.77891267e-03
79200 7.92000000e+03 4.06840676e-03 -2.23783846e-03 4.64325905e-03
79300 7.93000000e+03 4.16760240e-03 -2.24674982e-03 4.73463774e-03
79400 7.94000000e+03 4.06014128e-03 -2.14458676e-03 4.59173165e-03
79500 7.95000000e+03 4.24093381e-03 -2.31780205e-03 4.83298312e-03
79600 7.96000000e+03 4.36161784e-03 -2.28693453e-03 4.92481266e-03
79700 7.97000000e+03 4.46134107e-03 -2.35328521e-03 5.04395831e-03
79800 7.98000000e+03 4.43975721e-03 -2.20494741e-03 4.95714001e-03
79900 7.99000000e+03 4.34129685e-03 -2.23390711e-03 4.88233544e-03
80000 8.00000000e+03 4.49608127e-03 -2.42687832e-03 5.10925485e-03
80100 8.01000000e+03 4.37586382e-03 -2.58249999e-03 5.08109145e-03
80200 8.02000000e+03 4.29056445e-03 -2.47579510e-03 4.95363550e-03
80300 8.03000000e+03 4.15112637e-03 -2.62207724e-03 4.90990216e-03
80400 8.04000000e+03 4.15134942e-03 -2.48152553e-03 4.83649367e-03
80500 8.05000000e+03 4.46249545e-03 -2.47598439e-03 5.10336794e-03
80600 8.06000000e+03 4.50680498e-03 -2.51392834e-03 5.16053552e-03
80700 8.07000000e+03 4.68959706e-03 -2.59887311e-03 5.36157272e-03
80800 8.08000000e+03 4.76686098e-03 -2.68488936e-03 5.47097747e-03
80900 8.09000000e+03 4.68589133e-03 -2.63633882e-03 5.37660301e-03
81000 8.10000000e+03 4.60061338e-03 -2.77343951e-03 5.37192798e-03
81100 8.11000000e+03 4.55818465e-03 -2.76449253e-03 5.33099111e-03
81200 8.12000000e+03 4.74265311e-03 -2.97195837e-03 5.59690049e-03
81300 8.13000000e+03 4.59880428e-03 -2.86334008e-03 5.41735334e-03
81400 8.14000000e+03 4.51076869e-03 -2.77957623e-03 5.29840336e-03
81500 8.15000000e+03 4.35191579e-03 -2.69540655e-03 5.11902213e-03
81600 8.16000000e+03 4.28875070e-03 -2.78894790e-03 5.11581987e-03
81700 8.17000000e+03 4.26406926e-03 -2.84907478e-03 5.12830515e-03
81800 8.18000000e+03 4.31161793e-03 -2.83898809e-03 5.16235436e-03
81900 8.19000000e+03 4.26627230e-03 -2.71497248e-03 5.05689182e-03
82000 8.20000000e+03 4.14255261e-03 -2.87094503e-03 5.04014558e-03
82100 8.21000000e+03 4.04138304e-03 -2.89298315e-03 4.97012358e-03
82200 8.22000000e+03 4.07078862e-03 -3.22520011e-03 5.19357639e-03
82300 8.23000000e+03 4.00119461e-03 -2.90848967e-03 4.94660191e-03
82400 8.24000000e+03 3.94541863e-03 -2.76787952e-03 4.81949014e-03
82500 8.25000000e+03 4.05712239e-03 -2.66036973e-03 4.85157802e-03
82600 8.26000000e+03 4.14502202e-03 -2.81173247e-03 5.00869714e-03
82700 8.27000000e+03 4.09792643e-03 -2.76704947e-03 4.94465002e-03
82800 8.28000000e+03 4.05425159e-03 -2.67968979e-03 4.85980384e-03
82900 8.29000000e+03 3.97331314e-03 -2.76259263e-03 4.83933212e-03
83000 8.30000000e+03 4.10569832e-03 -2.81197648e-03 4.97634106e-03
83100 8.31000000e+03 4.18891199e-03 -2.58826325e-03 4.92403191e-03
83200 8.32000000e+03 4.18226887e-03 -2.54916376e-03 4.89791882e-03
83300 8.33000000e+03 4.24410822e-03 -2.70549161e-03 5.03310435e-03
83400 8.34000000e+03 4.27302625e-03 -2.59177317e-03 4.99760358e-03
83500 8.35000000e+03 4.47421754e-03 -2.44104397e-03 5.09679490e-03
83600 8.36000000e+03 4.37687058e-03 -2.16702255e-03 4.88395156e-03
83700 8.37000000e+03 4.26270766e-03 -2.00380618e-03 4.71019276e-03
83800 8.38000000e+03 4.25850088e-03 -2.05763639e-03 4.72955571e-03
83900 8.39000000e+03 4.32742387e-03 -2.09694239e-03 4.80871758e-03
84000 8.40000000e+03 4.70973225e-03 -2.51380727e-03 5.33861451e-03
84100 8.41000000e+03 4.90441918e-03 -2.54779123e-03 5.52671400e-03
84200 8.42000000e+03 4.73670801e-03 -2.55479780e-03 5.38176501e-03
84300 8.43000000e+03 4.65898216e-03 -2.56264559e-03 5.31726125e-03
84400 8.44000000e+03 4.61088773e-03 -2.53309892e-03 5.26088165e-03
84500 8.45000000e+03 4.34521493e-03 -2.19851919e-03 4.86974120e-03
84600 8.46000000e+03 4.33826772e-03 -2.32374785e-03 4.92141960e-03
84700 8.47000000e+03 4.37327940e-03 -2.35264096e-03 4.96593317e-03
84800 8.48000000e+03 4.11598757e-03 -2.34617665e-03 4.73771027e-03
84900 8.49000000e+03 4.24283976e-03 -2.40751868e-03 4.87830251e-03
85000 8.50000000e+03 4.38673981e-03 -2.38326029e-03 4.99233570e-03
85100 8.51000000e+03 4.33047861e-03 -2.27860431e-03 4.89337129e-03
85200 8.52000000e+03 4.33637202e-03 -2.24267296e-03 4.88197750e-03
85300 8.53000000e+03 4.22276324e-03 -2.15538382e-03 4.74103457e-03
85400 8.54000000e+03 4.01579263e-03 -1.79134752e-03 4.39721689e-03
85500 8.55000000e+03 3.89162474e-03 -1.58589752e-03 4.20235816e-03
85600 8.56000000e+03 3.90708074e-03 -1.64975470e-03 4.24110487e-03
85700 8.57000000e+03 3.87677085e-03 -1.90317829e-03 4.31873127e-03
85800 8.58000000e+03 3.87031655e-03 -2.00261245e-03 4.35772955e-03
85900 8.59000000e+03 3.78249935e-03 -2.39030248e-03 4.47446615e-03
86000 8.60000000e+03 3.86536261e-03 -2.34951754e-03 4.52341252e-03
86100 8.61000000e+03 3.88292386e-03 -2.44780048e-03 4.59007896e-03
86200 8.62000000e+03 4.00014408e-03 -2.64302827e-03 4.79445003e-03
86300 8.63000000e+03 3.94962309e-03 -2.49380758e-03 4.67103830e-03
86400 8.64000000e+03 3.87126929e-03 -2.45606480e-03 4.58464614e-03
86500 8.65000000e+03 3.95692326e-03 -2.53877044e-03 4.70133992e-03
86600 8.66000000e+03 3.94946011e-03 -2.72436813e-03 4.79795965e-03
86700 8.67000000e+03 4.05660784e-03 -2.53385608e-03 4.78293778e-03
86800 8.68000000e+03 4.09440277e-03 -2.36849743e-03 4.73010720e-03
86900 8.69000000e+03 4.06362861e-03 -2.40923418e-03 4.72413874e-03
87000 8.70000000e+03 4.06065444e-03 -2.26674229e-03 4.65048761e-03
87100 8.71000000e+03 4.20587976e-03 -2.25468189e-03 4.77210802e-03
87200 8.72000000e+03 4.32096329e-03 -2.53707892e-03 5.01073779e-03
87300 8.73000000e+03 4.18842118e-03 -2.38808175e-03 4.82139051e-03
87400 8.74000000e+03 4.10851836e-03 -2.23926804e-03 4.67912860e-03
87500 8.75000000e+03 4.13671462e-03 -2.32163584e-03 4.74366955e-03
87600 8.76000000e+03 4.17327881e-03 -2.31903372e-03 4.77432439e-03
87700 8.77000000e+03 4.23792796e-03 -2.25204602e-03 4.79913999e-03
87800 8.78000000e+03 4.56609391e-03 -2.50309333e-03 5.20717676e-03
87900 8.79000000e+03 4.56161378e-03 -2.51491787e-03 5.20894732e-03
88000 8.80000000e+03 4.51465975e-03 -2.39228806e-03 5.10932431e-03
88100 8.81000000e+03 4.53123078e-03 -2.46360968e-03 5.15765693e-03
88200 8.82000000e+03 4.46262583e-03 -2.59994599e-03 5.16476025e-03
88300 8.83000000e+03 4.29797592e-03 -2.50267563e-03 4.97352815e-03
88400 8.84000000e+03 4.25928785e-03 -2.49405368e-03 4.93577114e-03
88500 8.85000000e+03 4.12282348e-03 -2.45807902e-03 4.79998186e-03
88600 8.86000000e+03 4.25235182e-03 -2.36730487e-03 4.86689104e-03
88700 8.87000000e+03 4.33863094e-03 -2.42808950e-03 4.97185449e-03
88800 8.88000000e+03 4.59863385e-03 -2.49569886e-03 5.23220280e-03
88900 8.89000000e+03 4.60931333e-03 -2.50586588e-03 5.24644005e-03
89000 8.90000000e+03 4.69064526e-03 -2.66295346e-03 5.39383668e-03
89100 8.91000000e+03 4.63168044e-03 -2.64230138e-03 5.33237473e-03
89200 8.92000000e+03 4.57634265e-03 -2.69131735e-03 5.30905840e-03
89300 8.93000000e+03 4.68320586e-03 -2.71802628e-03 5.41480230e-03
89400 8.94000000e+03 4.80613345e-03 -3.04222875e-03 5.68806422e-03
89500 8.95000000e+03 4.61636344e-03 -2.67678150e-03 5.33628809e-03
89600 8.96000000e+03 4.56138793e-03 -2.70387577e-03 5.30256580e-03
89700 8.97000000e+03 4.37099161e-03 -2.63049849e-03 5.10147919e-03
89800 8.98000000e+03 4.40570619e-03 -2.76840851e-03 5.20330017e-03
89900 8.99000000e+03 4.30683745e-03 -2.75541213e-03 5.11284117e-03
90000 9.00000000e+03 4.37514810e-03 -2.89824139e-03 5.24802097e-03
90100 9.01000000e+03 4.23847418e-03 -2.77600577e-03 5.06664301e-03
90200 9.02000000e+03 4.07637330e-03 -2.82242615e-03 4.95811543e-03
90300 9.03000000e+03 4.12888872e-03 -2.91367946e-03 5.05343943e-03
90400 9.04000000e+03 4.15173871e-03 -3.17393523e-03 5.22597351e-03
90500 9.05000000e+03 4.01770510e-03 -2.73643527e-03 4.86107316e-03
90600 9.06000000e+03 3.95885389e-03 -2.61801039e-03 4.74620928e-03
90700 9.07000000e+03 4.02150722e-03 -2.79944879e-03 4.89994223e-03
90800 9.08000000e+03 4.21531731e-03 -2.74929032e-03 5.03264317e-03
90900 9.09000000e+03 4.13943455e-03 -2.78159487e-03 4.98720246e-03
91000 9.10000000e+03 4.02301596e-03 -2.76801595e-03 4.88329497e-03
91100 9.11000000e+03 4.01760498e-03 -2.76202965e-03 4.87544434e-03
91200 9.12000000e+03 4.18736041e-03 -2.68657808e-03 4.97510693e-03
91300 9.13000000e+03 4.20318078e-03 -2.52671167e-03 4.90418195e-03
91400 9.14000000e+03 4.16224729e-03 -2.51400028e-03 4.86256105e-03
91500 9.15000000e+03 4.28432645e-03 -2.60526943e-03 5.01426784e-03
91600 9.16000000e+03 4.41648113e-03 -2.62421137e-03 5.13729412e-03
91700 9.17000000e+03 4.42219293e-03 -2.36663828e-03 5.01565220e-03
91800 9.18000000e+03 4.30880114e-03 -2.18171370e-03 4.82966272e-03
91900 9.19000000e+03 4.22476791e-03 -1.87036477e-03 4.62027361e-03
92000 9.20000000e+03 4.27518599e-03 -2.10260367e-03 4.76425833e-03
92100 9.21000000e+03 4.35876427e-03 -2.28273217e-03 4.92033455e-03
92200 9.22000000e+03 4.87386016e-03 -2.55467929e-03 5.50280830e-03
92300 9.23000000e+03 4.97663999e-03 -2.49823183e-03 5.56849242e-03
92400 9.24000000e+03 4.79093567e-03 -2.52947584e-03 5.41768517e-03
92500 9.25000000e+03 4.68511041e-03 -2.62313453e-03 5.36945941e-03
92600 9.26000000e+03 4.56672348e-03 -2.37307395e-03 5.14649816e-03
92700 9.27000000e+03 4.36716061e-03 -2.12908303e-03 4.85850660e-03
92800 9.28000000e+03 4.53024777e-03 -2.32120277e-03 5.09029735e-03
92900 9.29000000e+03 4.31744149e-03 -2.29860260e-03 4.89120383e-03
93000 9.30000000e+03 4.07053065e-03 -2.43455730e-03 4.74302530e-03
93100 9.31000000e+03 4.22542403e-03 -2.34284159e-03 4.83147130e-03
93200 9.32000000e+03 4.45932383e-03 -2.43916735e-03 5.08282464e-03
93300 9.33000000e+03 4.29639313e-03 -2.19738437e-03 4.82571156e-03
93400 9.34000000e+03 4.26880876e-03 -2.43057753e-03 4.91227395e-03
93500 9.35000000e+03 4.10875026e-03 -2.12129834e-03 4.62403886e-03
93600 9.36000000e+03 3.95910162e-03 -1.83072733e-03 4.36188586e-03
93700 9.37000000e+03 3.93518712e-03 -1.75785541e-03 4.30995978e-03
93800 9.38000000e+03 4.02611122e-03 -1.86932506e-03 4.43891290e-03
93900 9.39000000e+03 3.94173944e-03 -1.94507919e-03 4.39552533e-03
94000 9.40000000e+03 3.84178385e-03 -2.13371008e-03 4.39454456e-03
94100 9.41000000e+03 3.87993036e-03 -2.34430772e-03 4.53317089e-03
94200 9.42000000e+03 3.85545939e-03 -2.26128963e-03 4.46967537e-03
94300 9.43000000e+03 3.94072477e-03 -2.46633356e-03 4.64888298e-03
94400 9.44000000e+03 3.87225463e-03 -2.58331397e-03 4.65487561e-03
94500 9.45000000e+03 3.90812336e-03 -2.48393649e-03 4.63069851e-03
94600 9.46000000e+03 3.86719033e-03 -2.54171295e-03 4.62768471e-03
94700 9.47000000e+03 3.97011125e-03 -2.60413671e-03 4.74797971e-03
94800 9.48000000e+03 3.95273790e-03 -2.65626842e-03 4.76234174e-03
94900 9.49000000e+03 3.95653676e-03 -2.47171940e-03 4.66514522e-03
95000 9.50000000e+03 4.07202356e-03 -2.36936030e-03 4.71118287e-03
95100 9.51000000e+03 4.10736352e-03 -2.45508621e-03 4.78517329e-03
95200 9.52000000e+03 4.05413983e-03 -2.36610882e-03 4.69409424e-03
95300 9.53000000e+03 4.15277574e-03 -2.27997964e-03 4.73749444e-03
95400 9.54000000e+03 4.35452955e-03 -2.62366142e-03 5.08384961e-03
95500 9.55000000e+03 4.28198744e-03 -2.37286603e-03 4.89549891e-03
95600 9.56000000e+03 4.18361928e-03 -2.24166363e-03 4.74633818e-03
95700 9.57000000e+03 4.08971868e-03 -2.19953689e-03 4.64367973e-03
95800 9.58000000e+03 4.22584871e-03 -2.24351417e-03 4.78447000e-03
95900 9.59000000e+03 4.33295406e-03 -2.24854611e-03 4.88164424e-03
96000 9.60000000e+03 4.48932778e-03 -2.40891543e-03 5.09479514e-03
96100 9.61000000e+03 4.45499457e-03 -2.37095449e-03 5.04662282e-03
96200 9.62000000e+03 4.48007835e-03 -2.33655167e-03 5.05277901e-03
96300 9.63000000e+03 4.56129294e-03 -2.36037164e-03 5.13582978e-03
96400 9.64000000e+03 4.40469664e-03 -2.48151994e-03 5.05562001e-03
96500 9.65000000e+03 4.32293396e-03 -2.50116829e-03 4.99435690e-03
96600 9.66000000e+03 4.28175740e-03 -2.58180918e-03 4.99991851e-03
96700 9.67000000e+03 4.14209068e-03 -2.37228954e-03 4.77332933e-03
96800 9.68000000e+03 4.25175624e-03 -2.28301832e-03 4.82593035e-03
96900 9.69000000e+03 4.33990499e-03 -2.34740274e-03 4.93407286e-03
97000 9.70000000e+03 4.51003760e-03 -2.49230047e-03 5.15286336e-03
97100 9.71000000e+03 4.62298654e-03 -2.52604787e-03 5.26810425e-03
97200 9.72000000e+03 4.64252103e-03 -2.75901123e-03 5.40047632e-03
97300 9.73000000e+03 4.66723694e-03 -2.61443877e-03 5.34961594e-03
97400 9.74000000e+03 4.57828306e-03 -2.67595891e-03 5.30296444e-03
97500 9.75000000e+03 4.74860892e-03 -2.76691723e-03 5.49591827e-03
97600 9.76000000e+03 4.80292086e-03 -2.92354473e-03 5.62273621e-03
97700 9.77000000e+03 4.66795266e-03 -2.71279807e-03 5.39898651e-03
97800 9.78000000e+03 4.53406759e-03 -2.69933837e-03 5.27676004e-03
97900 9.79000000e+03 4.44293115e-03 -2.69528874e-03 5.19655834e-03
98000 9.80000000e+03 4.42910194e-03 -2.73567997e-03 5.20585141e-03
98100 9.81000000e+03 4.28417977e-03 -2.82213045e-03 5.13016731e-03
98200 9.82000000e+03 4.37184330e-03 -2.79073138e-03 5.18663624e-03
98300 9.83000000e+03 4.23705997e-03 -2.76002125e-03 5.05671776e-03
98400 9.84000000e+03 4.11566533e-03 -3.05525749e-03 5.12574867e-03
98500 9.85000000e+03 4.11638292e-03 -2.86636408e-03 5.01603941e-03
98600 9.86000000e+03 4.14165203e-03 -3.02546751e-03 5.12900918e-03
98700 9.87000000e+03 4.06275410e-03 -2.68743816e-03 4.87116975e-03
98800 9.88000000e+03 4.09797439e-03 -2.60684057e-03 4.85685206e-03
98900 9.89000000e+03 4.14138008e-03 -2.78976839e-03 4.99337928e-03
99000 9.90000000e+03 4.16751299e-03 -2.70708068e-03 4.96955233e-03
99100 9.91000000e+03 4.17510094e-03 -2.77448143e-03 5.01290485e-03
99200 9.92000000e+03 4.06527286e-03 -2.77266651e-03 4.92078480e-03
99300 9.93000000e+03 4.12814599e-03 -2.76423828e-03 4.96815887e-03
99400 9.94000000e+03 4.24438296e-03 -2.60864268e-03 4.98194775e-03
99500 9.95000000e+03 4.24842071e-03 -2.57197185e-03 4.96629819e-03
99600 9.96000000e+03 4.21723863e-03 -2.53457809e-03 4.92028330e-03
99700 9.97000000e+03 4.28009219e-03 -2.55618175e-03 4.98530383e-03
99800 9.98000000e+03 4.37087566e-03 -2.49037566e-03 5.03055911e-03
99900 9.99000000e+03 4.43827407e-03 -2.27758544e-03 4.98855412e-03
100000 1.00000000e+04 4.25185543e-03 -2.06855033e-03 4.72833745e-03
