# step  t  vx_mean  vy_mean  vmag_mean
0 0.00000000e+00 2.32112920e-03 -1.91904674e-03 3.01170735e-03
100 1.00000000e+01 2.29556998e-03 -1.75957684e-03 2.89236101e-03
200 2.00000000e+01 2.17655138e-03 -1.95413665e-03 2.92506854e-03
300 3.00000000e+01 2.21726764e-03 -1.98662654e-03 2.97707252e-03
400 4.00000000e+01 2.17961706e-03 -1.84779637e-03 2.85746076e-03
500 5.00000000e+01 2.14964058e-03 -1.63936487e-03 2.70341854e-03
600 6.00000000e+01 2.11209129e-03 -1.71350059e-03 2.71974519e-03
700 7.00000000e+01 2.08354276e-03 -1.70104438e-03 2.68974021e-03
800 8.00000000e+01 2.03754217e-03 -1.47801416e-03 2.51716189e-03
900 9.00000000e+01 2.05547875e-03 -1.42622984e-03 2.50182422e-03
1000 1.00000000e+02 1.99791696e-03 -1.25208613e-03 2.35783627e-03
1100 1.10000000e+02 1.94067636e-03 -1.10076927e-03 2.23112476e-03
1200 1.20000000e+02 1.93048944e-03 -1.04692718e-03 2.19609790e-03
1300 1.30000000e+02 1.87992561e-03 -1.03945832e-03 2.14816058e-03
1400 1.40000000e+02 1.79261412e-03 -9.63867991e-04 2.03531493e-03
1500 1.50000000e+02 1.71085121e-03 -9.10701812e-04 1.93814077e-03
1600 1.60000000e+02 1.69252988e-03 -8.69800686e-04 1.90294788e-03
1700 1.70000000e+02 1.70702557e-03 -7.78866350e-04 1.87631796e-03
1800 1.80000000e+02 1.68031978e-03 -8.41816771e-04 1.87939619e-03
1900 1.90000000e+02 1.82505080e-03 -9.89529537e-04 2.07604892e-03
2000 2.00000000e+02 1.75671070e-03 -8.57591513e-04 1.95486462e-03
2100 2.10000000e+02 1.80742273e-03 -9.30016278e-04 2.03266013e-03
2200 2.20000000e+02 1.81037979e-03 -8.79454892e-04 2.01268872e-03
2300 2.30000000e+02 1.76396093e-03 -8.43891175e-04 1.95543102e-03
2400 2.40000000e+02 1.72360567e-03 -8.10384634e-04 1.90461014e-03
2500 2.50000000e+02 1.71177904e-03 -7.88907288e-04 1.88482418e-03
2600 2.60000000e+02 1.72081636e-03 -7.61038857e-04 1.88159217e-03
2700 2.70000000e+02 1.75136141e-03 -7.18787080e-04 1.89312484e-03
2800 2.80000000e+02 1.98953622e-03 -8.97311256e-04 2.18252649e-03
2900 2.90000000e+02 1.94175658e-03 -8.48912750e-04 2.11921482e-03
3000 3.00000000e+02 1.96067058e-03 -8.96274869e-04 2.15581487e-03
3100 3.10000000e+02 1.90725259e-03 -8.79492727e-04 2.10026663e-03
3200 3.20000000e+02 1.84320868e-03 -7.80555536e-04 2.00167060e-03
3300 3.30000000e+02 1.87752128e-03 -8.30991543e-04 2.05320070e-03
3400 3.40000000e+02 1.80401630e-03 -7.19607226e-04 1.94224338e-03
3500 3.50000000e+02 1.76127860e-03 -6.92035945e-04 1.89235728e-03
3600 3.60000000e+02 1.83266157e-03 -5.67519804e-04 1.91852213e-03
3700 3.70000000e+02 1.72793621e-03 -5.73977130e-04 1.82077272e-03
3800 3.80000000e+02 1.65632996e-03 -4.95321699e-04 1.72880667e-03
3900 3.90000000e+02 1.63826474e-03 -5.80720487e-04 1.73814489e-03
4000 4.00000000e+02 1.55191938e-03 -5.65042428e-04 1.65158310e-03
4100 4.10000000e+02 1.62385369e-03 -5.30318182e-04 1.70825589e-03
4200 4.20000000e+02 1.73165358e-03 -5.79855347e-04 1.82615891e-03
4300 4.30000000e+02 1.62362796e-03 -5.66361705e-04 1.71957359e-03
4400 4.40000000e+02 1.55773771e-03 -4.84496180e-04 1.63134402e-03
4500 4.50000000e+02 1.46628870e-03 -4.96967754e-04 1.54821817e-03
4600 4.60000000e+02 1.41211553e-03 -4.25079343e-04 1.47470767e-03
4700 4.70000000e+02 1.45211851e-03 -3.63789906e-04 1.49699407e-03
4800 4.80000000e+02 1.38210296e-03 -4.73840482e-04 1.46107268e-03
4900 4.90000000e+02 1.39846792e-03 -4.30008105e-04 1.46308561e-03
5000 5.00000000e+02 1.45530805e-03 -4.15328774e-04 1.51341320e-03
5100 5.10000000e+02 1.49935507e-03 -4.75516863e-04 1.57295325e-03
5200 5.20000000e+02 1.55881385e-03 -5.24642877e-04 1.64473425e-03
5300 5.30000000e+02 1.54245750e-03 -4.99914924e-04 1.62144690e-03
5400 5.40000000e+02 1.69805763e-03 -5.59257693e-04 1.78778323e-03
5500 5.50000000e+02 1.64514943e-03 -4.74841101e-04 1.71230567e-03
5600 5.60000000e+02 1.74866931e-03 -6.02200453e-04 1.84945661e-03
5700 5.70000000e+02 1.74759002e-03 -6.00297528e-04 1.84781709e-03
5800 5.80000000e+02 1.71626476e-03 -5.96396741e-04 1.81693527e-03
5900 5.90000000e+02 1.66275282e-03 -5.22254908e-04 1.74284169e-03
6000 6.00000000e+02 1.61014369e-03 -4.52777487e-04 1.67259384e-03
6100 6.10000000e+02 1.59976969e-03 -4.50028194e-04 1.66186294e-03
6200 6.20000000e+02 1.74428208e-03 -5.59283129e-04 1.83175260e-03
6300 6.30000000e+02 1.73200888e-03 -5.98571845e-04 1.83252367e-03
6400 6.40000000e+02 1.90399576e-03 -6.21606072e-04 2.00289639e-03
6500 6.50000000e+02 1.82113925e-03 -5.78445266e-04 1.91079750e-03
6600 6.60000000e+02 1.73955376e-03 -5.65339811e-04 1.82911355e-03
6700 6.70000000e+02 1.73242111e-03 -5.40183624e-04 1.81468489e-03
6800 6.80000000e+02 1.71272049e-03 -4.90338309e-04 1.78152832e-03
6900 6.90000000e+02 1.73467572e-03 -6.05807058e-04 1.83741722e-03
7000 7.00000000e+02 1.78100425e-03 -6.89978187e-04 1.90998587e-03
7100 7.10000000e+02 1.61814771e-03 -6.54220872e-04 1.74539593e-03
7200 7.20000000e+02 1.58860500e-03 -6.29676157e-04 1.70884695e-03
7300 7.30000000e+02 1.75790431e-03 -9.63119906e-04 2.00445192e-03
7400 7.40000000e+02 1.67243509e-03 -8.87309841e-04 1.89324005e-03
7500 7.50000000e+02 1.75648171e-03 -8.59877036e-04 1.95566268e-03
7600 7.60000000e+02 1.78240647e-03 -9.52546310e-04 2.02096940e-03
7700 7.70000000e+02 1.93991559e-03 -9.66970867e-04 2.16755741e-03
7800 7.80000000e+02 1.89929758e-03 -9.22446256e-04 2.11145410e-03
7900 7.90000000e+02 1.87420438e-03 -9.64842096e-04 2.10797588e-03
8000 8.00000000e+02 1.85903010e-03 -8.89595249e-04 2.06091548e-03
8100 8.10000000e+02 1.85550703e-03 -7.08811916e-04 1.98628313e-03
8200 8.20000000e+02 1.83951110e-03 -6.52940711e-04 1.95195611e-03
8300 8.30000000e+02 1.73790450e-03 -8.49399192e-04 1.93437097e-03
8400 8.40000000e+02 1.78024371e-03 -9.73107177e-04 2.02884332e-03
8500 8.50000000e+02 1.72166910e-03 -8.41373112e-04 1.91626022e-03
8600 8.60000000e+02 1.65834627e-03 -7.22327910e-04 1.80883110e-03
8700 8.70000000e+02 1.64969836e-03 -9.10767878e-04 1.88441047e-03
8800 8.80000000e+02 1.79358094e-03 -9.59352590e-04 2.03403294e-03
8900 8.90000000e+02 1.66897045e-03 -8.67018010e-04 1.88073991e-03
9000 9.00000000e+02 1.74638070e-03 -9.37908073e-04 1.98230096e-03
9100 9.10000000e+02 1.69233442e-03 -9.96379997e-04 1.96386580e-03
9200 9.20000000e+02 1.65755837e-03 -1.02270208e-03 1.94767023e-03
9300 9.30000000e+02 1.66191114e-03 -1.05131115e-03 1.96652073e-03
9400 9.40000000e+02 1.78618333e-03 -1.22210092e-03 2.16425081e-03
9500 9.50000000e+02 1.82836410e-03 -1.37513783e-03 2.28777606e-03
9600 9.60000000e+02 1.77109777e-03 -1.20644365e-03 2.14296374e-03
9700 9.70000000e+02 1.71773427e-03 -1.06299156e-03 2.02004012e-03
9800 9.80000000e+02 1.84661918e-03 -1.10454147e-03 2.15174680e-03
9900 9.90000000e+02 1.79164461e-03 -1.03764446e-03 2.07043387e-03
10000 1.00000000e+03 1.81222102e-03 -9.21164174e-04 2.03290149e-03
10100 1.01000000e+03 1.82148523e-03 -8.48368858e-04 2.00936263e-03
10200 1.02000000e+03 1.79322809e-03 -7.82100600e-04 1.95636099e-03
10300 1.03000000e+03 1.71142607e-03 -6.47709472e-04 1.82989255e-03
10400 1.04000000e+03 1.63586019e-03 -5.32911625e-04 1.72047474e-03
10500 1.05000000e+03 1.56359980e-03 -4.30949294e-04 1.62190062e-03
10600 1.06000000e+03 1.56213704e-03 -4.02318605e-04 1.61311264e-03
10700 1.07000000e+03 1.70233345e-03 -5.83802990e-04 1.79965694e-03
10800 1.08000000e+03 1.75274117e-03 -6.00731990e-04 1.85283041e-03
10900 1.09000000e+03 1.82951847e-03 -7.27060833e-04 1.96869380e-03
11000 1.10000000e+03 1.89553713e-03 -9.15140496e-04 2.10488554e-03
11100 1.11000000e+03 1.96043332e-03 -8.56131956e-04 2.13921965e-03
11200 1.12000000e+03 1.94707245e-03 -8.70463438e-04 2.13279106e-03
11300 1.13000000e+03 1.86433096e-03 -7.17635208e-04 1.99768121e-03
11400 1.14000000e+03 1.78628252e-03 -7.53745437e-04 1.93879793e-03
11500 1.15000000e+03 1.78063905e-03 -6.62934908e-04 1.90004161e-03
11600 1.16000000e+03 1.77207170e-03 -7.36522838e-04 1.91903726e-03
11700 1.17000000e+03 1.75578974e-03 -6.47548644e-04 1.87139436e-03
11800 1.18000000e+03 1.73625129e-03 -5.68089774e-04 1.82682635e-03
11900 1.19000000e+03 1.91542227e-03 -6.57718047e-04 2.02520011e-03
12000 1.20000000e+03 1.84773013e-03 -4.85960918e-04 1.91056658e-03
12100 1.21000000e+03 1.97666138e-03 -6.37971505e-04 2.07706472e-03
12200 1.22000000e+03 2.05859868e-03 -7.04698905e-04 2.17587432e-03
12300 1.23000000e+03 2.05167593e-03 -6.70995039e-04 2.15861262e-03
12400 1.24000000e+03 2.17918633e-03 -7.77069654e-04 2.31358818e-03
12500 1.25000000e+03 2.19948567e-03 -8.02128576e-04 2.34118505e-03
12600 1.26000000e+03 2.09160475e-03 -6.38222031e-04 2.18680996e-03
12700 1.27000000e+03 2.07383512e-03 -5.23431750e-04 2.13887187e-03
12800 1.28000000e+03 2.06101593e-03 -5.27126191e-04 2.12735720e-03
12900 1.29000000e+03 2.01963261e-03 -5.27618395e-04 2.08741396e-03
13000 1.30000000e+03 1.99618028e-03 -5.55797888e-04 2.07211172e-03
13100 1.31000000e+03 2.03854265e-03 -6.02860004e-04 2.12581662e-03
13200 1.32000000e+03 2.01467238e-03 -6.21963758e-04 2.10849324e-03
13300 1.33000000e+03 1.81518879e-03 -6.38305268e-04 1.92414760e-03
13400 1.34000000e+03 1.81119307e-03 -5.77767147e-04 1.90111420e-03
13500 1.35000000e+03 1.72838126e-03 -4.91768238e-04 1.79698019e-03
13600 1.36000000e+03 1.79857598e-03 -5.12347557e-04 1.87012715e-03
13700 1.37000000e+03 1.80204387e-03 -4.51997941e-04 1.85786551e-03
13800 1.38000000e+03 1.76854664e-03 -5.51811419e-04 1.85263409e-03
13900 1.39000000e+03 1.64645177e-03 -5.04982541e-04 1.72215295e-03
14000 1.40000000e+03 1.82308571e-03 -6.72448834e-04 1.94314923e-03
14100 1.41000000e+03 1.81369006e-03 -6.75140589e-04 1.93527426e-03
14200 1.42000000e+03 1.87229586e-03 -6.18267397e-04 1.97173689e-03
14300 1.43000000e+03 1.84692687e-03 -6.15663477e-04 1.94683856e-03
14400 1.44000000e+03 1.75466400e-03 -5.80088061e-04 1.84806599e-03
14500 1.45000000e+03 1.76078686e-03 -7.59401009e-04 1.91756624e-03
14600 1.46000000e+03 1.86996255e-03 -7.85984856e-04 2.02843095e-03
14700 1.47000000e+03 2.07917020e-03 -9.10500879e-04 2.26979307e-03
14800 1.48000000e+03 1.98687101e-03 -9.17663448e-04 2.18855263e-03
14900 1.49000000e+03 2.00325903e-03 -8.90322204e-04 2.19219533e-03
15000 1.50000000e+03 1.97220966e-03 -8.61945271e-04 2.15233840e-03
15100 1.51000000e+03 1.98848126e-03 -8.27079930e-04 2.15362925e-03
15200 1.52000000e+03 2.01639882e-03 -6.54564297e-04 2.11998081e-03
15300 1.53000000e+03 2.10915995e-03 -5.38823777e-04 2.17689842e-03
15400 1.54000000e+03 2.04639276e-03 -6.42604078e-04 2.14491570e-03
15500 1.55000000e+03 2.15389021e-03 -6.26513094e-04 2.24315886e-03
15600 1.56000000e+03 1.99169060e-03 -4.96603141e-04 2.05266805e-03
15700 1.57000000e+03 1.92878814e-03 -5.03819960e-04 1.99350401e-03
15800 1.58000000e+03 1.85255997e-03 -4.19904944e-04 1.89955221e-03
15900 1.59000000e+03 1.93058443e-03 -4.87303070e-04 1.99113549e-03
16000 1.60000000e+03 1.88083190e-03 -4.31960361e-04 1.92979750e-03
16100 1.61000000e+03 1.85014016e-03 -4.92766325e-04 1.91463764e-03
16200 1.62000000e+03 1.76425546e-03 -4.67372069e-04 1.82511204e-03
16300 1.63000000e+03 1.81192067e-03 -6.45929715e-04 1.92361163e-03
16400 1.64000000e+03 1.85116124e-03 -6.04913337e-04 1.94749020e-03
16500 1.65000000e+03 1.73536991e-03 -7.62342359e-04 1.89543520e-03
16600 1.66000000e+03 1.65761996e-03 -6.00074884e-04 1.76289358e-03
16700 1.67000000e+03 1.65660633e-03 -5.06124867e-04 1.73219713e-03
16800 1.68000000e+03 1.64233614e-03 -4.43735684e-04 1.70122584e-03
16900 1.69000000e+03 1.71387393e-03 -4.97183064e-04 1.78453211e-03
17000 1.70000000e+03 1.65100279e-03 -4.37023031e-04 1.70786397e-03
17100 1.71000000e+03 1.70447945e-03 -4.90685867e-04 1.77370314e-03
17200 1.72000000e+03 1.66079251e-03 -5.24455856e-04 1.74163305e-03
17300 1.73000000e+03 1.57479080e-03 -3.92784714e-04 1.62303602e-03
17400 1.74000000e+03 1.48525205e-03 -2.83186469e-04 1.51200802e-03
17500 1.75000000e+03 1.40874274e-03 -2.79227737e-04 1.43614910e-03
17600 1.76000000e+03 1.38308760e-03 -3.50812683e-04 1.42688501e-03
17700 1.77000000e+03 1.43241626e-03 -3.46852699e-04 1.47381245e-03
17800 1.78000000e+03 1.56988495e-03 -3.67574568e-04 1.61234296e-03
17900 1.79000000e+03 1.49861164e-03 -3.15613055e-04 1.53148570e-03
18000 1.80000000e+03 1.39472925e-03 -2.18817033e-04 1.41178984e-03
18100 1.81000000e+03 1.39634090e-03 -2.09492413e-04 1.41196848e-03
18200 1.82000000e+03 1.39596709e-03 -2.00161521e-04 1.41024422e-03
18300 1.83000000e+03 1.43834273e-03 -1.96972600e-04 1.45176721e-03
18400 1.84000000e+03 1.33181259e-03 -1.16107200e-04 1.33686411e-03
18500 1.85000000e+03 1.33935304e-03 -1.67265680e-04 1.34975715e-03
18600 1.86000000e+03 1.30912883e-03 -2.44497292e-04 1.33176470e-03
18700 1.87000000e+03 1.35871326e-03 -2.82911380e-04 1.38785466e-03
18800 1.88000000e+03 1.26957730e-03 -1.81487179e-04 1.28248358e-03
18900 1.89000000e+03 1.29084510e-03 -2.33608109e-04 1.31181318e-03
19000 1.90000000e+03 1.22297357e-03 -1.54741108e-04 1.23272429e-03
19100 1.91000000e+03 1.15097675e-03 -8.61955195e-05 1.15419979e-03
19200 1.92000000e+03 1.25008705e-03 -2.00124065e-04 1.26600445e-03
19300 1.93000000e+03 1.32330088e-03 -1.86273304e-04 1.33634687e-03
19400 1.94000000e+03 1.24998367e-03 -2.04881959e-04 1.26666326e-03
19500 1.95000000e+03 1.36806071e-03 -2.87450413e-04 1.39793342e-03
19600 1.96000000e+03 1.53290783e-03 -3.52485979e-04 1.57291220e-03
19700 1.97000000e+03 1.63423328e-03 -5.39316388e-04 1.72092434e-03
19800 1.98000000e+03 1.62795163e-03 -4.38632502e-04 1.68600859e-03
19900 1.99000000e+03 1.51679793e-03 -3.19711136e-04 1.55012618e-03
20000 2.00000000e+03 1.58179854e-03 -4.01506084e-04 1.63196010e-03
20100 2.01000000e+03 1.49841537e-03 -3.06872244e-04 1.52951600e-03
20200 2.02000000e+03 1.49842922e-03 -4.81553143e-04 1.57390710e-03
20300 2.03000000e+03 1.61753618e-03 -6.28741400e-04 1.73543627e-03
20400 2.04000000e+03 1.51447579e-03 -5.02558541e-04 1.59568230e-03
20500 2.05000000e+03 1.61975587e-03 -5.74905018e-04 1.71875678e-03
20600 2.06000000e+03 1.54587766e-03 -5.64425718e-04 1.64569564e-03
20700 2.07000000e+03 1.51098846e-03 -5.55843289e-04 1.60998381e-03
20800 2.08000000e+03 1.45546452e-03 -4.58305294e-04 1.52591635e-03
20900 2.09000000e+03 1.47344568e-03 -4.17158881e-04 1.53136008e-03
21000 2.10000000e+03 1.55228795e-03 -4.12166759e-04 1.60607576e-03
21100 2.11000000e+03 1.63937616e-03 -4.80508199e-04 1.70834491e-03
21200 2.12000000e+03 1.79769599e-03 -4.62488504e-04 1.85623450e-03
21300 2.13000000e+03 1.78017747e-03 -3.51165538e-04 1.81448314e-03
21400 2.14000000e+03 1.72805320e-03 -4.44870966e-04 1.78439851e-03
21500 2.15000000e+03 1.77809235e-03 -5.03577292e-04 1.84802665e-03
21600 2.16000000e+03 1.77298859e-03 -4.32527915e-04 1.82498464e-03
21700 2.17000000e+03 1.68743671e-03 -4.45390819e-04 1.74522653e-03
21800 2.18000000e+03 1.71073107e-03 -5.78741776e-04 1.80597421e-03
21900 2.19000000e+03 1.61939790e-03 -4.63182456e-04 1.68433593e-03
22000 2.20000000e+03 1.53774128e-03 -3.68993467e-04 1.58139319e-03
22100 2.21000000e+03 1.67317851e-03 -3.55168217e-04 1.71045924e-03
22200 2.22000000e+03 1.72877766e-03 -4.47072234e-04 1.78564996e-03
22300 2.23000000e+03 1.71383296e-03 -4.98190522e-04 1.78477371e-03
22400 2.24000000e+03 1.68399210e-03 -4.54767986e-04 1.74431744e-03
22500 2.25000000e+03 1.61526387e-03 -4.42463963e-04 1.67476916e-03
22600 2.26000000e+03 1.57563062e-03 -5.20445697e-04 1.65935999e-03
22700 2.27000000e+03 1.70379854e-03 -6.18298014e-04 1.81251811e-03
22800 2.28000000e+03 1.78431184e-03 -6.92073139e-04 1.91382705e-03
22900 2.29000000e+03 1.69709022e-03 -6.95614493e-04 1.83411961e-03
23000 2.30000000e+03 1.70000317e-03 -6.72407157e-04 1.82815266e-03
23100 2.31000000e+03 1.70393416e-03 -6.27261354e-04 1.81572257e-03
23200 2.32000000e+03 1.64656644e-03 -5.19150577e-04 1.72646991e-03
23300 2.33000000e+03 1.62482949e-03 -4.97825793e-04 1.69938265e-03
23400 2.34000000e+03 1.55090343e-03 -3.89724446e-04 1.59912057e-03
23500 2.35000000e+03 1.59579108e-03 -5.27929224e-04 1.68085051e-03
23600 2.36000000e+03 1.53021654e-03 -5.24995266e-04 1.61777090e-03
23700 2.37000000e+03 1.47437362e-03 -4.46670660e-04 1.54054934e-03
23800 2.38000000e+03 1.73752545e-03 -4.18494688e-04 1.78721362e-03
23900 2.39000000e+03 1.73523242e-03 -4.52752749e-04 1.79332557e-03
24000 2.40000000e+03 1.72991888e-03 -3.98314500e-04 1.77518274e-03
24100 2.41000000e+03 1.86375761e-03 -6.90269400e-04 1.98747687e-03
24200 2.42000000e+03 1.77508069e-03 -6.49962807e-04 1.89033412e-03
24300 2.43000000e+03 1.76311121e-03 -6.47528272e-04 1.87825824e-03
24400 2.44000000e+03 1.79617689e-03 -6.62292936e-04 1.91438851e-03
24500 2.45000000e+03 1.80751388e-03 -5.49541437e-04 1.88920677e-03
24600 2.46000000e+03 1.71125075e-03 -4.40171250e-04 1.76695497e-03
24700 2.47000000e+03 1.77985639e-03 -7.28767714e-04 1.92327615e-03
24800 2.48000000e+03 1.85585604e-03 -8.75282218e-04 2.05190658e-03
24900 2.49000000e+03 1.77479396e-03 -7.23970006e-04 1.91677494e-03
25000 2.50000000e+03 1.67656573e-03 -7.16512848e-04 1.82325624e-03
25100 2.51000000e+03 1.72182708e-03 -7.39862619e-04 1.87405581e-03
25200 2.52000000e+03 1.66098448e-03 -6.14055840e-04 1.77085686e-03
25300 2.53000000e+03 1.61651324e-03 -5.93648234e-04 1.72207238e-03
25400 2.54000000e+03 1.82331086e-03 -7.97347166e-04 1.99003140e-03
25500 2.55000000e+03 1.74493738e-03 -6.71947899e-04 1.86984503e-03
25600 2.56000000e+03 1.78190239e-03 -6.19044295e-04 1.88637005e-03
25700 2.57000000e+03 1.70566584e-03 -6.09319250e-04 1.81123326e-03
25800 2.58000000e+03 1.68098079e-03 -5.71741024e-04 1.77555180e-03
25900 2.59000000e+03 1.74392504e-03 -5.51497680e-04 1.82905009e-03
26000 2.60000000e+03 1.86046737e-03 -6.58940000e-04 1.97371243e-03
26100 2.61000000e+03 1.86132593e-03 -5.65233408e-04 1.94525654e-03
26200 2.62000000e+03 1.91272015e-03 -4.95377986e-04 1.97582837e-03
26300 2.63000000e+03 1.97003921e-03 -4.25792590e-04 2.01552818e-03
26400 2.64000000e+03 2.17085984e-03 -5.87943941e-04 2.24906881e-03
26500 2.65000000e+03 2.03291047e-03 -4.34250222e-04 2.07877326e-03
26600 2.66000000e+03 1.96923781e-03 -6.53560390e-04 2.07485873e-03
26700 2.67000000e+03 1.91981660e-03 -6.16935431e-04 2.01650814e-03
26800 2.68000000e+03 1.87850685e-03 -5.55342471e-04 1.95887551e-03
26900 2.69000000e+03 2.11813045e-03 -7.63848133e-04 2.25165285e-03
27000 2.70000000e+03 2.00798595e-03 -7.23550562e-04 2.13436946e-03
27100 2.71000000e+03 1.95108913e-03 -7.70306797e-04 2.09764662e-03
27200 2.72000000e+03 2.00634426e-03 -7.37699971e-04 2.13766661e-03
27300 2.73000000e+03 1.97413145e-03 -7.59642920e-04 2.11524285e-03
27400 2.74000000e+03 1.95906498e-03 -6.84069411e-04 2.07506302e-03
27500 2.75000000e+03 1.86420779e-03 -6.72033813e-04 1.98164077e-03
27600 2.76000000e+03 1.81565911e-03 -6.15936005e-04 1.91728849e-03
27700 2.77000000e+03 1.89180439e-03 -7.27323291e-04 2.02680118e-03
27800 2.78000000e+03 1.89679919e-03 -7.76622270e-04 2.04963151e-03
27900 2.79000000e+03 1.89468148e-03 -8.57122650e-04 2.07953773e-03
28000 2.80000000e+03 1.90802093e-03 -8.39650398e-04 2.08459988e-03
28100 2.81000000e+03 1.84178166e-03 -7.91231636e-04 2.00454663e-03
28200 2.82000000e+03 1.89467985e-03 -8.37285654e-04 2.07143887e-03
28300 2.83000000e+03 1.85654964e-03 -7.73903565e-04 2.01139337e-03
28400 2.84000000e+03 1.84048025e-03 -7.20507582e-04 1.97648646e-03
28500 2.85000000e+03 1.84745761e-03 -7.63494521e-04 1.99900563e-03
28600 2.86000000e+03 1.78807310e-03 -6.51167065e-04 1.90295138e-03
28700 2.87000000e+03 1.87468517e-03 -7.43940589e-04 2.01690161e-03
28800 2.88000000e+03 1.76674954e-03 -6.93931710e-04 1.89814256e-03
28900 2.89000000e+03 1.82033097e-03 -6.36952172e-04 1.92855203e-03
29000 2.90000000e+03 1.84291182e-03 -6.24172390e-04 1.94574283e-03
29100 2.91000000e+03 1.79738225e-03 -5.83314686e-04 1.88966637e-03
29200 2.92000000e+03 1.75216259e-03 -5.35284809e-04 1.83210359e-03
29300 2.93000000e+03 1.67617050e-03 -4.25509788e-04 1.72933691e-03
29400 2.94000000e+03 1.94870192e-03 -6.60054735e-04 2.05745265e-03
29500 2.95000000e+03 1.91418256e-03 -5.81441971e-04 2.00054234e-03
29600 2.96000000e+03 2.07741465e-03 -8.47235788e-04 2.24353741e-03
29700 2.97000000e+03 2.03264924e-03 -7.44411256e-04 2.16467343e-03
29800 2.98000000e+03 2.09171837e-03 -8.29701428e-04 2.25026448e-03
29900 2.99000000e+03 2.00355914e-03 -7.62996380e-04 2.14392461e-03
30000 3.00000000e+03 1.97158544e-03 -6.87197084e-04 2.08791499e-03
30100 3.01000000e+03 1.98328192e-03 -7.12507113e-04 2.10738548e-03
30200 3.02000000e+03 1.89999235e-03 -5.95904130e-04 1.99124902e-03
30300 3.03000000e+03 2.08291388e-03 -7.15797592e-04 2.20247507e-03
30400 3.04000000e+03 1.97220687e-03 -5.97651000e-04 2.06077331e-03
30500 3.05000000e+03 1.94874126e-03 -6.98756834e-04 2.07023033e-03
30600 3.06000000e+03 1.82758481e-03 -6.70213660e-04 1.94660027e-03
30700 3.07000000e+03 1.88486336e-03 -7.62420299e-04 2.03322271e-03
30800 3.08000000e+03 1.84968533e-03 -9.58811492e-04 2.08342394e-03
30900 3.09000000e+03 1.76932593e-03 -1.03423279e-03 2.04942716e-03
31000 3.10000000e+03 1.75007712e-03 -9.45977226e-04 1.98938253e-03
31100 3.11000000e+03 1.64846913e-03 -8.87727365e-04 1.87230082e-03
31200 3.12000000e+03 1.60835206e-03 -8.33091442e-04 1.81130828e-03
31300 3.13000000e+03 1.66452234e-03 -1.01613067e-03 1.95016824e-03
31400 3.14000000e+03 1.61891896e-03 -9.73674585e-04 1.88916405e-03
31500 3.15000000e+03 1.59493124e-03 -8.61198059e-04 1.81258593e-03
31600 3.16000000e+03 1.71788735e-03 -8.83676810e-04 1.93184411e-03
31700 3.17000000e+03 1.70268177e-03 -9.60071979e-04 1.95470289e-03
31800 3.18000000e+03 1.63018529e-03 -1.06130610e-03 1.94521842e-03
31900 3.19000000e+03 1.71623309e-03 -1.00489194e-03 1.98878451e-03
32000 3.20000000e+03 1.66704878e-03 -8.59780761e-04 1.87570643e-03
32100 3.21000000e+03 1.80890912e-03 -9.79598844e-04 2.05712569e-03
32200 3.22000000e+03 1.79849938e-03 -8.90656258e-04 2.00695505e-03
32300 3.23000000e+03 1.92811538e-03 -9.23069951e-04 2.13768264e-03
32400 3.24000000e+03 2.02702312e-03 -1.01887260e-03 2.26868334e-03
32500 3.25000000e+03 2.01930734e-03 -9.75563831e-04 2.24261609e-03
32600 3.26000000e+03 2.05083704e-03 -1.03293231e-03 2.29627562e-03
32700 3.27000000e+03 1.99955353e-03 -1.00536318e-03 2.23807271e-03
32800 3.28000000e+03 2.02251947e-03 -8.97384132e-04 2.21266430e-03
32900 3.29000000e+03 2.13468238e-03 -9.34960786e-04 2.33045500e-03
33000 3.30000000e+03 2.06608023e-03 -9.65133251e-04 2.28038806e-03
33100 3.31000000e+03 1.98841142e-03 -8.23747483e-04 2.15228713e-03
33200 3.32000000e+03 1.92359416e-03 -9.10850940e-04 2.12834770e-03
33300 3.33000000e+03 1.98644190e-03 -8.71243654e-04 2.16910510e-03
33400 3.34000000e+03 1.92904822e-03 -7.73691747e-04 2.07841910e-03
33500 3.35000000e+03 1.83505542e-03 -7.04729056e-04 1.96572415e-03
33600 3.36000000e+03 1.85899949e-03 -6.63524610e-04 1.97386524e-03
33700 3.37000000e+03 1.72080821e-03 -7.82835763e-04 1.89050595e-03
33800 3.38000000e+03 1.64128561e-03 -6.56840042e-04 1.76783972e-03
33900 3.39000000e+03 1.69553561e-03 -6.30040944e-04 1.80880972e-03
34000 3.40000000e+03 1.61263905e-03 -6.70202367e-04 1.74636077e-03
34100 3.41000000e+03 1.58739614e-03 -7.25476828e-04 1.74532035e-03
34200 3.42000000e+03 1.57932122e-03 -8.09874153e-04 1.77486666e-03
34300 3.43000000e+03 1.57499441e-03 -6.83443330e-04 1.71688735e-03
34400 3.44000000e+03 1.48880493e-03 -5.53910970e-04 1.58850795e-03
34500 3.45000000e+03 1.45851506e-03 -6.82565849e-04 1.61032988e-03
34600 3.46000000e+03 1.39766710e-03 -5.68347576e-04 1.50880492e-03
34700 3.47000000e+03 1.41993887e-03 -4.63609525e-04 1.49370686e-03
34800 3.48000000e+03 1.40451896e-03 -4.27827268e-04 1.46823352e-03
34900 3.49000000e+03 1.36444136e-03 -4.33048699e-04 1.43151367e-03
35000 3.50000000e+03 1.28930202e-03 -5.68823132e-04 1.40920525e-03
35100 3.51000000e+03 1.24464824e-03 -4.81245312e-04 1.33444606e-03
35200 3.52000000e+03 1.28165423e-03 -4.36636212e-04 1.35398994e-03
35300 3.53000000e+03 1.33408885e-03 -5.15502703e-04 1.43022240e-03
35400 3.54000000e+03 1.29271508e-03 -4.52701992e-04 1.36969025e-03
35500 3.55000000e+03 1.27174682e-03 -6.29103393e-04 1.41884145e-03
35600 3.56000000e+03 1.21238839e-03 -7.09237647e-04 1.40460089e-03
35700 3.57000000e+03 1.19440432e-03 -6.26245223e-04 1.34862328e-03
35800 3.58000000e+03 1.23188295e-03 -6.20075385e-04 1.37914071e-03
35900 3.59000000e+03 1.30073912e-03 -8.08554760e-04 1.53156230e-03
36000 3.60000000e+03 1.38471287e-03 -8.53738107e-04 1.62674475e-03
36100 3.61000000e+03 1.34504237e-03 -7.51721789e-04 1.54085192e-03
36200 3.62000000e+03 1.37815671e-03 -6.81664911e-04 1.53752495e-03
36300 3.63000000e+03 1.47156487e-03 -7.74812652e-04 1.66308082e-03
36400 3.64000000e+03 1.51586067e-03 -7.23910052e-04 1.67984503e-03
36500 3.65000000e+03 1.54027506e-03 -8.04376497e-04 1.73766188e-03
36600 3.66000000e+03 1.54154468e-03 -1.01729564e-03 1.84695707e-03
36700 3.67000000e+03 1.47114543e-03 -9.77657619e-04 1.76637575e-03
36800 3.68000000e+03 1.49668416e-03 -8.67237803e-04 1.72978752e-03
36900 3.69000000e+03 1.46283233e-03 -8.57881969e-04 1.69583015e-03
37000 3.70000000e+03 1.46255526e-03 -9.28945024e-04 1.73263001e-03
37100 3.71000000e+03 1.41861173e-03 -7.85639510e-04 1.62163149e-03
37200 3.72000000e+03 1.39636407e-03 -8.67899507e-04 1.64410528e-03
37300 3.73000000e+03 1.41530624e-03 -8.09306279e-04 1.63035836e-03
37400 3.74000000e+03 1.37685065e-03 -7.03787722e-04 1.54629715e-03
37500 3.75000000e+03 1.36095739e-03 -7.85841839e-04 1.57154460e-03
37600 3.76000000e+03 1.35947019e-03 -7.71686144e-04 1.56322062e-03
37700 3.77000000e+03 1.27401378e-03 -7.31146138e-04 1.46890632e-03
37800 3.78000000e+03 1.29542849e-03 -7.05095648e-04 1.47488808e-03
37900 3.79000000e+03 1.22868677e-03 -7.01676880e-04 1.41492813e-03
38000 3.80000000e+03 1.23893586e-03 -6.72797731e-04 1.40982937e-03
38100 3.81000000e+03 1.20073068e-03 -6.53476047e-04 1.36703515e-03
38200 3.82000000e+03 1.15529145e-03 -5.52676152e-04 1.28068312e-03
38300 3.83000000e+03 1.17271987e-03 -5.36502979e-04 1.28961519e-03
38400 3.84000000e+03 1.10288500e-03 -5.43776725e-04 1.22965379e-03
38500 3.85000000e+03 1.19338650e-03 -4.32418863e-04 1.26931376e-03
38600 3.86000000e+03 1.25233631e-03 -5.38263761e-04 1.36311192e-03
38700 3.87000000e+03 1.23199879e-03 -5.12840401e-04 1.33447604e-03
38800 3.88000000e+03 1.17608788e-03 -4.30620188e-04 1.25244419e-03
38900 3.89000000e+03 1.20034546e-03 -3.39340419e-04 1.24738973e-03
39000 3.90000000e+03 1.22091104e-03 -3.55694705e-04 1.27166918e-03
39100 3.91000000e+03 1.26573374e-03 -4.56513080e-04 1.34554304e-03
39200 3.92000000e+03 1.31989410e-03 -4.51532513e-04 1.39499177e-03
39300 3.93000000e+03 1.30715221e-03 -5.23341645e-04 1.40802464e-03
39400 3.94000000e+03 1.30771124e-03 -5.01250383e-04 1.40048585e-03
39500 3.95000000e+03 1.24360004e-03 -4.12421359e-04 1.31020320e-03
39600 3.96000000e+03 1.18183717e-03 -3.36949393e-04 1.22893205e-03
39700 3.97000000e+03 1.28192967e-03 -3.67947127e-04 1.33368990e-03
39800 3.98000000e+03 1.33073516e-03 -4.29403037e-04 1.39830005e-03
39900 3.99000000e+03 1.28639420e-03 -3.63644329e-04 1.33680486e-03
40000 4.00000000e+03 1.28381874e-03 -3.80483776e-04 1.33901399e-03
40100 4.01000000e+03 1.24012656e-03 -3.12351447e-04 1.27885781e-03
40200 4.02000000e+03 1.19129405e-03 -3.22181266e-04 1.23409169e-03
40300 4.03000000e+03 1.20244559e-03 -3.15751997e-04 1.24321146e-03
40400 4.04000000e+03 1.41825166e-03 -4.29333712e-04 1.48181146e-03
40500 4.05000000e+03 1.39572599e-03 -5.29927434e-04 1.49294144e-03
40600 4.06000000e+03 1.42750004e-03 -5.52282378e-04 1.53061171e-03
40700 4.07000000e+03 1.49191520e-03 -6.29006943e-04 1.61909256e-03
40800 4.08000000e+03 1.51553471e-03 -6.07227441e-04 1.63265753e-03
40900 4.09000000e+03 1.74108322e-03 -7.01087818e-04 1.87693764e-03
41000 4.10000000e+03 1.64617051e-03 -5.58543135e-04 1.73834628e-03
41100 4.11000000e+03 1.62445079e-03 -5.61573193e-04 1.71878003e-03
41200 4.12000000e+03 1.54977455e-03 -5.29296114e-04 1.63766771e-03
41300 4.13000000e+03 1.56035868e-03 -6.51297974e-04 1.69083064e-03
41400 4.14000000e+03 1.58885145e-03 -6.77919073e-04 1.72743254e-03
41500 4.15000000e+03 1.56843301e-03 -6.38078025e-04 1.69325889e-03
41600 4.16000000e+03 1.64835481e-03 -8.00312497e-04 1.83236832e-03
41700 4.17000000e+03 1.63627381e-03 -8.10950529e-04 1.82620720e-03
41800 4.18000000e+03 1.66364852e-03 -7.40181247e-04 1.82087745e-03
41900 4.19000000e+03 1.74495997e-03 -7.80746981e-04 1.91166188e-03
42000 4.20000000e+03 1.73376699e-03 -6.99843629e-04 1.86968689e-03
42100 4.21000000e+03 1.75239251e-03 -8.45606904e-04 1.94574678e-03
42200 4.22000000e+03 1.72933703e-03 -7.74616725e-04 1.89489779e-03
42300 4.23000000e+03 1.63109053e-03 -7.21574703e-04 1.78357124e-03
42400 4.24000000e+03 1.77539524e-03 -6.44674350e-04 1.88881796e-03
42500 4.25000000e+03 1.76840636e-03 -6.61016733e-04 1.88791001e-03
42600 4.26000000e+03 1.72406749e-03 -7.83847587e-04 1.89389170e-03
42700 4.27000000e+03 1.71282666e-03 -7.91777857e-04 1.88697837e-03
42800 4.28000000e+03 1.67269271e-03 -7.24713784e-04 1.82294020e-03
42900 4.29000000e+03 1.69777987e-03 -7.23735080e-04 1.84560260e-03
43000 4.30000000e+03 1.56125939e-03 -8.16089625e-04 1.76168475e-03
43100 4.31000000e+03 1.68076879e-03 -1.01441948e-03 1.96316852e-03
43200 4.32000000e+03 1.79996062e-03 -1.12904375e-03 2.12475835e-03
43300 4.33000000e+03 1.78631302e-03 -1.09082041e-03 2.09303688e-03
43400 4.34000000e+03 1.78119610e-03 -9.36843338e-04 2.01254441e-03
43500 4.35000000e+03 1.86703540e-03 -1.08534296e-03 2.15958110e-03
43600 4.36000000e+03 1.69942132e-03 -1.07665977e-03 2.01177262e-03
43700 4.37000000e+03 1.68873928e-03 -1.00400206e-03 1.96465277e-03
43800 4.38000000e+03 1.63093908e-03 -8.65023118e-04 1.84613847e-03
43900 4.39000000e+03 1.76337943e-03 -8.39569489e-04 1.95304479e-03
44000 4.40000000e+03 1.65197963e-03 -7.64106342e-04 1.82013604e-03
44100 4.41000000e+03 1.55840931e-03 -6.27910718e-04 1.68015221e-03
44200 4.42000000e+03 1.49196782e-03 -6.03647495e-04 1.60945900e-03
44300 4.43000000e+03 1.44671102e-03 -5.85145142e-04 1.56056644e-03
44400 4.44000000e+03 1.44083216e-03 -5.27589000e-04 1.53438830e-03
44500 4.45000000e+03 1.36664906e-03 -4.24175727e-04 1.43096285e-03
44600 4.46000000e+03 1.38045719e-03 -3.72106093e-04 1.42972900e-03
44700 4.47000000e+03 1.36312074e-03 -3.62344552e-04 1.41045798e-03
44800 4.48000000e+03 1.39569305e-03 -3.63337342e-04 1.44221119e-03
44900 4.49000000e+03 1.29744294e-03 -4.42047254e-04 1.37068011e-03
45000 4.50000000e+03 1.23781874e-03 -3.49568494e-04 1.28623223e-03
45100 4.51000000e+03 1.29952433e-03 -3.75233591e-04 1.35261367e-03
45200 4.52000000e+03 1.45215797e-03 -5.15606604e-04 1.54097792e-03
45300 4.53000000e+03 1.39334495e-03 -5.92905097e-04 1.51424787e-03
45400 4.54000000e+03 1.36634975e-03 -5.79061161e-04 1.48398904e-03
45500 4.55000000e+03 1.36272633e-03 -5.44287032e-04 1.46740295e-03
45600 4.56000000e+03 1.33046182e-03 -5.26901393e-04 1.43099746e-03
45700 4.57000000e+03 1.27392379e-03 -4.30013199e-04 1.34454199e-03
45800 4.58000000e+03 1.40775682e-03 -4.91891289e-04 1.49121974e-03
45900 4.59000000e+03 1.32903736e-03 -3.77066055e-04 1.38149163e-03
46000 4.60000000e+03 1.46366237e-03 -4.67016711e-04 1.53636328e-03
46100 4.61000000e+03 1.49048213e-03 -4.90442559e-04 1.56909875e-03
46200 4.62000000e+03 1.60950830e-03 -5.12870261e-04 1.68924624e-03
46300 4.63000000e+03 1.57324364e-03 -4.81365569e-04 1.64523809e-03
46400 4.64000000e+03 1.61255593e-03 -5.52525453e-04 1.70458822e-03
46500 4.65000000e+03 1.67071947e-03 -4.63909120e-04 1.73393057e-03
46600 4.66000000e+03 1.70964119e-03 -4.28327126e-04 1.76248039e-03
46700 4.67000000e+03 1.71011756e-03 -4.14188544e-04 1.75956080e-03
46800 4.68000000e+03 1.65406498e-03 -3.37429257e-04 1.68813195e-03
46900 4.69000000e+03 1.58185943e-03 -2.65552575e-04 1.60399421e-03
47000 4.70000000e+03 1.42287905e-03 -2.56869069e-04 1.44587915e-03
47100 4.71000000e+03 1.50426419e-03 -3.74110969e-04 1.55008702e-03
47200 4.72000000e+03 1.46086270e-03 -4.09533211e-04 1.51718070e-03
47300 4.73000000e+03 1.63626531e-03 -5.55204519e-04 1.72789358e-03
47400 4.74000000e+03 1.55702513e-03 -5.41529793e-04 1.64850895e-03
47500 4.75000000e+03 1.61621370e-03 -5.32010861e-04 1.70152352e-03
47600 4.76000000e+03 1.61627599e-03 -5.46082680e-04 1.70603469e-03
47700 4.77000000e+03 1.68465695e-03 -5.76691062e-04 1.78062956e-03
47800 4.78000000e+03 1.70205068e-03 -6.62141480e-04 1.82630990e-03
47900 4.79000000e+03 1.74083048e-03 -6.60376740e-04 1.86187760e-03
48000 4.80000000e+03 1.74901669e-03 -7.44466146e-04 1.90086539e-03
48100 4.81000000e+03 1.72847032e-03 -6.80896686e-04 1.85774862e-03
48200 4.82000000e+03 1.76266511e-03 -6.98576914e-04 1.89604799e-03
48300 4.83000000e+03 1.84334675e-03 -6.35801058e-04 1.94991544e-03
48400 4.84000000e+03 1.92971563e-03 -6.91613823e-04 2.04991026e-03
48500 4.85000000e+03 1.92187843e-03 -6.04255183e-04 2.01463173e-03
48600 4.86000000e+03 1.93240179e-03 -5.90628246e-04 2.02064802e-03
48700 4.87000000e+03 1.91300688e-03 -5.76106308e-04 1.99787232e-03
48800 4.88000000e+03 1.80272839e-03 -4.60496172e-04 1.86061452e-03
48900 4.89000000e+03 1.71030802e-03 -3.62205174e-04 1.74824086e-03
49000 4.90000000e+03 1.81342917e-03 -3.69498099e-04 1.85069020e-03
49100 4.91000000e+03 1.79535989e-03 -4.11621877e-04 1.84194183e-03
49200 4.92000000e+03 1.85245858e-03 -4.97637957e-04 1.91813616e-03
49300 4.93000000e+03 1.93609565e-03 -5.75697632e-04 2.01987478e-03
49400 4.94000000e+03 1.99783104e-03 -5.91564516e-04 2.08357324e-03
49500 4.95000000e+03 1.87729439e-03 -4.47909348e-04 1.92998886e-03
49600 4.96000000e+03 1.82473531e-03 -6.01812033e-04 1.92141528e-03
49700 4.97000000e+03 1.77635602e-03 -7.13142857e-04 1.91416129e-03
49800 4.98000000e+03 2.05246732e-03 -7.77070236e-04 2.19464353e-03
49900 4.99000000e+03 2.14194134e-03 -7.67234247e-04 2.27520572e-03
50000 5.00000000e+03 1.97660876e-03 -6.73912931e-04 2.08833447e-03
50100 5.01000000e+03 1.98385026e-03 -7.19425676e-04 2.11026898e-03
50200 5.02000000e+03 1.98948663e-03 -6.52936054e-04 2.09389172e-03
50300 5.03000000e+03 2.25040712e-03 -9.16704012e-04 2.42995442e-03
50400 5.04000000e+03 2.19697459e-03 -8.99250619e-04 2.37388901e-03
50500 5.05000000e+03 2.23004096e-03 -8.49939359e-04 2.38652040e-03
50600 5.06000000e+03 2.30566319e-03 -8.68379720e-04 2.46377071e-03
50700 5.07000000e+03 2.18271813e-03 -7.10290682e-04 2.29538043e-03
50800 5.08000000e+03 2.29302375e-03 -5.96404541e-04 2.36931557e-03
50900 5.09000000e+03 2.12888373e-03 -4.50687075e-04 2.17606635e-03
51000 5.10000000e+03 2.09732540e-03 -4.46654391e-04 2.14435864e-03
51100 5.11000000e+03 1.96570437e-03 -4.11697431e-04 2.00835466e-03
51200 5.12000000e+03 1.85202505e-03 -2.98925472e-04 1.87599392e-03
51300 5.13000000e+03 1.95672200e-03 -4.59041854e-04 2.00984587e-03
51400 5.14000000e+03 1.96271064e-03 -5.38468128e-04 2.03523487e-03
51500 5.15000000e+03 1.97364995e-03 -4.96195862e-04 2.03506866e-03
51600 5.16000000e+03 1.93964585e-03 -5.09010220e-04 2.00532228e-03
51700 5.17000000e+03 1.84143800e-03 -5.43589296e-04 1.91999564e-03
51800 5.18000000e+03 1.74483866e-03 -4.16589144e-04 1.79388084e-03
51900 5.19000000e+03 1.71677303e-03 -3.41045728e-04 1.75032049e-03
52000 5.20000000e+03 1.76575466e-03 -6.03875145e-04 1.86616042e-03
52100 5.21000000e+03 1.81388122e-03 -5.72162913e-04 1.90198198e-03
52200 5.22000000e+03 1.80864614e-03 -4.95213550e-04 1.87521660e-03
52300 5.23000000e+03 1.82024750e-03 -4.69069637e-04 1.87971469e-03
52400 5.24000000e+03 1.72526017e-03 -6.34648022e-04 1.83828745e-03
52500 5.25000000e+03 1.66890165e-03 -5.97844308e-04 1.77275225e-03
52600 5.26000000e+03 1.59553555e-03 -4.50574938e-04 1.65793590e-03
52700 5.27000000e+03 1.58443733e-03 -4.94641776e-04 1.65985304e-03
52800 5.28000000e+03 1.51483051e-03 -4.79323440e-04 1.58885570e-03
52900 5.29000000e+03 1.47166383e-03 -5.24061034e-04 1.56218897e-03
53000 5.30000000e+03 1.47718319e-03 -5.59053675e-04 1.57943382e-03
53100 5.31000000e+03 1.48026622e-03 -5.01986709e-04 1.56306709e-03
53200 5.32000000e+03 1.45954208e-03 -4.54376306e-04 1.52863367e-03
53300 5.33000000e+03 1.37918466e-03 -3.47636000e-04 1.42232243e-03
53400 5.34000000e+03 1.30321318e-03 -2.56910454e-04 1.32829499e-03
53500 5.35000000e+03 1.31584785e-03 -2.87436356e-04 1.34687610e-03
53600 5.36000000e+03 1.37649919e-03 -4.24148922e-04 1.44036534e-03
53700 5.37000000e+03 1.40088541e-03 -3.14304460e-04 1.43571140e-03
53800 5.38000000e+03 1.40260858e-03 -2.68965552e-04 1.42816431e-03
53900 5.39000000e+03 1.45015575e-03 -3.45264911e-04 1.49069096e-03
54000 5.40000000e+03 1.40634831e-03 -4.05112485e-04 1.46353397e-03
54100 5.41000000e+03 1.32867240e-03 -3.02596833e-04 1.36269409e-03
54200 5.42000000e+03 1.33034284e-03 -2.43430695e-04 1.35243136e-03
54300 5.43000000e+03 1.36404147e-03 -2.03977223e-04 1.37920841e-03
54400 5.44000000e+03 1.44459680e-03 -2.91552395e-04 1.47372409e-03
54500 5.45000000e+03 1.43611128e-03 -2.00500508e-04 1.45004003e-03
54600 5.46000000e+03 1.44594291e-03 -2.00338516e-04 1.45975560e-03
54700 5.47000000e+03 1.34168693e-03 -1.22262572e-04 1.34724607e-03
54800 5.48000000e+03 1.33014994e-03 -2.87303585e-04 1.36082410e-03
54900 5.49000000e+03 1.25062512e-03 -3.55794386e-04 1.30025107e-03
55000 5.50000000e+03 1.27750495e-03 -3.39704653e-04 1.32189945e-03
55100 5.51000000e+03 1.43572071e-03 -5.06761950e-04 1.52253132e-03
55200 5.52000000e+03 1.52797101e-03 -6.00923260e-04 1.64189042e-03
55300 5.53000000e+03 1.56871567e-03 -7.35951704e-04 1.73277055e-03
55400 5.54000000e+03 1.56909542e-03 -8.65607522e-04 1.79202032e-03
55500 5.55000000e+03 1.53831183e-03 -7.45226047e-04 1.70931716e-03
55600 5.56000000e+03 1.82367035e-03 -8.63919442e-04 2.01795202e-03
55700 5.57000000e+03 1.73044461e-03 -7.36562361e-04 1.88068143e-03
55800 5.58000000e+03 1.63057854e-03 -7.08559528e-04 1.77787597e-03
55900 5.59000000e+03 1.64674001e-03 -9.10764094e-04 1.88181931e-03
56000 5.60000000e+03 1.63249765e-03 -8.15567560e-04 1.82488329e-03
56100 5.61000000e+03 1.71374483e-03 -1.06981921e-03 2.02025604e-03
56200 5.62000000e+03 1.76744245e-03 -9.66696767e-04 2.01453604e-03
56300 5.63000000e+03 1.63829816e-03 -8.87554546e-04 1.86326969e-03
56400 5.64000000e+03 1.70937344e-03 -9.36414057e-04 1.94905845e-03
56500 5.65000000e+03 1.85233273e-03 -1.03652885e-03 2.12262305e-03
56600 5.66000000e+03 1.80048309e-03 -9.50611546e-04 2.03602595e-03
56700 5.67000000e+03 1.72597903e-03 -7.90572958e-04 1.89842283e-03
56800 5.68000000e+03 1.65301305e-03 -6.54513191e-04 1.77787504e-03
56900 5.69000000e+03 1.64343906e-03 -6.02997665e-04 1.75057080e-03
57000 5.70000000e+03 1.70255918e-03 -6.10074319e-04 1.80856253e-03
57100 5.71000000e+03 1.62909366e-03 -5.03104704e-04 1.70501041e-03
57200 5.72000000e+03 1.62471319e-03 -5.33631362e-04 1.71010391e-03
57300 5.73000000e+03 1.76185160e-03 -6.17593760e-04 1.86696093e-03
57400 5.74000000e+03 1.88240595e-03 -6.26274094e-04 1.98385267e-03
57500 5.75000000e+03 1.86083559e-03 -5.75431914e-04 1.94777591e-03
57600 5.76000000e+03 1.86805136e-03 -6.52159797e-04 1.97861777e-03
57700 5.77000000e+03 1.92033558e-03 -7.31615757e-04 2.05498184e-03
57800 5.78000000e+03 1.91716827e-03 -7.41746160e-04 2.05565598e-03
57900 5.79000000e+03 1.97261502e-03 -6.66082720e-04 2.08203655e-03
58000 5.80000000e+03 2.02723220e-03 -7.01152370e-04 2.14506061e-03
58100 5.81000000e+03 1.89608824e-03 -6.64785854e-04 2.00925132e-03
58200 5.82000000e+03 1.80548686e-03 -5.57861524e-04 1.88970693e-03
58300 5.83000000e+03 1.74902787e-03 -5.48207376e-04 1.83292930e-03
58400 5.84000000e+03 1.74421968e-03 -5.08501078e-04 1.81683121e-03
58500 5.85000000e+03 1.89218810e-03 -6.40913262e-04 1.99778518e-03
58600 5.86000000e+03 1.91906816e-03 -7.41421012e-04 2.05731080e-03
58700 5.87000000e+03 1.89598929e-03 -7.58923648e-04 2.04223909e-03
58800 5.88000000e+03 1.97073817e-03 -6.73882780e-04 2.08276906e-03
58900 5.89000000e+03 1.95921445e-03 -6.32111798e-04 2.05866136e-03
59000 5.90000000e+03 1.96739333e-03 -6.08236238e-04 2.05926876e-03
59100 5.91000000e+03 1.85364799e-03 -6.51784590e-04 1.96490051e-03
59200 5.92000000e+03 2.05767411e-03 -9.26183653e-04 2.25651034e-03
59300 5.93000000e+03 1.96969090e-03 -7.41729746e-04 2.10471976e-03
59400 5.94000000e+03 1.91973906e-03 -6.87058375e-04 2.03898192e-03
59500 5.95000000e+03 1.93385081e-03 -8.92087002e-04 2.12969439e-03
59600 5.96000000e+03 1.98252033e-03 -1.02810259e-03 2.23324468e-03
59700 5.97000000e+03 2.00638687e-03 -1.03702839e-03 2.25854293e-03
59800 5.98000000e+03 1.96273648e-03 -9.84399114e-04 2.19576322e-03
59900 5.99000000e+03 1.85254798e-03 -9.15418670e-04 2.06637977e-03
60000 6.00000000e+03 1.78503199e-03 -9.57496813e-04 2.02562073e-03
60100 6.01000000e+03 1.82939880e-03 -9.11852985e-04 2.04405866e-03
60200 6.02000000e+03 1.80030486e-03 -9.47618566e-04 2.03447255e-03
60300 6.03000000e+03 1.72408880e-03 -8.04847165e-04 1.90269838e-03
60400 6.04000000e+03 1.65432715e-03 -6.88075204e-04 1.79171588e-03
60500 6.05000000e+03 1.74603029e-03 -6.65699365e-04 1.86862983e-03
60600 6.06000000e+03 1.79419678e-03 -7.38983508e-04 1.94042230e-03
60700 6.07000000e+03 1.88100268e-03 -7.87499011e-04 2.03919734e-03
60800 6.08000000e+03 1.94100663e-03 -9.22174309e-04 2.14893280e-03
60900 6.09000000e+03 1.96981314e-03 -1.00325723e-03 2.21058564e-03
61000 6.10000000e+03 2.04005069e-03 -9.69126122e-04 2.25854207e-03
61100 6.11000000e+03 2.10003322e-03 -1.14762574e-03 2.39315364e-03
61200 6.12000000e+03 2.10282416e-03 -1.06867356e-03 2.35879898e-03
61300 6.13000000e+03 2.04368471e-03 -1.03386969e-03 2.29031302e-03
61400 6.14000000e+03 2.04696693e-03 -1.06994819e-03 2.30973218e-03
61500 6.15000000e+03 2.03054911e-03 -1.02319825e-03 2.27377754e-03
61600 6.16000000e+03 2.11820821e-03 -9.77336662e-04 2.33280796e-03
61700 6.17000000e+03 2.15829164e-03 -9.62279679e-04 2.36309225e-03
61800 6.18000000e+03 2.08932394e-03 -8.28802702e-04 2.24770738e-03
61900 6.19000000e+03 2.12368276e-03 -9.35670629e-04 2.32066973e-03
62000 6.20000000e+03 2.19333079e-03 -1.01335568e-03 2.41611044e-03
62100 6.21000000e+03 2.14679865e-03 -9.94482776e-04 2.36595445e-03
62200 6.22000000e+03 2.05289992e-03 -9.41888255e-04 2.25866145e-03
62300 6.23000000e+03 1.98160741e-03 -8.13866849e-04 2.14222948e-03
62400 6.24000000e+03 1.91800052e-03 -9.15526354e-04 2.12530339e-03
62500 6.25000000e+03 1.89978525e-03 -9.59273137e-04 2.12823611e-03
62600 6.26000000e+03 1.98721956e-03 -1.06915738e-03 2.25657685e-03
62700 6.27000000e+03 1.92059204e-03 -9.16898076e-04 2.12823304e-03
62800 6.28000000e+03 1.83191593e-03 -8.83753295e-04 2.03394588e-03
62900 6.29000000e+03 1.81320217e-03 -8.58306594e-04 2.00608881e-03
63000 6.30000000e+03 1.91762438e-03 -9.29518137e-04 2.13102962e-03
63100 6.31000000e+03 1.92705099e-03 -8.58560961e-04 2.10965695e-03
63200 6.32000000e+03 1.92533236e-03 -9.21443629e-04 2.13447020e-03
63300 6.33000000e+03 1.97316334e-03 -1.06708659e-03 2.24322253e-03
63400 6.34000000e+03 1.90031598e-03 -9.40095109e-04 2.12013671e-03
63500 6.35000000e+03 1.88976061e-03 -8.60178901e-04 2.07631955e-03
63600 6.36000000e+03 1.88046030e-03 -8.18102795e-04 2.05071284e-03
63700 6.37000000e+03 1.81339309e-03 -7.14992115e-04 1.94925837e-03
63800 6.38000000e+03 1.87630125e-03 -7.44333374e-04 2.01854862e-03
63900 6.39000000e+03 2.16273242e-03 -8.07372853e-04 2.30851953e-03
64000 6.40000000e+03 2.12741690e-03 -7.62948068e-04 2.26008681e-03
64100 6.41000000e+03 2.33080960e-03 -7.11538189e-04 2.43699815e-03
64200 6.42000000e+03 2.22517736e-03 -7.98736874e-04 2.36419011e-03
64300 6.43000000e+03 2.20222375e-03 -9.96296294e-04 2.41710483e-03
64400 6.44000000e+03 2.19855900e-03 -1.02694251e-03 2.42657631e-03
64500 6.45000000e+03 2.02160934e-03 -8.77607090e-04 2.20388260e-03
64600 6.46000000e+03 2.14204262e-03 -8.27721145e-04 2.29640347e-03
64700 6.47000000e+03 2.21548928e-03 -9.48610308e-04 2.41003200e-03
64800 6.48000000e+03 2.14251410e-03 -1.05155574e-03 2.38665794e-03
64900 6.49000000e+03 2.15375097e-03 -1.14548195e-03 2.43942045e-03
65000 6.50000000e+03 2.24883016e-03 -1.01379526e-03 2.46678291e-03
65100 6.51000000e+03 2.23507220e-03 -1.05036178e-03 2.46957640e-03
65200 6.52000000e+03 2.19555735e-03 -1.00388401e-03 2.41417795e-03
65300 6.53000000e+03 2.13209656e-03 -9.43958468e-04 2.33171468e-03
65400 6.54000000e+03 2.07018387e-03 -1.13856222e-03 2.36262252e-03
65500 6.55000000e+03 2.08733045e-03 -1.11502444e-03 2.36648006e-03
65600 6.56000000e+03 2.01228750e-03 -1.06650637e-03 2.27744085e-03
65700 6.57000000e+03 1.95389334e-03 -9.40122351e-04 2.16830100e-03
65800 6.58000000e+03 1.95602234e-03 -8.95195175e-04 2.15113872e-03
65900 6.59000000e+03 2.08513066e-03 -9.67702712e-04 2.29874279e-03
66000 6.60000000e+03 2.12949282e-03 -9.52004164e-04 2.33260618e-03
66100 6.61000000e+03 2.10395060e-03 -8.69590847e-04 2.27657558e-03
66200 6.62000000e+03 2.17865128e-03 -7.97667773e-04 2.32008519e-03
66300 6.63000000e+03 2.10933830e-03 -7.49392260e-04 2.23850325e-03
66400 6.64000000e+03 2.08234950e-03 -8.34407343e-04 2.24330449e-03
66500 6.65000000e+03 2.32699420e-03 -8.38560169e-04 2.47347633e-03
66600 6.66000000e+03 2.20176019e-03 -7.96428067e-04 2.34137686e-03
66700 6.67000000e+03 2.16589961e-03 -8.19790643e-04 2.31585359e-03
66800 6.68000000e+03 2.18588556e-03 -1.03631115e-03 2.41909828e-03
66900 6.69000000e+03 2.23070802e-03 -1.00750127e-03 2.44767585e-03
67000 6.70000000e+03 2.26182817e-03 -1.00933900e-03 2.47681890e-03
67100 6.71000000e+03 2.19497853e-03 -9.82426689e-04 2.40480622e-03
67200 6.72000000e+03 2.18614866e-03 -8.54373095e-04 2.34716837e-03
67300 6.73000000e+03 2.07024044e-03 -6.79932127e-04 2.17903722e-03
67400 6.74000000e+03 1.94047275e-03 -6.81258563e-04 2.05658643e-03
67500 6.75000000e+03 1.93734735e-03 -5.40087989e-04 2.01122097e-03
67600 6.76000000e+03 1.89754565e-03 -4.49890154e-04 1.95014888e-03
67700 6.77000000e+03 1.81767647e-03 -3.89052177e-04 1.85884624e-03
67800 6.78000000e+03 1.75822817e-03 -3.82588536e-04 1.79937219e-03
67900 6.79000000e+03 1.67990127e-03 -3.57928831e-04 1.71760919e-03
68000 6.80000000e+03 1.86006562e-03 -4.92157182e-04 1.92407453e-03
68100 6.81000000e+03 1.82371249e-03 -4.18326585e-04 1.87107573e-03
68200 6.82000000e+03 1.92305865e-03 -6.14112883e-04 2.01873455e-03
68300 6.83000000e+03 1.82595220e-03 -6.12373697e-04 1.92590316e-03
68400 6.84000000e+03 1.76227407e-03 -6.77259814e-04 1.88793293e-03
68500 6.85000000e+03 1.81858498e-03 -6.34279510e-04 1.92602228e-03
68600 6.86000000e+03 1.71533716e-03 -4.69607650e-04 1.77845802e-03
68700 6.87000000e+03 1.67956168e-03 -5.43154776e-04 1.76520383e-03
68800 6.88000000e+03 1.65290304e-03 -4.97257570e-04 1.72608040e-03
68900 6.89000000e+03 1.56707678e-03 -4.80844988e-04 1.63918929e-03
69000 6.90000000e+03 1.48507138e-03 -3.80895683e-04 1.53314008e-03
69100 6.91000000e+03 1.48746022e-03 -4.30778658e-04 1.54858263e-03
69200 6.92000000e+03 1.59287511e-03 -5.07015677e-04 1.67162077e-03
69300 6.93000000e+03 1.61811535e-03 -6.80604600e-04 1.75542585e-03
69400 6.94000000e+03 1.63271755e-03 -7.36982445e-04 1.79134300e-03
69500 6.95000000e+03 1.54892774e-03 -8.51028133e-04 1.76732171e-03
69600 6.96000000e+03 1.53356057e-03 -7.66505254e-04 1.71444986e-03
69700 6.97000000e+03 1.51659409e-03 -7.70596089e-04 1.70113960e-03
69800 6.98000000e+03 1.59171538e-03 -7.52028544e-04 1.76042744e-03
69900 6.99000000e+03 1.60296273e-03 -7.05215381e-04 1.75123335e-03
70000 7.00000000e+03 1.65212585e-03 -6.72512106e-04 1.78375793e-03
70100 7.01000000e+03 1.72304281e-03 -8.30427045e-04 1.91271681e-03
70200 7.02000000e+03 1.76659704e-03 -8.07550154e-04 1.94242177e-03
70300 7.03000000e+03 1.83611829e-03 -7.90996186e-04 1.99925119e-03
70400 7.04000000e+03 1.88622938e-03 -7.66189827e-04 2.03590474e-03
70500 7.05000000e+03 1.85589190e-03 -7.58917478e-04 2.00506620e-03
70600 7.06000000e+03 1.89923227e-03 -7.97730987e-04 2.05996552e-03
70700 7.07000000e+03 1.86051370e-03 -7.57896691e-04 2.00895959e-03
70800 7.08000000e+03 1.77790318e-03 -7.30884261e-04 1.92227249e-03
70900 7.09000000e+03 1.72237097e-03 -5.94304409e-04 1.82202072e-03
71000 7.10000000e+03 1.71540456e-03 -7.90790364e-04 1.88890503e-03
71100 7.11000000e+03 1.64964038e-03 -6.27991103e-04 1.76513065e-03
71200 7.12000000e+03 1.58024835e-03 -5.05312870e-04 1.65907382e-03
71300 7.13000000e+03 1.66729558e-03 -5.70302131e-04 1.76213481e-03
71400 7.14000000e+03 1.59068080e-03 -5.38895023e-04 1.67948601e-03
71500 7.15000000e+03 1.51160010e-03 -5.90929063e-04 1.62300093e-03
71600 7.16000000e+03 1.43385597e-03 -5.55635197e-04 1.53774946e-03
71700 7.17000000e+03 1.40696438e-03 -7.12317240e-04 1.57700495e-03
71800 7.18000000e+03 1.35293708e-03 -6.18269260e-04 1.48751323e-03
71900 7.19000000e+03 1.38576084e-03 -6.82634069e-04 1.54477260e-03
72000 7.20000000e+03 1.33156101e-03 -7.75478664e-04 1.54091592e-03
72100 7.21000000e+03 1.29494537e-03 -6.55701035e-04 1.45149142e-03
72200 7.22000000e+03 1.22743356e-03 -6.26435096e-04 1.37804720e-03
72300 7.23000000e+03 1.30341738e-03 -7.22316385e-04 1.49018046e-03
72400 7.24000000e+03 1.29002437e-03 -6.93436479e-04 1.46458767e-03
72500 7.25000000e+03 1.30430609e-03 -7.53371976e-04 1.50624822e-03
72600 7.26000000e+03 1.28823984e-03 -7.29984371e-04 1.48068872e-03
72700 7.27000000e+03 1.28294644e-03 -7.15632399e-04 1.46904094e-03
72800 7.28000000e+03 1.32957532e-03 -8.49101692e-04 1.57757542e-03
72900 7.29000000e+03 1.37789408e-03 -8.62784800e-04 1.62572744e-03
73000 7.30000000e+03 1.31554529e-03 -7.51979009e-04 1.51529926e-03
73100 7.31000000e+03 1.37601164e-03 -8.98579252e-04 1.64342712e-03
73200 7.32000000e+03 1.33078976e-03 -8.03133880e-04 1.55435691e-03
73300 7.33000000e+03 1.27477315e-03 -6.94445858e-04 1.45165479e-03
73400 7.34000000e+03 1.28263957e-03 -6.67003624e-04 1.44570332e-03
73500 7.35000000e+03 1.29482476e-03 -8.43316491e-04 1.54523586e-03
73600 7.36000000e+03 1.22794183e-03 -8.31290905e-04 1.48286402e-03
73700 7.37000000e+03 1.31144770e-03 -8.44820635e-04 1.56000544e-03
73800 7.38000000e+03 1.32473314e-03 -7.71542022e-04 1.53303456e-03
73900 7.39000000e+03 1.38134137e-03 -7.69262202e-04 1.58109719e-03
74000 7.40000000e+03 1.33340887e-03 -7.21683435e-04 1.51618145e-03
74100 7.41000000e+03 1.33164646e-03 -8.21020571e-04 1.56440310e-03
74200 7.42000000e+03 1.27669540e-03 -6.93009875e-04 1.45265751e-03
74300 7.43000000e+03 1.22151710e-03 -5.87015646e-04 1.35524588e-03
74400 7.44000000e+03 1.30643486e-03 -6.08684670e-04 1.44127342e-03
74500 7.45000000e+03 1.28639687e-03 -7.94531778e-04 1.51198468e-03
74600 7.46000000e+03 1.37985556e-03 -8.88172304e-04 1.64099098e-03
74700 7.47000000e+03 1.50983117e-03 -9.78639582e-04 1.79925696e-03
74800 7.48000000e+03 1.74567092e-03 -1.11488765e-03 2.07131394e-03
74900 7.49000000e+03 1.70577015e-03 -1.07234123e-03 2.01483684e-03
75000 7.50000000e+03 1.60418288e-03 -1.13757653e-03 1.96659174e-03
75100 7.51000000e+03 1.55092508e-03 -9.83590260e-04 1.83652346e-03
75200 7.52000000e+03 1.76688971e-03 -1.14763866e-03 2.10688721e-03
75300 7.53000000e+03 1.65348372e-03 -1.03321439e-03 1.94975393e-03
75400 7.54000000e+03 1.66913564e-03 -9.56395583e-04 1.92372199e-03
75500 7.55000000e+03 1.65417278e-03 -9.72694485e-04 1.91896382e-03
75600 7.56000000e+03 1.61396782e-03 -8.40945693e-04 1.81991257e-03
75700 7.57000000e+03 1.62828621e-03 -7.70785962e-04 1.80150686e-03
75800 7.58000000e+03 1.69963809e-03 -7.68409751e-04 1.86526759e-03
75900 7.59000000e+03 1.70580635e-03 -7.18598487e-04 1.85098868e-03
76000 7.60000000e+03 1.74728152e-03 -8.72379984e-04 1.95295662e-03
76100 7.61000000e+03 1.80314912e-03 -1.01522286e-03 2.06930525e-03
76200 7.62000000e+03 1.73579599e-03 -8.66335060e-04 1.93998045e-03
76300 7.63000000e+03 1.73328002e-03 -8.82073538e-04 1.94481705e-03
76400 7.64000000e+03 1.80638116e-03 -9.43977560e-04 2.03816254e-03
76500 7.65000000e+03 2.03128066e-03 -1.02015492e-03 2.27306339e-03
76600 7.66000000e+03 2.05662660e-03 -8.99830658e-04 2.24486262e-03
76700 7.67000000e+03 2.05712439e-03 -8.68564355e-04 2.23297219e-03
76800 7.68000000e+03 1.93610159e-03 -7.80792383e-04 2.08761254e-03
76900 7.69000000e+03 1.98930944e-03 -5.66560484e-04 2.06841554e-03
77000 7.70000000e+03 1.97361200e-03 -6.19700470e-04 2.06861620e-03
77100 7.71000000e+03 1.92055875e-03 -4.79029288e-04 1.97939762e-03
77200 7.72000000e+03 1.91122422e-03 -4.96086548e-04 1.97455814e-03
77300 7.73000000e+03 1.86217809e-03 -4.64572397e-04 1.91925370e-03
77400 7.74000000e+03 1.88045367e-03 -3.89134046e-04 1.92029459e-03
77500 7.75000000e+03 1.91985443e-03 -5.94732584e-04 2.00986265e-03
77600 7.76000000e+03 1.91487698e-03 -7.55445508e-04 2.05850717e-03
77700 7.77000000e+03 1.81265245e-03 -6.14898046e-04 1.91410776e-03
77800 7.78000000e+03 1.85417244e-03 -6.03734457e-04 1.94998737e-03
77900 7.79000000e+03 1.67400867e-03 -6.99039490e-04 1.81410067e-03
78000 7.80000000e+03 1.76098361e-03 -7.58891518e-04 1.91754520e-03
78100 7.81000000e+03 1.81225897e-03 -7.51227257e-04 1.96179126e-03
78200 7.82000000e+03 1.80545799e-03 -8.08622397e-04 1.97826912e-03
78300 7.83000000e+03 1.79524545e-03 -6.61991537e-04 1.91341031e-03
78400 7.84000000e+03 1.71306636e-03 -6.24438399e-04 1.82332654e-03
78500 7.85000000e+03 1.63088995e-03 -5.12251281e-04 1.70944535e-03
78600 7.86000000e+03 1.61309028e-03 -4.30808112e-04 1.66962747e-03
78700 7.87000000e+03 1.58538343e-03 -4.02207108e-04 1.63560728e-03
78800 7.88000000e+03 1.47371413e-03 -4.03669546e-04 1.52799949e-03
78900 7.89000000e+03 1.47699041e-03 -4.81890020e-04 1.55361471e-03
79000 7.90000000e+03 1.39788585e-03 -4.85111290e-04 1.47966814e-03
79100 7.91000000e+03 1.47777586e-03 -5.65413386e-04 1.58224960e-03
79200 7.92000000e+03 1.46882294e-03 -5.59789129e-04 1.57187935e-03
79300 7.93000000e+03 1.47993665e-03 -5.23580005e-04 1.56982435e-03
79400 7.94000000e+03 1.55068096e-03 -5.84664813e-04 1.65723999e-03
79500 7.95000000e+03 1.55348296e-03 -7.82459043e-04 1.73941124e-03
79600 7.96000000e+03 1.46908872e-03 -6.63132581e-04 1.61182086e-03
79700 7.97000000e+03 1.47633068e-03 -6.15441706e-04 1.59947516e-03
79800 7.98000000e+03 1.55879825e-03 -5.69326803e-04 1.65951348e-03
79900 7.99000000e+03 1.60727184e-03 -4.41040989e-04 1.66668531e-03
80000 8.00000000e+03 1.59076659e-03 -3.97080497e-04 1.63957656e-03
80100 8.01000000e+03 1.76973920e-03 -7.63851276e-04 1.92754912e-03
80200 8.02000000e+03 1.69471384e-03 -8.75443453e-04 1.90747378e-03
80300 8.03000000e+03 1.73484243e-03 -8.69627518e-04 1.94060049e-03
80400 8.04000000e+03 1.78583665e-03 -8.86642025e-04 1.99382713e-03
80500 8.05000000e+03 1.74487021e-03 -8.12022539e-04 1.92456558e-03
80600 8.06000000e+03 1.66572665e-03 -6.96412462e-04 1.80544609e-03
80700 8.07000000e+03 1.78182870e-03 -6.57543249e-04 1.89928319e-03
80800 8.08000000e+03 1.78222847e-03 -5.89972595e-04 1.87734014e-03
80900 8.09000000e+03 1.73998775e-03 -6.98707881e-04 1.87503336e-03
81000 8.10000000e+03 1.81903259e-03 -5.92838449e-04 1.91320072e-03
81100 8.11000000e+03 1.72114070e-03 -4.95658256e-04 1.79108972e-03
81200 8.12000000e+03 1.90638122e-03 -6.60085818e-04 2.01742476e-03
81300 8.13000000e+03 1.85684778e-03 -6.00429368e-04 1.95151201e-03
81400 8.14000000e+03 1.78755750e-03 -5.69026161e-04 1.87594045e-03
81500 8.15000000e+03 1.79479504e-03 -5.50596160e-04 1.87735062e-03
81600 8.16000000e+03 1.76717062e-03 -4.93707368e-04 1.83484031e-03
81700 8.17000000e+03 1.73037488e-03 -4.34288348e-04 1.78404136e-03
81800 8.18000000e+03 1.76611589e-03 -4.57449001e-04 1.82439714e-03
81900 8.19000000e+03 1.67465874e-03 -3.47864465e-04 1.71040684e-03
82000 8.20000000e+03 1.62886851e-03 -4.28298663e-04 1.68423644e-03
82100 8.21000000e+03 1.61861989e-03 -3.99156852e-04 1.66711024e-03
82200 8.22000000e+03 1.62123656e-03 -4.45085054e-04 1.68122238e-03
82300 8.23000000e+03 1.60743331e-03 -5.13914099e-04 1.68758690e-03
82400 8.24000000e+03 1.59050850e-03 -5.66945935e-04 1.68853338e-03
82500 8.25000000e+03 1.58183090e-03 -6.61821454e-04 1.71470016e-03
82600 8.26000000e+03 1.62161142e-03 -6.86800748e-04 1.76105618e-03
82700 8.27000000e+03 1.54547137e-03 -5.62489848e-04 1.64465090e-03
82800 8.28000000e+03 1.70339062e-03 -6.63133687e-04 1.82791846e-03
82900 8.29000000e+03 1.75550045e-03 -6.48931134e-04 1.87160184e-03
83000 8.30000000e+03 1.67260296e-03 -5.31738857e-04 1.75509170e-03
83100 8.31000000e+03 1.74508081e-03 -5.33671293e-04 1.82485947e-03
83200 8.32000000e+03 1.82113296e-03 -6.31956151e-04 1.92766538e-03
83300 8.33000000e+03 1.71909807e-03 -6.70108304e-04 1.84508626e-03
83400 8.34000000e+03 1.66830025e-03 -5.61475928e-04 1.76025025e-03
83500 8.35000000e+03 1.60887768e-03 -4.62090829e-04 1.67392213e-03
83600 8.36000000e+03 1.61391695e-03 -4.33073117e-04 1.67101174e-03
83700 8.37000000e+03 1.53384253e-03 -4.81718336e-04 1.60770814e-03
83800 8.38000000e+03 1.67623837e-03 -5.65211929e-04 1.76896569e-03
83900 8.39000000e+03 1.67473219e-03 -4.80722927e-04 1.74236117e-03
84000 8.40000000e+03 1.79578771e-03 -5.61281049e-04 1.88145952e-03
84100 8.41000000e+03 1.74774160e-03 -6.35133358e-04 1.85956852e-03
84200 8.42000000e+03 1.83204236e-03 -6.40097307e-04 1.94064519e-03
84300 8.43000000e+03 1.78365514e-03 -6.08551840e-04 1.88461163e-03
84400 8.44000000e+03 1.71164796e-03 -5.15245716e-04 1.78751696e-03
84500 8.45000000e+03 1.65767968e-03 -6.11443480e-04 1.76685173e-03
84600 8.46000000e+03 1.63465715e-03 -6.02555054e-04 1.74217582e-03
84700 8.47000000e+03 1.66539371e-03 -6.86031417e-04 1.80115943e-03
84800 8.48000000e+03 1.75711152e-03 -9.00766347e-04 1.97454321e-03
84900 8.49000000e+03 1.67484442e-03 -7.67631747e-04 1.84237953e-03
85000 8.50000000e+03 1.64804514e-03 -8.06862023e-04 1.83496025e-03
85100 8.51000000e+03 1.57674949e-03 -7.75239721e-04 1.75702464e-03
85200 8.52000000e+03 1.59199280e-03 -7.14923546e-04 1.74515236e-03
85300 8.53000000e+03 1.60997151e-03 -6.72964554e-04 1.74496119e-03
85400 8.54000000e+03 1.59720110e-03 -8.25351046e-04 1.79784752e-03
85500 8.55000000e+03 1.61578238e-03 -8.28306540e-04 1.81572147e-03
85600 8.56000000e+03 1.71974197e-03 -7.18078285e-04 1.86363861e-03
85700 8.57000000e+03 1.63511175e-03 -6.02783053e-04 1.74268122e-03
85800 8.58000000e+03 1.62658771e-03 -6.75248913e-04 1.76117820e-03
85900 8.59000000e+03 1.56343530e-03 -7.16758717e-04 1.71990494e-03
86000 8.60000000e+03 1.89301255e-03 -8.09783291e-04 2.05894281e-03
86100 8.61000000e+03 1.85954000e-03 -8.76008940e-04 2.05554876e-03
86200 8.62000000e+03 1.85655220e-03 -1.01873151e-03 2.11768741e-03
86300 8.63000000e+03 1.82132691e-03 -9.92368907e-04 2.07413301e-03
86400 8.64000000e+03 1.79331074e-03 -1.10747584e-03 2.10771586e-03
86500 8.65000000e+03 1.79510098e-03 -1.15682057e-03 2.13556113e-03
86600 8.66000000e+03 1.90590881e-03 -1.09312509e-03 2.19713696e-03
86700 8.67000000e+03 1.93710602e-03 -1.07814732e-03 2.21693062e-03
86800 8.68000000e+03 1.98437972e-03 -1.08314783e-03 2.26074591e-03
86900 8.69000000e+03 1.85141305e-03 -1.03700126e-03 2.12205134e-03
87000 8.70000000e+03 1.88593182e-03 -8.84479261e-04 2.08303682e-03
87100 8.71000000e+03 1.85269222e-03 -9.27871093e-04 2.07205532e-03
87200 8.72000000e+03 1.86037831e-03 -8.46370240e-04 2.04385666e-03
87300 8.73000000e+03 1.78672664e-03 -7.24693178e-04 1.92810070e-03
87400 8.74000000e+03 1.63250277e-03 -6.52119808e-04 1.75793218e-03
87500 8.75000000e+03 1.69837708e-03 -7.16251088e-04 1.84323094e-03
87600 8.76000000e+03 1.61373545e-03 -5.77597471e-04 1.71398978e-03
87700 8.77000000e+03 1.78090890e-03 -7.13251880e-04 1.91842768e-03
87800 8.78000000e+03 1.82765536e-03 -6.86867628e-04 1.95246287e-03
87900 8.79000000e+03 1.91387977e-03 -8.72049481e-04 2.10318950e-03
88000 8.80000000e+03 1.78159343e-03 -1.13686849e-03 2.11342024e-03
88100 8.81000000e+03 1.70977996e-03 -1.02896697e-03 1.99552513e-03
88200 8.82000000e+03 1.69269461e-03 -1.00630452e-03 1.96922925e-03
88300 8.83000000e+03 1.89263606e-03 -9.06530418e-04 2.09853965e-03
88400 8.84000000e+03 1.79051829e-03 -8.33834405e-04 1.97515457e-03
88500 8.85000000e+03 1.73243799e-03 -7.82905670e-04 1.90112668e-03
88600 8.86000000e+03 1.71004282e-03 -8.50200187e-04 1.90973475e-03
88700 8.87000000e+03 1.69837102e-03 -8.27801996e-04 1.88937034e-03
88800 8.88000000e+03 1.66099146e-03 -7.94679916e-04 1.84130628e-03
88900 8.89000000e+03 1.59256591e-03 -9.00457730e-04 1.82950548e-03
89000 8.90000000e+03 1.60420942e-03 -9.16539400e-04 1.84757472e-03
89100 8.91000000e+03 1.53889949e-03 -7.84325413e-04 1.72724579e-03
89200 8.92000000e+03 1.57478801e-03 -9.27417888e-04 1.82758344e-03
89300 8.93000000e+03 1.53765478e-03 -9.60807549e-04 1.81315564e-03
89400 8.94000000e+03 1.59992767e-03 -8.74606660e-04 1.82337746e-03
89500 8.95000000e+03 1.61108316e-03 -7.41814380e-04 1.77366218e-03
89600 8.96000000e+03 1.59916095e-03 -6.89247216e-04 1.74137230e-03
89700 8.97000000e+03 1.52037747e-03 -5.79173444e-04 1.62695714e-03
89800 8.98000000e+03 1.44447677e-03 -5.76786406e-04 1.55537639e-03
89900 8.99000000e+03 1.37757964e-03 -4.92001418e-04 1.46280247e-03
90000 9.00000000e+03 1.45954464e-03 -4.81640862e-04 1.53696079e-03
90100 9.01000000e+03 1.38820102e-03 -3.96667689e-04 1.44376152e-03
90200 9.02000000e+03 1.45273935e-03 -4.38758929e-04 1.51755099e-03
90300 9.03000000e+03 1.28350384e-03 -4.83257347e-04 1.37146628e-03
90400 9.04000000e+03 1.23767927e-03 -3.84095270e-04 1.29590862e-03
90500 9.05000000e+03 1.18398829e-03 -3.07806244e-04 1.22334499e-03
90600 9.06000000e+03 1.12901442e-03 -2.41709626e-04 1.15459824e-03
90700 9.07000000e+03 1.21421425e-03 -3.85140040e-04 1.27383245e-03
90800 9.08000000e+03 1.21142401e-03 -4.02931473e-04 1.27667611e-03
90900 9.09000000e+03 1.16291526e-03 -3.30695329e-04 1.20902080e-03
91000 9.10000000e+03 1.35402218e-03 -4.27988067e-04 1.42005277e-03
91100 9.11000000e+03 1.28662051e-03 -3.39790509e-04 1.33073285e-03
91200 9.12000000e+03 1.28860492e-03 -3.39423073e-04 1.33255794e-03
91300 9.13000000e+03 1.38962211e-03 -4.79611539e-04 1.47006014e-03
91400 9.14000000e+03 1.37678185e-03 -4.80886200e-04 1.45834831e-03
91500 9.15000000e+03 1.43412768e-03 -5.57651627e-04 1.53873245e-03
91600 9.16000000e+03 1.54240499e-03 -6.75282034e-04 1.68375146e-03
91700 9.17000000e+03 1.55363558e-03 -5.82094595e-04 1.65910145e-03
91800 9.18000000e+03 1.48693426e-03 -5.96785336e-04 1.60222540e-03
91900 9.19000000e+03 1.59574789e-03 -5.34320192e-04 1.68282780e-03
92000 9.20000000e+03 1.60934997e-03 -5.65247203e-04 1.70572909e-03
92100 9.21000000e+03 1.52801117e-03 -5.78943058e-04 1.63401138e-03
92200 9.22000000e+03 1.62225706e-03 -5.92394907e-04 1.72703494e-03
92300 9.23000000e+03 1.62152131e-03 -6.14308636e-04 1.73398572e-03
92400 9.24000000e+03 1.68054434e-03 -6.51553099e-04 1.80242912e-03
92500 9.25000000e+03 1.64817530e-03 -6.22787979e-04 1.76191563e-03
92600 9.26000000e+03 1.59513019e-03 -6.64795632e-04 1.72811850e-03
92700 9.27000000e+03 1.56282936e-03 -6.53345487e-04 1.69389963e-03
92800 9.28000000e+03 1.71896862e-03 -7.39337003e-04 1.87122215e-03
92900 9.29000000e+03 1.66965881e-03 -6.61831873e-04 1.79604621e-03
93000 9.30000000e+03 1.61648518e-03 -7.59314862e-04 1.78594048e-03
93100 9.31000000e+03 1.56629214e-03 -6.78377110e-04 1.70688797e-03
93200 9.32000000e+03 1.51792204e-03 -6.07423426e-04 1.63494664e-03
93300 9.33000000e+03 1.46903226e-03 -5.41864720e-04 1.56578196e-03
93400 9.34000000e+03 1.41978089e-03 -4.80948540e-04 1.49902945e-03
93500 9.35000000e+03 1.52377179e-03 -3.80688463e-04 1.57060631e-03
93600 9.36000000e+03 1.43729127e-03 -4.21891134e-04 1.49793135e-03
93700 9.37000000e+03 1.39494007e-03 -5.27926662e-04 1.49149736e-03
93800 9.38000000e+03 1.46145013e-03 -5.95781137e-04 1.57822420e-03
93900 9.39000000e+03 1.48362771e-03 -5.43041795e-04 1.57988784e-03
94000 9.40000000e+03 1.41916843e-03 -5.54533268e-04 1.52366210e-03
94100 9.41000000e+03 1.43757509e-03 -5.19901165e-04 1.52869858e-03
94200 9.42000000e+03 1.44775119e-03 -4.83369280e-04 1.52631234e-03
94300 9.43000000e+03 1.52423070e-03 -3.75258329e-04 1.56974458e-03
94400 9.44000000e+03 1.75978558e-03 -5.27571887e-04 1.83716558e-03
94500 9.45000000e+03 1.83998153e-03 -6.32136536e-04 1.94554070e-03
94600 9.46000000e+03 1.80544006e-03 -6.09556213e-04 1.90556359e-03
94700 9.47000000e+03 1.83089054e-03 -5.89260308e-04 1.92337929e-03
94800 9.48000000e+03 1.93534372e-03 -7.31251435e-04 2.06888472e-03
94900 9.49000000e+03 1.95493922e-03 -6.61557366e-04 2.06384241e-03
95000 9.50000000e+03 1.94718398e-03 -6.31706382e-04 2.04709023e-03
95100 9.51000000e+03 2.10880791e-03 -7.45582918e-04 2.23673080e-03
95200 9.52000000e+03 2.13502999e-03 -7.77085312e-04 2.27205076e-03
95300 9.53000000e+03 2.01407564e-03 -8.27765209e-04 2.17754355e-03
95400 9.54000000e+03 2.17634649e-03 -8.03933886e-04 2.32008486e-03
95500 9.55000000e+03 2.14098906e-03 -7.60397001e-04 2.27201183e-03
95600 9.56000000e+03 2.10608658e-03 -8.23145790e-04 2.26123190e-03
95700 9.57000000e+03 2.24440149e-03 -9.13267548e-04 2.42309630e-03
95800 9.58000000e+03 2.34485557e-03 -9.71229980e-04 2.53803769e-03
95900 9.59000000e+03 2.21607508e-03 -1.03178550e-03 2.44449792e-03
96000 9.60000000e+03 2.26634718e-03 -9.52020520e-04 2.45818482e-03
96100 9.61000000e+03 2.16462906e-03 -8.02594586e-04 2.30863098e-03
96200 9.62000000e+03 2.02810648e-03 -9.10491857e-04 2.22310848e-03
96300 9.63000000e+03 2.01805960e-03 -7.62540556e-04 2.15732071e-03
96400 9.64000000e+03 2.08525709e-03 -1.03881606e-03 2.32968580e-03
96500 9.65000000e+03 1.94261339e-03 -1.10415078e-03 2.23447885e-03
96600 9.66000000e+03 1.86572259e-03 -1.10629783e-03 2.16905870e-03
96700 9.67000000e+03 1.87701546e-03 -1.11057004e-03 2.18095228e-03
96800 9.68000000e+03 1.87656959e-03 -1.00556028e-03 2.12900561e-03
96900 9.69000000e+03 1.79972523e-03 -8.63113848e-04 1.99599008e-03
97000 9.70000000e+03 1.78265059e-03 -7.80280097e-04 1.94593941e-03
97100 9.71000000e+03 1.81884621e-03 -6.91440073e-04 1.94583939e-03
97200 9.72000000e+03 1.76099828e-03 -8.41600297e-04 1.95176996e-03
97300 9.73000000e+03 1.74807513e-03 -8.05648160e-04 1.92479495e-03
97400 9.74000000e+03 1.71502889e-03 -7.95921136e-04 1.89071800e-03
97500 9.75000000e+03 1.79519923e-03 -7.85661628e-04 1.95959294e-03
97600 9.76000000e+03 1.79629773e-03 -8.03931092e-04 1.96799155e-03
97700 9.77000000e+03 1.80580269e-03 -9.53298819e-04 2.04198482e-03
97800 9.78000000e+03 1.90765213e-03 -1.05473772e-03 2.17981841e-03
97900 9.79000000e+03 2.11562030e-03 -1.14015338e-03 2.40328920e-03
98000 9.80000000e+03 2.02293834e-03 -9.83774196e-04 2.24946464e-03
98100 9.81000000e+03 1.99285243e-03 -9.22478852e-04 2.19600274e-03
98200 9.82000000e+03 1.92713120e-03 -1.11456739e-03 2.22622891e-03
98300 9.83000000e+03 1.89844414e-03 -1.04387198e-03 2.16650845e-03
98400 9.84000000e+03 1.88459398e-03 -1.15157582e-03 2.20857903e-03
98500 9.85000000e+03 1.82390609e-03 -9.98057774e-04 2.07912307e-03
98600 9.86000000e+03 1.74593041e-03 -1.07040186e-03 2.04793387e-03
98700 9.87000000e+03 1.74348312e-03 -1.03885960e-03 2.02952277e-03
98800 9.88000000e+03 1.65774184e-03 -1.04473950e-03 1.95948683e-03
98900 9.89000000e+03 1.73710962e-03 -1.10454427e-03 2.05853537e-03
99000 9.90000000e+03 1.68146635e-03 -9.47787077e-04 1.93018897e-03
99100 9.91000000e+03 1.61737832e-03 -9.94535629e-04 1.89868738e-03
99200 9.92000000e+03 1.70822791e-03 -9.62030841e-04 1.96049635e-03
99300 9.93000000e+03 1.68913626e-03 -9.98756615e-04 1.96231906e-03
99400 9.94000000e+03 1.68548804e-03 -1.12145673e-03 2.02448392e-03
99500 9.95000000e+03 1.81674096e-03 -1.01679750e-03 2.08192816e-03
99600 9.96000000e+03 1.84940838e-03 -1.01814198e-03 2.11114292e-03
99700 9.97000000e+03 1.90181716e-03 -9.84662795e-04 2.14160438e-03
99800 9.98000000e+03 1.94108090e-03 -1.22829748e-03 2.29706547e-03
99900 9.99000000e+03 1.94239314e-03 -1.12482975e-03 2.24457860e-03
100000 1.00000000e+04 1.97624625e-03 -1.03980931e-03 2.23310381e-03
