# step  t  vx_mean  vy_mean  vmag_mean
0 0.00000000e+00 3.24310525e-03 -2.64906348e-03 4.18751346e-03
100 1.00000000e+01 3.14829824e-03 -2.56660162e-03 4.06192389e-03
200 2.00000000e+01 3.13466834e-03 -2.79862760e-03 4.20219728e-03
300 3.00000000e+01 3.07746022e-03 -2.54829647e-03 3.99556958e-03
400 4.00000000e+01 3.02821537e-03 -2.49966793e-03 3.92663063e-03
500 5.00000000e+01 3.05551337e-03 -2.47553457e-03 3.93248437e-03
600 6.00000000e+01 2.97950278e-03 -2.23375252e-03 3.72385380e-03
700 7.00000000e+01 2.90125282e-03 -1.96190970e-03 3.50233602e-03
800 8.00000000e+01 2.87170243e-03 -1.80940866e-03 3.39420602e-03
900 9.00000000e+01 2.79372465e-03 -1.76298257e-03 3.30348376e-03
1000 1.00000000e+02 2.69906898e-03 -1.82775769e-03 3.25970421e-03
1100 1.10000000e+02 2.75395531e-03 -1.67487154e-03 3.22326923e-03
1200 1.20000000e+02 2.69881426e-03 -1.55068189e-03 3.11258940e-03
1300 1.30000000e+02 2.73041707e-03 -1.77241000e-03 3.25524416e-03
1400 1.40000000e+02 2.79339310e-03 -1.76337012e-03 3.30341024e-03
1500 1.50000000e+02 2.76873307e-03 -1.63147599e-03 3.21365784e-03
1600 1.60000000e+02 2.76462547e-03 -1.59623194e-03 3.19235187e-03
1700 1.70000000e+02 2.70309206e-03 -1.62067707e-03 3.15171395e-03
1800 1.80000000e+02 2.74960347e-03 -1.57466414e-03 3.16857798e-03
1900 1.90000000e+02 2.77637341e-03 -1.64863328e-03 3.22896903e-03
2000 2.00000000e+02 2.68776133e-03 -1.47556933e-03 3.06616467e-03
2100 2.10000000e+02 2.87089450e-03 -1.38627039e-03 3.18806851e-03
2200 2.20000000e+02 2.69441237e-03 -1.37678813e-03 3.02578974e-03
2300 2.30000000e+02 2.85336189e-03 -1.38594268e-03 3.17214615e-03
2400 2.40000000e+02 2.74122600e-03 -1.36849785e-03 3.06383849e-03
2500 2.50000000e+02 2.73422734e-03 -1.33895187e-03 3.04446896e-03
2600 2.60000000e+02 2.66342820e-03 -1.33074867e-03 2.97737162e-03
2700 2.70000000e+02 2.45717121e-03 -1.43632549e-03 2.84617661e-03
2800 2.80000000e+02 2.36356724e-03 -1.31114549e-03 2.70287858e-03
2900 2.90000000e+02 2.30587670e-03 -1.13745127e-03 2.57115980e-03
3000 3.00000000e+02 2.21513049e-03 -1.15460716e-03 2.49798334e-03
3100 3.10000000e+02 2.29297322e-03 -1.03990280e-03 2.51776171e-03
3200 3.20000000e+02 2.28335732e-03 -1.10759796e-03 2.53781281e-03
3300 3.30000000e+02 2.41260324e-03 -1.35593978e-03 2.76753086e-03
3400 3.40000000e+02 2.51533045e-03 -1.38936250e-03 2.87353709e-03
3500 3.50000000e+02 2.48508039e-03 -1.29591988e-03 2.80268316e-03
3600 3.60000000e+02 2.77397619e-03 -1.39630889e-03 3.10557924e-03
3700 3.70000000e+02 2.70430720e-03 -1.30183354e-03 3.00134104e-03
3800 3.80000000e+02 2.72351992e-03 -1.32387411e-03 3.02823437e-03
3900 3.90000000e+02 2.74089607e-03 -1.39294565e-03 3.07454206e-03
4000 4.00000000e+02 2.71464349e-03 -1.46646076e-03 3.08541673e-03
4100 4.10000000e+02 2.70131603e-03 -1.63978653e-03 3.16006458e-03
4200 4.20000000e+02 2.79094628e-03 -1.75527809e-03 3.29702628e-03
4300 4.30000000e+02 3.06480913e-03 -1.98517228e-03 3.65157007e-03
4400 4.40000000e+02 3.08402092e-03 -2.02220725e-03 3.68788655e-03
4500 4.50000000e+02 3.35289491e-03 -1.90343405e-03 3.85551105e-03
4600 4.60000000e+02 3.30122514e-03 -1.92352210e-03 3.82073614e-03
4700 4.70000000e+02 3.22055980e-03 -1.71311875e-03 3.64784611e-03
4800 4.80000000e+02 3.29117617e-03 -1.57267565e-03 3.64762241e-03
4900 4.90000000e+02 3.30883544e-03 -1.70343078e-03 3.72156800e-03
5000 5.00000000e+02 3.25066526e-03 -1.71503786e-03 3.67534754e-03
5100 5.10000000e+02 3.21738562e-03 -1.83218182e-03 3.70249381e-03
5200 5.20000000e+02 3.14095803e-03 -1.95368985e-03 3.69898923e-03
5300 5.30000000e+02 3.10210395e-03 -1.73802942e-03 3.55581146e-03
5400 5.40000000e+02 3.20991315e-03 -1.92291790e-03 3.74181182e-03
5500 5.50000000e+02 3.19541665e-03 -1.80834613e-03 3.67162134e-03
5600 5.60000000e+02 3.02404910e-03 -1.64941791e-03 3.44462660e-03
5700 5.70000000e+02 2.98486045e-03 -1.44948857e-03 3.31819363e-03
5800 5.80000000e+02 2.94817705e-03 -1.45665440e-03 3.28840234e-03
5900 5.90000000e+02 2.89894082e-03 -1.30837644e-03 3.18051989e-03
6000 6.00000000e+02 2.92190351e-03 -1.27415219e-03 3.18762983e-03
6100 6.10000000e+02 2.75562913e-03 -1.11605693e-03 2.97305819e-03
6200 6.20000000e+02 2.72767805e-03 -1.09582592e-03 2.93956833e-03
6300 6.30000000e+02 2.60223541e-03 -8.89997813e-04 2.75022277e-03
6400 6.40000000e+02 2.60571390e-03 -9.01268504e-04 2.75717788e-03
6500 6.50000000e+02 2.84841005e-03 -1.15600345e-03 3.07405006e-03
6600 6.60000000e+02 2.88294093e-03 -1.29229215e-03 3.15933021e-03
6700 6.70000000e+02 2.83272751e-03 -1.32159016e-03 3.12585119e-03
6800 6.80000000e+02 2.79434863e-03 -1.21396501e-03 3.04665314e-03
6900 6.90000000e+02 2.85913399e-03 -1.22633541e-03 3.11103612e-03
7000 7.00000000e+02 2.95539061e-03 -1.25764054e-03 3.21185202e-03
7100 7.10000000e+02 2.87539954e-03 -1.19314238e-03 3.11311922e-03
7200 7.20000000e+02 2.80356081e-03 -1.03907473e-03 2.98992132e-03
7300 7.30000000e+02 2.89721414e-03 -1.06121821e-03 3.08545522e-03
7400 7.40000000e+02 2.95241061e-03 -1.24667108e-03 3.20482717e-03
7500 7.50000000e+02 3.05445027e-03 -1.32524373e-03 3.32955513e-03
7600 7.60000000e+02 3.30373179e-03 -1.49562792e-03 3.62650612e-03
7700 7.70000000e+02 3.36988922e-03 -1.57515204e-03 3.71984641e-03
7800 7.80000000e+02 3.31121334e-03 -1.54212280e-03 3.65270811e-03
7900 7.90000000e+02 3.21033620e-03 -1.35774864e-03 3.48564770e-03
8000 8.00000000e+02 3.25023406e-03 -1.34871365e-03 3.51895580e-03
8100 8.10000000e+02 3.18742171e-03 -1.19198044e-03 3.40300963e-03
8200 8.20000000e+02 3.15639493e-03 -1.34706567e-03 3.43182384e-03
8300 8.30000000e+02 3.02871596e-03 -1.15449261e-03 3.24129196e-03
8400 8.40000000e+02 2.98964512e-03 -1.22375006e-03 3.23040897e-03
8500 8.50000000e+02 3.05546401e-03 -1.28904008e-03 3.31624557e-03
8600 8.60000000e+02 3.18013132e-03 -1.30630785e-03 3.43797548e-03
8700 8.70000000e+02 3.16102756e-03 -1.40247657e-03 3.45818388e-03
8800 8.80000000e+02 3.37804761e-03 -1.87875703e-03 3.86535039e-03
8900 8.90000000e+02 3.28983436e-03 -1.88800239e-03 3.79309414e-03
9000 9.00000000e+02 3.31247039e-03 -1.93306094e-03 3.83525549e-03
9100 9.10000000e+02 3.43932398e-03 -1.76259596e-03 3.86467255e-03
9200 9.20000000e+02 3.31923738e-03 -1.81343453e-03 3.78231167e-03
9300 9.30000000e+02 3.23850685e-03 -1.62028370e-03 3.62122160e-03
9400 9.40000000e+02 3.17462254e-03 -1.62191771e-03 3.56494675e-03
9500 9.50000000e+02 3.12119746e-03 -1.48070499e-03 3.45461442e-03
9600 9.60000000e+02 3.18449480e-03 -1.60587835e-03 3.56649020e-03
9700 9.70000000e+02 3.34820873e-03 -1.63291127e-03 3.72517126e-03
9800 9.80000000e+02 3.26150586e-03 -1.55221729e-03 3.61203530e-03
9900 9.90000000e+02 3.28544551e-03 -1.51942461e-03 3.61977946e-03
10000 1.00000000e+03 3.38905863e-03 -1.58808543e-03 3.74269071e-03
10100 1.01000000e+03 3.27152945e-03 -1.69929757e-03 3.68653186e-03
10200 1.02000000e+03 3.23330099e-03 -1.63349498e-03 3.62250481e-03
10300 1.03000000e+03 3.09493300e-03 -1.60547136e-03 3.48656687e-03
10400 1.04000000e+03 3.01628723e-03 -1.42258045e-03 3.33492485e-03
10500 1.05000000e+03 2.93090683e-03 -1.48506823e-03 3.28567231e-03
10600 1.06000000e+03 2.97787413e-03 -1.48357172e-03 3.32696850e-03
10700 1.07000000e+03 2.88133090e-03 -1.34928059e-03 3.18160744e-03
10800 1.08000000e+03 2.83793826e-03 -1.44992105e-03 3.18687380e-03
10900 1.09000000e+03 2.72166752e-03 -1.20029366e-03 2.97458887e-03
11000 1.10000000e+03 2.72754394e-03 -1.10067602e-03 2.94125545e-03
11100 1.11000000e+03 2.79509602e-03 -1.28740841e-03 3.07733361e-03
11200 1.12000000e+03 2.77922582e-03 -1.46018562e-03 3.13946464e-03
11300 1.13000000e+03 2.69789668e-03 -1.33439037e-03 3.00985783e-03
11400 1.14000000e+03 2.65128422e-03 -1.39708945e-03 2.99685951e-03
11500 1.15000000e+03 2.69370945e-03 -1.38430996e-03 3.02859450e-03
11600 1.16000000e+03 2.75718723e-03 -1.57529698e-03 3.17547508e-03
11700 1.17000000e+03 2.61780620e-03 -1.49397575e-03 3.01411228e-03
11800 1.18000000e+03 2.71043601e-03 -1.54975592e-03 3.12221184e-03
11900 1.19000000e+03 2.79627414e-03 -1.43864972e-03 3.14465612e-03
12000 1.20000000e+03 2.93195760e-03 -1.67137431e-03 3.37488777e-03
12100 1.21000000e+03 2.82488717e-03 -1.62552786e-03 3.25919136e-03
12200 1.22000000e+03 2.81665940e-03 -1.48115912e-03 3.18235801e-03
12300 1.23000000e+03 2.85935029e-03 -1.31224922e-03 3.14608997e-03
12400 1.24000000e+03 2.73650466e-03 -1.30328338e-03 3.03100731e-03
12500 1.25000000e+03 2.70962063e-03 -1.33843138e-03 3.02215859e-03
12600 1.26000000e+03 2.67272955e-03 -1.41732057e-03 3.02527368e-03
12700 1.27000000e+03 2.67340941e-03 -1.52640033e-03 3.07847622e-03
12800 1.28000000e+03 2.89874454e-03 -1.58072601e-03 3.30172903e-03
12900 1.29000000e+03 2.82019912e-03 -1.58546807e-03 3.23531020e-03
13000 1.30000000e+03 3.00165312e-03 -1.40773505e-03 3.31536415e-03
13100 1.31000000e+03 2.96032615e-03 -1.42859225e-03 3.28700574e-03
13200 1.32000000e+03 2.99787475e-03 -1.54622283e-03 3.37313772e-03
13300 1.33000000e+03 3.01663508e-03 -1.52350671e-03 3.37952066e-03
13400 1.34000000e+03 2.90561910e-03 -1.37475785e-03 3.21443331e-03
13500 1.35000000e+03 2.90783634e-03 -1.42327731e-03 3.23747286e-03
13600 1.36000000e+03 2.89641088e-03 -1.36475242e-03 3.20183465e-03
13700 1.37000000e+03 2.83652777e-03 -1.50305475e-03 3.21015005e-03
13800 1.38000000e+03 2.74504116e-03 -1.31016865e-03 3.04167599e-03
13900 1.39000000e+03 3.04320664e-03 -1.44310598e-03 3.36803526e-03
14000 1.40000000e+03 3.06175975e-03 -1.46483746e-03 3.39413046e-03
14100 1.41000000e+03 3.20355222e-03 -1.59069663e-03 3.57673910e-03
14200 1.42000000e+03 3.13296774e-03 -1.62061141e-03 3.52730325e-03
14300 1.43000000e+03 3.10002523e-03 -1.59785268e-03 3.48759081e-03
14400 1.44000000e+03 3.21021513e-03 -1.55859836e-03 3.56857255e-03
14500 1.45000000e+03 3.06107150e-03 -1.52632419e-03 3.42050059e-03
14600 1.46000000e+03 3.02107236e-03 -1.50217116e-03 3.37392893e-03
14700 1.47000000e+03 3.08180298e-03 -1.41896901e-03 3.39278391e-03
14800 1.48000000e+03 2.91984389e-03 -1.30145473e-03 3.19675972e-03
14900 1.49000000e+03 3.05760070e-03 -1.47046021e-03 3.39281229e-03
15000 1.50000000e+03 3.00696678e-03 -1.39435171e-03 3.31452349e-03
15100 1.51000000e+03 2.94789113e-03 -1.36614591e-03 3.24906398e-03
15200 1.52000000e+03 2.89895968e-03 -1.23355258e-03 3.15049507e-03
15300 1.53000000e+03 2.92238570e-03 -1.29697623e-03 3.19726219e-03
15400 1.54000000e+03 2.91798962e-03 -1.27197779e-03 3.18317309e-03
15500 1.55000000e+03 2.99275294e-03 -1.31461711e-03 3.26875944e-03
15600 1.56000000e+03 2.86818412e-03 -1.35914842e-03 3.17391943e-03
15700 1.57000000e+03 3.10658524e-03 -1.65441388e-03 3.51965298e-03
15800 1.58000000e+03 3.36311013e-03 -1.71418069e-03 3.77477485e-03
15900 1.59000000e+03 3.28521640e-03 -1.62185472e-03 3.66374938e-03
16000 1.60000000e+03 3.19820363e-03 -1.74163573e-03 3.64167564e-03
16100 1.61000000e+03 3.39248287e-03 -1.80114026e-03 3.84096945e-03
16200 1.62000000e+03 3.46151926e-03 -1.80978992e-03 3.90607925e-03
16300 1.63000000e+03 3.28271883e-03 -1.67858601e-03 3.68698981e-03
16400 1.64000000e+03 3.29777878e-03 -1.77646521e-03 3.74582081e-03
16500 1.65000000e+03 3.27938935e-03 -1.78540009e-03 3.73390519e-03
16600 1.66000000e+03 3.21286521e-03 -1.58083346e-03 3.58071742e-03
16700 1.67000000e+03 3.19957081e-03 -1.55802327e-03 3.55874836e-03
16800 1.68000000e+03 3.15110455e-03 -1.77049218e-03 3.61442975e-03
16900 1.69000000e+03 3.01549025e-03 -1.61021121e-03 3.41847358e-03
17000 1.70000000e+03 3.06193321e-03 -1.76486990e-03 3.53414781e-03
17100 1.71000000e+03 3.06883221e-03 -1.60908967e-03 3.46509751e-03
17200 1.72000000e+03 3.04082409e-03 -1.59690343e-03 3.43463414e-03
17300 1.73000000e+03 3.01836245e-03 -1.95271010e-03 3.59493930e-03
17400 1.74000000e+03 2.95738620e-03 -1.84229517e-03 3.48427677e-03
17500 1.75000000e+03 2.85317423e-03 -1.80464715e-03 3.37599682e-03
17600 1.76000000e+03 2.89715966e-03 -1.89650827e-03 3.46269804e-03
17700 1.77000000e+03 2.88535561e-03 -1.87332195e-03 3.44014711e-03
17800 1.78000000e+03 2.68063345e-03 -1.84013008e-03 3.25144189e-03
17900 1.79000000e+03 2.78132642e-03 -2.09462293e-03 3.48184174e-03
18000 1.80000000e+03 2.75780004e-03 -1.88351166e-03 3.33962233e-03
18100 1.81000000e+03 2.61328183e-03 -1.78471627e-03 3.16456223e-03
18200 1.82000000e+03 2.75437743e-03 -1.70150504e-03 3.23754760e-03
18300 1.83000000e+03 2.89815129e-03 -1.82167860e-03 3.42312632e-03
18400 1.84000000e+03 2.90227775e-03 -1.88428350e-03 3.46030929e-03
18500 1.85000000e+03 2.91774934e-03 -1.97540852e-03 3.52356354e-03
18600 1.86000000e+03 2.96105165e-03 -1.86151732e-03 3.49758111e-03
18700 1.87000000e+03 2.99480674e-03 -1.67893199e-03 3.43331910e-03
18800 1.88000000e+03 2.79305223e-03 -1.75706996e-03 3.29976296e-03
18900 1.89000000e+03 2.73552514e-03 -1.89148961e-03 3.32578272e-03
19000 1.90000000e+03 2.67513795e-03 -1.84088224e-03 3.24733898e-03
19100 1.91000000e+03 2.59805634e-03 -1.59705384e-03 3.04966846e-03
19200 1.92000000e+03 2.74700555e-03 -1.82009011e-03 3.29526441e-03
19300 1.93000000e+03 2.68237619e-03 -1.65341783e-03 3.15102087e-03
19400 1.94000000e+03 2.77859648e-03 -1.63935195e-03 3.22615455e-03
19500 1.95000000e+03 2.75090430e-03 -1.65898632e-03 3.21243056e-03
19600 1.96000000e+03 3.04123503e-03 -1.72270858e-03 3.49525898e-03
19700 1.97000000e+03 2.93354178e-03 -1.53684453e-03 3.31173044e-03
19800 1.98000000e+03 3.05767870e-03 -1.41372834e-03 3.36868325e-03
19900 1.99000000e+03 3.00881872e-03 -1.38178025e-03 3.31093744e-03
20000 2.00000000e+03 2.89877201e-03 -1.37378101e-03 3.20782690e-03
20100 2.01000000e+03 2.99457693e-03 -1.24493055e-03 3.24304534e-03
20200 2.02000000e+03 2.91134301e-03 -1.20273791e-03 3.14999946e-03
20300 2.03000000e+03 2.90268636e-03 -1.13413844e-03 3.11638543e-03
20400 2.04000000e+03 3.11154127e-03 -1.20803702e-03 3.33782003e-03
20500 2.05000000e+03 3.28014325e-03 -1.46824960e-03 3.59375801e-03
20600 2.06000000e+03 3.34916031e-03 -1.57071464e-03 3.69919170e-03
20700 2.07000000e+03 3.23754665e-03 -1.54198066e-03 3.58600233e-03
20800 2.08000000e+03 3.54465423e-03 -1.71509187e-03 3.93778031e-03
20900 2.09000000e+03 3.36639211e-03 -1.52398518e-03 3.69528438e-03
21000 2.10000000e+03 3.28250066e-03 -1.66574155e-03 3.68096530e-03
21100 2.11000000e+03 3.24319419e-03 -1.60057470e-03 3.61664872e-03
21200 2.12000000e+03 3.05539183e-03 -1.47227058e-03 3.39160728e-03
21300 2.13000000e+03 2.87569221e-03 -1.36696221e-03 3.18405267e-03
21400 2.14000000e+03 2.93096853e-03 -1.31865661e-03 3.21394334e-03
21500 2.15000000e+03 2.92005087e-03 -1.29154033e-03 3.19292554e-03
21600 2.16000000e+03 2.76147458e-03 -1.28712587e-03 3.04670885e-03
21700 2.17000000e+03 2.66416511e-03 -1.16807711e-03 2.90898261e-03
21800 2.18000000e+03 2.78182980e-03 -1.12700625e-03 3.00145300e-03
21900 2.19000000e+03 2.91436561e-03 -1.27220561e-03 3.17994246e-03
22000 2.20000000e+03 2.95922719e-03 -1.25486439e-03 3.21429778e-03
22100 2.21000000e+03 2.86555407e-03 -1.31870899e-03 3.15442444e-03
22200 2.22000000e+03 2.83654826e-03 -1.38788181e-03 3.15788251e-03
22300 2.23000000e+03 2.87527801e-03 -1.42557290e-03 3.20928056e-03
22400 2.24000000e+03 2.82392511e-03 -1.23621640e-03 3.08265860e-03
22500 2.25000000e+03 2.68654665e-03 -1.15627970e-03 2.92481036e-03
22600 2.26000000e+03 2.54741311e-03 -9.84444749e-04 2.73101538e-03
22700 2.27000000e+03 2.57767830e-03 -1.00120716e-03 2.76529224e-03
22800 2.28000000e+03 2.42494699e-03 -9.38791432e-04 2.60032637e-03
22900 2.29000000e+03 2.48580705e-03 -8.08303186e-04 2.61392248e-03
23000 2.30000000e+03 2.32563261e-03 -6.25861925e-04 2.40837501e-03
23100 2.31000000e+03 2.35816417e-03 -7.29008054e-04 2.46827693e-03
23200 2.32000000e+03 2.20632157e-03 -6.40391081e-04 2.29738016e-03
23300 2.33000000e+03 2.41820817e-03 -7.32231187e-04 2.52663675e-03
23400 2.34000000e+03 2.38910923e-03 -6.84855971e-04 2.48533109e-03
23500 2.35000000e+03 2.43159500e-03 -8.25621246e-04 2.56793783e-03
23600 2.36000000e+03 2.46819877e-03 -9.83714708e-04 2.65700956e-03
23700 2.37000000e+03 2.54496140e-03 -1.21198641e-03 2.81881883e-03
23800 2.38000000e+03 2.49692169e-03 -1.17719336e-03 2.76050759e-03
23900 2.39000000e+03 2.49664113e-03 -1.24065217e-03 2.78790867e-03
24000 2.40000000e+03 2.54070130e-03 -1.25314167e-03 2.83293614e-03
24100 2.41000000e+03 2.45435210e-03 -1.40726753e-03 2.82917764e-03
24200 2.42000000e+03 2.58376007e-03 -1.48243294e-03 2.97882922e-03
24300 2.43000000e+03 2.64551071e-03 -1.71907316e-03 3.15498645e-03
24400 2.44000000e+03 2.58824811e-03 -1.58013171e-03 3.03246509e-03
24500 2.45000000e+03 2.70395097e-03 -1.48876873e-03 3.08671074e-03
24600 2.46000000e+03 2.72006309e-03 -1.35640125e-03 3.03950120e-03
24700 2.47000000e+03 2.74283532e-03 -1.40351849e-03 3.08107282e-03
24800 2.48000000e+03 2.72711017e-03 -1.42085459e-03 3.07505409e-03
24900 2.49000000e+03 2.80111050e-03 -1.29413581e-03 3.08561299e-03
25000 2.50000000e+03 2.78572598e-03 -1.28268579e-03 3.06684726e-03
25100 2.51000000e+03 2.64602387e-03 -1.04612997e-03 2.84531725e-03
25200 2.52000000e+03 2.71104649e-03 -1.11214502e-03 2.93029685e-03
25300 2.53000000e+03 2.60351133e-03 -1.15464139e-03 2.84806390e-03
25400 2.54000000e+03 2.60026776e-03 -1.16070802e-03 2.84756660e-03
25500 2.55000000e+03 2.72359373e-03 -1.23664143e-03 2.99119455e-03
25600 2.56000000e+03 2.67509953e-03 -1.40024803e-03 3.01941253e-03
25700 2.57000000e+03 2.70556659e-03 -1.64625817e-03 3.16705802e-03
25800 2.58000000e+03 2.82195886e-03 -1.64907507e-03 3.26847065e-03
25900 2.59000000e+03 2.85404548e-03 -1.58563210e-03 3.26493564e-03
26000 2.60000000e+03 2.91607296e-03 -1.61692803e-03 3.33435717e-03
26100 2.61000000e+03 2.90176203e-03 -1.57777639e-03 3.30296854e-03
26200 2.62000000e+03 2.86560599e-03 -1.65782508e-03 3.31060141e-03
26300 2.63000000e+03 3.04029323e-03 -1.62167638e-03 3.44575350e-03
26400 2.64000000e+03 2.91210180e-03 -1.38595398e-03 3.22508997e-03
26500 2.65000000e+03 2.94358097e-03 -1.49109249e-03 3.29970086e-03
26600 2.66000000e+03 3.07677779e-03 -1.64351508e-03 3.48822353e-03
26700 2.67000000e+03 2.97947531e-03 -1.51624484e-03 3.34309311e-03
26800 2.68000000e+03 2.90003838e-03 -1.56704907e-03 3.29634121e-03
26900 2.69000000e+03 2.80595222e-03 -1.60471583e-03 3.23241098e-03
27000 2.70000000e+03 2.73750233e-03 -1.47571776e-03 3.10992957e-03
27100 2.71000000e+03 2.66822567e-03 -1.35834841e-03 2.99408394e-03
27200 2.72000000e+03 2.67145806e-03 -1.50774326e-03 3.06756873e-03
27300 2.73000000e+03 2.64705881e-03 -1.58544490e-03 3.08553980e-03
27400 2.74000000e+03 2.69700121e-03 -1.46438077e-03 3.06891293e-03
27500 2.75000000e+03 2.80921021e-03 -1.51605729e-03 3.19219231e-03
27600 2.76000000e+03 2.91777961e-03 -1.57641771e-03 3.31640327e-03
27700 2.77000000e+03 2.89825792e-03 -1.57657114e-03 3.29931441e-03
27800 2.78000000e+03 2.88989744e-03 -1.46377319e-03 3.23946588e-03
27900 2.79000000e+03 2.95451935e-03 -1.60814612e-03 3.36382499e-03
28000 2.80000000e+03 3.01391142e-03 -1.61932106e-03 3.42138317e-03
28100 2.81000000e+03 3.05019179e-03 -1.71998213e-03 3.50171508e-03
28200 2.82000000e+03 3.14364256e-03 -1.77262235e-03 3.60897195e-03
28300 2.83000000e+03 3.09965340e-03 -1.80692784e-03 3.58787395e-03
28400 2.84000000e+03 2.94266781e-03 -1.78065593e-03 3.43948098e-03
28500 2.85000000e+03 3.03212716e-03 -1.77207787e-03 3.51198734e-03
28600 2.86000000e+03 2.91044312e-03 -1.62142608e-03 3.33162148e-03
28700 2.87000000e+03 2.87538976e-03 -1.60341966e-03 3.29223646e-03
28800 2.88000000e+03 2.90632574e-03 -1.76678761e-03 3.40121563e-03
28900 2.89000000e+03 2.82534817e-03 -1.79518026e-03 3.34742654e-03
29000 2.90000000e+03 2.92579341e-03 -1.87821861e-03 3.47677612e-03
29100 2.91000000e+03 2.92151491e-03 -1.79312029e-03 3.42790457e-03
29200 2.92000000e+03 2.83492403e-03 -1.74275530e-03 3.32776055e-03
29300 2.93000000e+03 2.75349966e-03 -1.54200359e-03 3.15587317e-03
29400 2.94000000e+03 2.76087667e-03 -1.51413353e-03 3.14881570e-03
29500 2.95000000e+03 2.84567638e-03 -1.53518934e-03 3.23336982e-03
29600 2.96000000e+03 2.83049932e-03 -1.71045749e-03 3.30717269e-03
29700 2.97000000e+03 2.86288396e-03 -1.79713138e-03 3.38020499e-03
29800 2.98000000e+03 2.90059485e-03 -1.72656262e-03 3.37556943e-03
29900 2.99000000e+03 2.88049155e-03 -1.67367468e-03 3.33142890e-03
30000 3.00000000e+03 2.93960515e-03 -1.87598262e-03 3.48720364e-03
30100 3.01000000e+03 2.97304965e-03 -1.73782045e-03 3.44369629e-03
30200 3.02000000e+03 2.91973795e-03 -1.84587843e-03 3.45429253e-03
30300 3.03000000e+03 2.86989450e-03 -1.98333687e-03 3.48854118e-03
30400 3.04000000e+03 2.79588671e-03 -1.84506737e-03 3.34981434e-03
30500 3.05000000e+03 2.75104376e-03 -1.78664597e-03 3.28029657e-03
30600 3.06000000e+03 2.69580842e-03 -1.72368763e-03 3.19976282e-03
30700 3.07000000e+03 2.87723052e-03 -2.05126428e-03 3.53357335e-03
30800 3.08000000e+03 2.85792025e-03 -2.13299948e-03 3.56614567e-03
30900 3.09000000e+03 2.79977615e-03 -1.87862618e-03 3.37164393e-03
31000 3.10000000e+03 2.79949256e-03 -1.67893071e-03 3.26434786e-03
31100 3.11000000e+03 2.75598257e-03 -1.97034469e-03 3.38787516e-03
31200 3.12000000e+03 2.57899286e-03 -2.00781040e-03 3.26841044e-03
31300 3.13000000e+03 2.60334113e-03 -1.93793897e-03 3.24545721e-03
31400 3.14000000e+03 2.57031806e-03 -2.00333074e-03 3.25881404e-03
31500 3.15000000e+03 2.62241648e-03 -2.10641231e-03 3.36363509e-03
31600 3.16000000e+03 2.67128740e-03 -2.04658671e-03 3.36515877e-03
31700 3.17000000e+03 2.79260986e-03 -2.01490987e-03 3.44362187e-03
31800 3.18000000e+03 2.82880198e-03 -1.97843742e-03 3.45200453e-03
31900 3.19000000e+03 2.82928208e-03 -1.99514348e-03 3.46199864e-03
32000 3.20000000e+03 2.93971738e-03 -1.94285356e-03 3.52372221e-03
32100 3.21000000e+03 2.97767436e-03 -1.90473499e-03 3.53476449e-03
32200 3.22000000e+03 2.90811481e-03 -1.69060065e-03 3.36381663e-03
32300 3.23000000e+03 2.85759359e-03 -1.54329604e-03 3.24770746e-03
32400 3.24000000e+03 2.87917792e-03 -1.56700809e-03 3.27798411e-03
32500 3.25000000e+03 2.95727258e-03 -1.48025597e-03 3.30705592e-03
32600 3.26000000e+03 3.05404211e-03 -1.76381588e-03 3.52678603e-03
32700 3.27000000e+03 3.23698670e-03 -1.79383939e-03 3.70080297e-03
32800 3.28000000e+03 3.15052900e-03 -1.58613105e-03 3.52727156e-03
32900 3.29000000e+03 2.89796246e-03 -1.69108622e-03 3.35528822e-03
33000 3.30000000e+03 2.98863789e-03 -1.91965746e-03 3.55204747e-03
33100 3.31000000e+03 3.09191481e-03 -1.91835396e-03 3.63868370e-03
33200 3.32000000e+03 3.08780116e-03 -1.91560830e-03 3.63374066e-03
33300 3.33000000e+03 3.15131946e-03 -2.00074073e-03 3.73279758e-03
33400 3.34000000e+03 3.19815893e-03 -1.87660404e-03 3.70808081e-03
33500 3.35000000e+03 3.23963468e-03 -1.78665982e-03 3.69964676e-03
33600 3.36000000e+03 3.09776166e-03 -1.52773585e-03 3.45399828e-03
33700 3.37000000e+03 3.08138342e-03 -1.38784270e-03 3.37950161e-03
33800 3.38000000e+03 2.94516934e-03 -1.27813511e-03 3.21055319e-03
33900 3.39000000e+03 3.06519167e-03 -1.53962849e-03 3.43013934e-03
34000 3.40000000e+03 3.00535071e-03 -1.41658366e-03 3.32247530e-03
34100 3.41000000e+03 3.00166453e-03 -1.26066653e-03 3.25565202e-03
34200 3.42000000e+03 2.87627056e-03 -1.09634676e-03 3.07813394e-03
34300 3.43000000e+03 2.77093495e-03 -1.04265392e-03 2.96060935e-03
34400 3.44000000e+03 2.78470293e-03 -1.40253641e-03 3.11796067e-03
34500 3.45000000e+03 2.81115621e-03 -1.47918146e-03 3.17656687e-03
34600 3.46000000e+03 2.87895789e-03 -1.39488245e-03 3.19907730e-03
34700 3.47000000e+03 2.76965089e-03 -1.22373842e-03 3.02795340e-03
34800 3.48000000e+03 2.82439357e-03 -1.28263864e-03 3.10199305e-03
34900 3.49000000e+03 2.86440109e-03 -1.16804685e-03 3.09340056e-03
35000 3.50000000e+03 2.82897335e-03 -1.05923705e-03 3.02077363e-03
35100 3.51000000e+03 2.68196780e-03 -1.05198368e-03 2.88090627e-03
35200 3.52000000e+03 2.49917293e-03 -1.06365222e-03 2.71610408e-03
35300 3.53000000e+03 2.34925048e-03 -1.04318187e-03 2.57044865e-03
35400 3.54000000e+03 2.37706862e-03 -1.04148919e-03 2.59521771e-03
35500 3.55000000e+03 2.32592551e-03 -8.40002031e-04 2.47296035e-03
35600 3.56000000e+03 2.44648475e-03 -9.41212522e-04 2.62129141e-03
35700 3.57000000e+03 2.30538310e-03 -7.67847057e-04 2.42989307e-03
35800 3.58000000e+03 2.18065269e-03 -7.12893903e-04 2.29422403e-03
35900 3.59000000e+03 2.42754212e-03 -8.29850207e-04 2.56546528e-03
36000 3.60000000e+03 2.52606813e-03 -9.91613721e-04 2.71372769e-03
36100 3.61000000e+03 2.63507455e-03 -1.22606219e-03 2.90634588e-03
36200 3.62000000e+03 2.59849941e-03 -1.13065576e-03 2.83382809e-03
36300 3.63000000e+03 2.64026690e-03 -1.21181842e-03 2.90508403e-03
36400 3.64000000e+03 2.59997207e-03 -1.43506716e-03 2.96972600e-03
36500 3.65000000e+03 2.63166684e-03 -1.30204274e-03 2.93615150e-03
36600 3.66000000e+03 2.68946169e-03 -1.30497455e-03 2.98934152e-03
36700 3.67000000e+03 2.71923188e-03 -1.49248692e-03 3.10189285e-03
36800 3.68000000e+03 2.91957590e-03 -1.61418819e-03 3.33609457e-03
36900 3.69000000e+03 2.84338160e-03 -1.55711663e-03 3.24182528e-03
37000 3.70000000e+03 2.83910800e-03 -1.54817582e-03 3.23378765e-03
37100 3.71000000e+03 2.74435128e-03 -1.54146971e-03 3.14763289e-03
37200 3.72000000e+03 2.68992479e-03 -1.38217863e-03 3.02425414e-03
37300 3.73000000e+03 2.66833231e-03 -1.21236464e-03 2.93084038e-03
37400 3.74000000e+03 2.63607223e-03 -1.26133533e-03 2.92230108e-03
37500 3.75000000e+03 2.72750924e-03 -1.25059125e-03 3.00054747e-03
37600 3.76000000e+03 2.71617505e-03 -1.24332693e-03 2.98721756e-03
37700 3.77000000e+03 2.72645336e-03 -1.20074837e-03 2.97915165e-03
37800 3.78000000e+03 2.74980930e-03 -1.26878999e-03 3.02841199e-03
37900 3.79000000e+03 2.92973709e-03 -1.35630684e-03 3.22845593e-03
38000 3.80000000e+03 2.98181479e-03 -1.34496577e-03 3.27110874e-03
38100 3.81000000e+03 2.99125398e-03 -1.47274055e-03 3.33415133e-03
38200 3.82000000e+03 3.05764610e-03 -1.59618922e-03 3.44920566e-03
38300 3.83000000e+03 3.18811461e-03 -1.74910179e-03 3.63640370e-03
38400 3.84000000e+03 3.18476791e-03 -1.68412575e-03 3.60264155e-03
38500 3.85000000e+03 3.07132280e-03 -1.59999868e-03 3.46309393e-03
38600 3.86000000e+03 2.91497400e-03 -1.57218741e-03 3.31192492e-03
38700 3.87000000e+03 2.80665513e-03 -1.33369083e-03 3.10741762e-03
38800 3.88000000e+03 2.80896504e-03 -1.36509317e-03 3.12310166e-03
38900 3.89000000e+03 2.89978087e-03 -1.56417117e-03 3.29474741e-03
39000 3.90000000e+03 2.88776169e-03 -1.92055083e-03 3.46809502e-03
39100 3.91000000e+03 2.93217693e-03 -1.83802703e-03 3.46063649e-03
39200 3.92000000e+03 2.80851056e-03 -1.69027096e-03 3.27791816e-03
39300 3.93000000e+03 2.82050250e-03 -1.59733009e-03 3.24140367e-03
39400 3.94000000e+03 2.74029025e-03 -1.65228371e-03 3.19988001e-03
39500 3.95000000e+03 2.74268491e-03 -1.76590739e-03 3.26201616e-03
39600 3.96000000e+03 2.80840066e-03 -1.74404564e-03 3.30587500e-03
39700 3.97000000e+03 2.80138385e-03 -1.67020340e-03 3.26149212e-03
39800 3.98000000e+03 3.00371926e-03 -1.67769252e-03 3.44049148e-03
39900 3.99000000e+03 3.00535560e-03 -1.66266086e-03 3.43461838e-03
40000 4.00000000e+03 3.21944896e-03 -1.81031262e-03 3.69351911e-03
40100 4.01000000e+03 3.17122694e-03 -1.86108949e-03 3.67700074e-03
40200 4.02000000e+03 3.08580650e-03 -1.64690916e-03 3.49778666e-03
40300 4.03000000e+03 3.13974125e-03 -1.72097643e-03 3.58046575e-03
40400 4.04000000e+03 3.14284652e-03 -1.59642694e-03 3.52506215e-03
40500 4.05000000e+03 3.10916128e-03 -1.72514829e-03 3.55570253e-03
40600 4.06000000e+03 3.13435472e-03 -1.61890744e-03 3.52775294e-03
40700 4.07000000e+03 3.02581978e-03 -1.38352788e-03 3.32712109e-03
40800 4.08000000e+03 3.02953483e-03 -1.69221824e-03 3.47011294e-03
40900 4.09000000e+03 2.91163824e-03 -1.69311534e-03 3.36812659e-03
41000 4.10000000e+03 2.86631519e-03 -1.54132885e-03 3.25445193e-03
41100 4.11000000e+03 2.88483431e-03 -1.60135911e-03 3.29948783e-03
41200 4.12000000e+03 2.85556307e-03 -1.41912629e-03 3.18875522e-03
41300 4.13000000e+03 2.95864022e-03 -1.51854288e-03 3.32558633e-03
41400 4.14000000e+03 2.83842161e-03 -1.51226763e-03 3.21614531e-03
41500 4.15000000e+03 2.92333448e-03 -1.44191750e-03 3.25960282e-03
41600 4.16000000e+03 2.97759683e-03 -1.28525612e-03 3.24314140e-03
41700 4.17000000e+03 2.90506938e-03 -1.24514033e-03 3.16066489e-03
41800 4.18000000e+03 3.00796796e-03 -1.25582318e-03 3.25959554e-03
41900 4.19000000e+03 2.92711426e-03 -1.39260781e-03 3.24150496e-03
42000 4.20000000e+03 2.81277299e-03 -1.25088054e-03 3.07837522e-03
42100 4.21000000e+03 2.98830867e-03 -1.36898528e-03 3.28696051e-03
42200 4.22000000e+03 3.03432439e-03 -1.71512959e-03 3.48551201e-03
42300 4.23000000e+03 2.91994913e-03 -1.69346621e-03 3.37548970e-03
42400 4.24000000e+03 2.96259625e-03 -1.68259267e-03 3.40706540e-03
42500 4.25000000e+03 3.00360844e-03 -2.14098906e-03 3.68856311e-03
42600 4.26000000e+03 2.92898342e-03 -2.09752680e-03 3.60257721e-03
42700 4.27000000e+03 3.03164124e-03 -2.19191820e-03 3.74103649e-03
42800 4.28000000e+03 2.92541040e-03 -1.93107827e-03 3.50529446e-03
42900 4.29000000e+03 2.79482827e-03 -1.78678834e-03 3.31717917e-03
43000 4.30000000e+03 2.87410244e-03 -1.86366064e-03 3.42544827e-03
43100 4.31000000e+03 2.86102295e-03 -1.70612289e-03 3.33111207e-03
43200 4.32000000e+03 2.80138175e-03 -1.73518993e-03 3.29524260e-03
43300 4.33000000e+03 2.76589068e-03 -1.57725473e-03 3.18400435e-03
43400 4.34000000e+03 2.86751008e-03 -1.61132030e-03 3.28921984e-03
43500 4.35000000e+03 2.75454274e-03 -1.62146159e-03 3.19634845e-03
43600 4.36000000e+03 2.75691180e-03 -1.53382262e-03 3.15486521e-03
43700 4.37000000e+03 2.70462781e-03 -1.64951407e-03 3.16795017e-03
43800 4.38000000e+03 2.84856837e-03 -1.58542639e-03 3.26004887e-03
43900 4.39000000e+03 3.02384002e-03 -1.89594098e-03 3.56906160e-03
44000 4.40000000e+03 3.18769226e-03 -2.06899620e-03 3.80027988e-03
44100 4.41000000e+03 3.17877554e-03 -1.91264879e-03 3.70983010e-03
44200 4.42000000e+03 3.13483085e-03 -1.94577337e-03 3.68960682e-03
44300 4.43000000e+03 3.14596295e-03 -1.92693807e-03 3.68919683e-03
44400 4.44000000e+03 3.07678408e-03 -1.95536274e-03 3.64555122e-03
44500 4.45000000e+03 3.00276303e-03 -1.84822327e-03 3.52597718e-03
44600 4.46000000e+03 3.02334409e-03 -1.77635089e-03 3.50656983e-03
44700 4.47000000e+03 3.08899721e-03 -1.69365620e-03 3.52283623e-03
44800 4.48000000e+03 2.99492315e-03 -1.62953476e-03 3.40953783e-03
44900 4.49000000e+03 3.09391739e-03 -1.82387244e-03 3.59149488e-03
45000 4.50000000e+03 3.00000561e-03 -1.67439634e-03 3.43564212e-03
45100 4.51000000e+03 2.98084691e-03 -1.63128343e-03 3.39801912e-03
45200 4.52000000e+03 2.90756696e-03 -1.51943648e-03 3.28064519e-03
45300 4.53000000e+03 2.94886180e-03 -1.66129833e-03 3.38462673e-03
45400 4.54000000e+03 2.97142495e-03 -1.61950279e-03 3.38410336e-03
45500 4.55000000e+03 2.99553946e-03 -1.71340175e-03 3.45094222e-03
45600 4.56000000e+03 3.00343195e-03 -1.88345590e-03 3.54513887e-03
45700 4.57000000e+03 3.04471236e-03 -1.87563780e-03 3.57607194e-03
45800 4.58000000e+03 3.06574535e-03 -1.82961102e-03 3.57019201e-03
45900 4.59000000e+03 2.96573946e-03 -1.65705930e-03 3.39727186e-03
46000 4.60000000e+03 2.88650673e-03 -1.51083188e-03 3.25799540e-03
46100 4.61000000e+03 2.81437184e-03 -1.55923737e-03 3.21743842e-03
46200 4.62000000e+03 2.74447026e-03 -1.50634744e-03 3.13068676e-03
46300 4.63000000e+03 2.69155507e-03 -1.45765115e-03 3.06091744e-03
46400 4.64000000e+03 2.71270447e-03 -1.23281404e-03 2.97969731e-03
46500 4.65000000e+03 2.66833371e-03 -1.30521553e-03 2.97045322e-03
46600 4.66000000e+03 2.54854863e-03 -1.20258890e-03 2.81803481e-03
46700 4.67000000e+03 2.83262506e-03 -1.37964170e-03 3.15074213e-03
46800 4.68000000e+03 2.80862604e-03 -1.44100224e-03 3.15671787e-03
46900 4.69000000e+03 2.65315874e-03 -1.42310641e-03 3.01072801e-03
47000 4.70000000e+03 2.68330239e-03 -1.26061239e-03 2.96466782e-03
47100 4.71000000e+03 2.69358768e-03 -1.24235055e-03 2.96628547e-03
47200 4.72000000e+03 2.57597351e-03 -1.27250655e-03 2.87313635e-03
47300 4.73000000e+03 2.59210891e-03 -1.15486560e-03 2.83773557e-03
47400 4.74000000e+03 2.60603242e-03 -1.22429186e-03 2.87928733e-03
47500 4.75000000e+03 2.48478493e-03 -1.08745473e-03 2.71232629e-03
47600 4.76000000e+03 2.46044178e-03 -1.01948273e-03 2.66329098e-03
47700 4.77000000e+03 2.43505929e-03 -9.12370160e-04 2.60037171e-03
47800 4.78000000e+03 2.50131451e-03 -1.03714294e-03 2.70781087e-03
47900 4.79000000e+03 2.48261751e-03 -1.13948621e-03 2.73163294e-03
48000 4.80000000e+03 2.54229410e-03 -1.11752888e-03 2.77707221e-03
48100 4.81000000e+03 2.54547037e-03 -1.27901323e-03 2.84873555e-03
48200 4.82000000e+03 2.75849737e-03 -1.26995973e-03 3.03679197e-03
48300 4.83000000e+03 2.83497223e-03 -1.28530129e-03 3.11272661e-03
48400 4.84000000e+03 2.86462763e-03 -1.26439764e-03 3.13126059e-03
48500 4.85000000e+03 2.89725745e-03 -1.32613990e-03 3.18633767e-03
48600 4.86000000e+03 2.87334039e-03 -1.28618313e-03 3.14807116e-03
48700 4.87000000e+03 3.02231545e-03 -1.35614956e-03 3.31263223e-03
48800 4.88000000e+03 3.05250380e-03 -1.66903599e-03 3.47900282e-03
48900 4.89000000e+03 3.02619394e-03 -1.43459928e-03 3.34901849e-03
49000 4.90000000e+03 3.14096850e-03 -1.58630754e-03 3.51881440e-03
49100 4.91000000e+03 3.15551227e-03 -1.59470935e-03 3.53558419e-03
49200 4.92000000e+03 3.03541822e-03 -1.35846098e-03 3.32553455e-03
49300 4.93000000e+03 3.05398228e-03 -1.25383539e-03 3.30134987e-03
49400 4.94000000e+03 2.92076846e-03 -1.13002793e-03 3.13174895e-03
49500 4.95000000e+03 2.91210879e-03 -1.08635798e-03 3.10814273e-03
49600 4.96000000e+03 2.99052289e-03 -1.29453198e-03 3.25868688e-03
49700 4.97000000e+03 2.99760164e-03 -1.35692232e-03 3.29041848e-03
49800 4.98000000e+03 3.04410979e-03 -1.42554147e-03 3.36136474e-03
49900 4.99000000e+03 2.92260293e-03 -1.28886686e-03 3.19417997e-03
50000 5.00000000e+03 2.92845373e-03 -1.38661941e-03 3.24014732e-03
50100 5.01000000e+03 2.93960515e-03 -1.37801387e-03 3.24656752e-03
50200 5.02000000e+03 3.16641107e-03 -1.43422454e-03 3.47608388e-03
50300 5.03000000e+03 3.13377962e-03 -1.62071036e-03 3.52806984e-03
50400 5.04000000e+03 3.07554845e-03 -1.38360879e-03 3.37244296e-03
50500 5.05000000e+03 3.12207267e-03 -1.48428651e-03 3.45694145e-03
50600 5.06000000e+03 3.07629304e-03 -1.39866327e-03 3.37932505e-03
50700 5.07000000e+03 3.00579192e-03 -1.47255266e-03 3.34711763e-03
50800 5.08000000e+03 3.07066017e-03 -1.40765449e-03 3.37793503e-03
50900 5.09000000e+03 2.83143413e-03 -1.35287456e-03 3.13803901e-03
51000 5.10000000e+03 2.84263282e-03 -1.54339510e-03 3.23459886e-03
51100 5.11000000e+03 2.89298873e-03 -1.63935032e-03 3.32518470e-03
51200 5.12000000e+03 2.93891761e-03 -1.39407453e-03 3.25279579e-03
51300 5.13000000e+03 2.91552860e-03 -1.32971618e-03 3.20444256e-03
51400 5.14000000e+03 2.79535726e-03 -1.34923903e-03 3.10394397e-03
51500 5.15000000e+03 2.71251122e-03 -1.32019608e-03 3.01672585e-03
51600 5.16000000e+03 2.76390533e-03 -1.25132408e-03 3.03397176e-03
51700 5.17000000e+03 2.98110722e-03 -1.49970618e-03 3.33708239e-03
51800 5.18000000e+03 2.83451285e-03 -1.34669361e-03 3.13815978e-03
51900 5.19000000e+03 2.81582098e-03 -1.37127668e-03 3.13197182e-03
52000 5.20000000e+03 3.02962447e-03 -1.59402261e-03 3.42338027e-03
52100 5.21000000e+03 3.07230279e-03 -1.46971236e-03 3.40574497e-03
52200 5.22000000e+03 3.03614978e-03 -1.41365838e-03 3.34912458e-03
52300 5.23000000e+03 3.03555070e-03 -1.67458947e-03 3.46681669e-03
52400 5.24000000e+03 3.15403100e-03 -1.89784716e-03 3.68099652e-03
52500 5.25000000e+03 3.07938154e-03 -1.82135066e-03 3.57769603e-03
52600 5.26000000e+03 3.00216302e-03 -1.83917000e-03 3.52072849e-03
52700 5.27000000e+03 2.91739590e-03 -1.69109344e-03 3.37209073e-03
52800 5.28000000e+03 2.98751588e-03 -1.67552405e-03 3.42529298e-03
52900 5.29000000e+03 2.89605046e-03 -1.54198171e-03 3.28097788e-03
53000 5.30000000e+03 2.87203304e-03 -1.60868070e-03 3.29187293e-03
53100 5.31000000e+03 2.77621020e-03 -1.55349320e-03 3.18130228e-03
53200 5.32000000e+03 2.76028668e-03 -1.51010044e-03 3.14636073e-03
53300 5.33000000e+03 2.86267581e-03 -1.43472117e-03 3.20208333e-03
53400 5.34000000e+03 2.89401156e-03 -1.33356487e-03 3.18648681e-03
53500 5.35000000e+03 3.04628885e-03 -1.45156786e-03 3.37445181e-03
53600 5.36000000e+03 2.98443926e-03 -1.49279286e-03 3.33696092e-03
53700 5.37000000e+03 2.87164957e-03 -1.40870363e-03 3.19856486e-03
53800 5.38000000e+03 2.93214573e-03 -1.39150093e-03 3.24557443e-03
53900 5.39000000e+03 3.03544174e-03 -1.42029184e-03 3.35128863e-03
54000 5.40000000e+03 2.97444873e-03 -1.47425616e-03 3.31975548e-03
54100 5.41000000e+03 3.21088638e-03 -1.84764399e-03 3.70453501e-03
54200 5.42000000e+03 3.15713859e-03 -1.73100992e-03 3.60054432e-03
54300 5.43000000e+03 3.02872877e-03 -1.62606267e-03 3.43762676e-03
54400 5.44000000e+03 3.06775281e-03 -1.57005910e-03 3.44618527e-03
54500 5.45000000e+03 3.20133008e-03 -1.74005970e-03 3.64366876e-03
54600 5.46000000e+03 3.24271852e-03 -2.22080946e-03 3.93029491e-03
54700 5.47000000e+03 3.21272481e-03 -2.22404976e-03 3.90742858e-03
54800 5.48000000e+03 3.21184215e-03 -2.12395191e-03 3.85059758e-03
54900 5.49000000e+03 3.16700037e-03 -1.98788242e-03 3.73919348e-03
55000 5.50000000e+03 3.05164559e-03 -1.73196418e-03 3.50888026e-03
55100 5.51000000e+03 3.03482241e-03 -1.74804765e-03 3.50225894e-03
55200 5.52000000e+03 2.99360370e-03 -1.69800688e-03 3.44164067e-03
55300 5.53000000e+03 2.90945428e-03 -1.50200899e-03 3.27428698e-03
55400 5.54000000e+03 2.98054167e-03 -1.48082268e-03 3.32813228e-03
55500 5.55000000e+03 3.05800326e-03 -1.46375294e-03 3.39027383e-03
55600 5.56000000e+03 3.08910804e-03 -1.44627574e-03 3.41090926e-03
55700 5.57000000e+03 3.02638533e-03 -1.54026225e-03 3.39579386e-03
55800 5.58000000e+03 3.11293267e-03 -1.55985542e-03 3.48188149e-03
55900 5.59000000e+03 2.95836618e-03 -1.40482723e-03 3.27497634e-03
56000 5.60000000e+03 3.10730515e-03 -1.53071666e-03 3.46387627e-03
56100 5.61000000e+03 3.19010695e-03 -1.63761037e-03 3.58588205e-03
56200 5.62000000e+03 3.35428817e-03 -1.80191500e-03 3.80764321e-03
56300 5.63000000e+03 3.30922380e-03 -1.69803342e-03 3.71944615e-03
56400 5.64000000e+03 3.16696311e-03 -1.64243649e-03 3.56752757e-03
56500 5.65000000e+03 3.17406771e-03 -1.52701174e-03 3.52228203e-03
56600 5.66000000e+03 3.03019816e-03 -1.32827763e-03 3.30853780e-03
56700 5.67000000e+03 2.90470873e-03 -1.28420687e-03 3.17592822e-03
56800 5.68000000e+03 2.90640630e-03 -1.14910922e-03 3.12532391e-03
56900 5.69000000e+03 2.96698976e-03 -1.50257582e-03 3.32577244e-03
57000 5.70000000e+03 2.83956900e-03 -1.34595251e-03 3.14240995e-03
57100 5.71000000e+03 2.90333154e-03 -1.30541972e-03 3.18330876e-03
57200 5.72000000e+03 2.84323818e-03 -1.21710647e-03 3.09279025e-03
57300 5.73000000e+03 2.81805312e-03 -1.19818153e-03 3.06219895e-03
57400 5.74000000e+03 2.90370919e-03 -1.30715768e-03 3.18436623e-03
57500 5.75000000e+03 2.84373527e-03 -1.40758243e-03 3.17302988e-03
57600 5.76000000e+03 2.83543253e-03 -1.52012240e-03 3.21721149e-03
57700 5.77000000e+03 2.76854890e-03 -1.68105983e-03 3.23895434e-03
57800 5.78000000e+03 2.68070353e-03 -1.50150736e-03 3.07257152e-03
57900 5.79000000e+03 2.60408083e-03 -1.37152663e-03 2.94318233e-03
58000 5.80000000e+03 2.70116725e-03 -1.36391458e-03 3.02598207e-03
58100 5.81000000e+03 2.69513158e-03 -1.48793776e-03 3.07858620e-03
58200 5.82000000e+03 2.82191485e-03 -1.61974225e-03 3.25373146e-03
58300 5.83000000e+03 2.75247986e-03 -1.56286207e-03 3.16523037e-03
58400 5.84000000e+03 2.72582355e-03 -1.46526913e-03 3.09469347e-03
58500 5.85000000e+03 2.81935325e-03 -1.66463025e-03 3.27410242e-03
58600 5.86000000e+03 2.85801571e-03 -1.51348580e-03 3.23402119e-03
58700 5.87000000e+03 2.83772545e-03 -1.57671282e-03 3.24633779e-03
58800 5.88000000e+03 2.69935257e-03 -1.66445761e-03 3.17126527e-03
58900 5.89000000e+03 2.63150968e-03 -1.49731152e-03 3.02766989e-03
59000 5.90000000e+03 2.65685446e-03 -1.58008584e-03 3.09120476e-03
59100 5.91000000e+03 2.63263634e-03 -1.47834793e-03 3.01931892e-03
59200 5.92000000e+03 2.53797788e-03 -1.33444334e-03 2.86741534e-03
59300 5.93000000e+03 2.61048926e-03 -1.36333494e-03 2.94505286e-03
59400 5.94000000e+03 2.53870734e-03 -1.44462986e-03 2.92095710e-03
59500 5.95000000e+03 2.41497136e-03 -1.48989109e-03 2.83758033e-03
59600 5.96000000e+03 2.38880818e-03 -1.61026244e-03 2.88085918e-03
59700 5.97000000e+03 2.31075194e-03 -1.41559867e-03 2.70988821e-03
59800 5.98000000e+03 2.41292641e-03 -1.56264426e-03 2.87472971e-03
59900 5.99000000e+03 2.39139306e-03 -1.55283941e-03 2.85132794e-03
60000 6.00000000e+03 2.44762190e-03 -1.63096376e-03 2.94124051e-03
60100 6.01000000e+03 2.37459177e-03 -1.67118164e-03 2.90371041e-03
60200 6.02000000e+03 2.38941750e-03 -1.72748859e-03 2.94847974e-03
60300 6.03000000e+03 2.35422002e-03 -1.56494824e-03 2.82690907e-03
60400 6.04000000e+03 2.35356996e-03 -1.52641756e-03 2.80521695e-03
60500 6.05000000e+03 2.49652239e-03 -1.82160852e-03 3.09045007e-03
60600 6.06000000e+03 2.56879325e-03 -1.76596094e-03 3.11726111e-03
60700 6.07000000e+03 2.82380660e-03 -1.68354763e-03 3.28758518e-03
60800 6.08000000e+03 2.77872081e-03 -1.69339566e-03 3.25405566e-03
60900 6.09000000e+03 2.84134690e-03 -1.74899050e-03 3.33649816e-03
61000 6.10000000e+03 2.85624037e-03 -1.65061373e-03 3.29888387e-03
61100 6.11000000e+03 2.86869099e-03 -1.81349088e-03 3.39383812e-03
61200 6.12000000e+03 2.93723075e-03 -1.77570095e-03 3.43226431e-03
61300 6.13000000e+03 2.90547591e-03 -1.70566281e-03 3.36913578e-03
61400 6.14000000e+03 2.93845125e-03 -1.58206956e-03 3.33728030e-03
61500 6.15000000e+03 2.87424005e-03 -1.59442297e-03 3.28685875e-03
61600 6.16000000e+03 2.80991546e-03 -1.53009361e-03 3.19950173e-03
61700 6.17000000e+03 2.79487576e-03 -1.45875663e-03 3.15266576e-03
61800 6.18000000e+03 2.81761074e-03 -1.57486193e-03 3.22786623e-03
61900 6.19000000e+03 2.87280162e-03 -1.51789200e-03 3.24915147e-03
62000 6.20000000e+03 2.75848107e-03 -1.39408011e-03 3.09074056e-03
62100 6.21000000e+03 2.75917002e-03 -1.42085121e-03 3.10352016e-03
62200 6.22000000e+03 2.72946339e-03 -1.33746327e-03 3.03953589e-03
62300 6.23000000e+03 2.87046051e-03 -1.14215212e-03 3.08934540e-03
62400 6.24000000e+03 2.90437322e-03 -1.35310937e-03 3.20410499e-03
62500 6.25000000e+03 3.03105009e-03 -1.45494263e-03 3.36216042e-03
62600 6.26000000e+03 3.23500950e-03 -1.56754011e-03 3.59478351e-03
62700 6.27000000e+03 3.28465085e-03 -1.31395494e-03 3.53771237e-03
62800 6.28000000e+03 3.06615909e-03 -1.26624817e-03 3.31733568e-03
62900 6.29000000e+03 2.99253967e-03 -1.30700017e-03 3.26550809e-03
63000 6.30000000e+03 2.94683012e-03 -1.31171104e-03 3.22558423e-03
63100 6.31000000e+03 2.87888502e-03 -1.40171708e-03 3.20199777e-03
63200 6.32000000e+03 2.73131230e-03 -1.35506177e-03 3.04897676e-03
63300 6.33000000e+03 2.87503097e-03 -1.43210078e-03 3.21196447e-03
63400 6.34000000e+03 2.80409399e-03 -1.32887368e-03 3.10303857e-03
63500 6.35000000e+03 2.77051562e-03 -1.26097468e-03 3.04397995e-03
63600 6.36000000e+03 2.70930212e-03 -1.33228605e-03 3.01915619e-03
63700 6.37000000e+03 2.71996460e-03 -1.43317878e-03 3.07444448e-03
63800 6.38000000e+03 2.74737668e-03 -1.54027785e-03 3.14968800e-03
63900 6.39000000e+03 2.78882938e-03 -1.64330716e-03 3.23697818e-03
64000 6.40000000e+03 2.84688734e-03 -1.58439763e-03 3.25807970e-03
64100 6.41000000e+03 2.84124655e-03 -1.64781476e-03 3.28450535e-03
64200 6.42000000e+03 2.86771357e-03 -1.55744608e-03 3.26334482e-03
64300 6.43000000e+03 2.88810115e-03 -1.39847945e-03 3.20887411e-03
64400 6.44000000e+03 3.03074694e-03 -1.43948849e-03 3.35522788e-03
64500 6.45000000e+03 2.91548111e-03 -1.42274122e-03 3.24410583e-03
64600 6.46000000e+03 3.01731355e-03 -1.47909240e-03 3.36034156e-03
64700 6.47000000e+03 3.04879551e-03 -1.55036757e-03 3.42034993e-03
64800 6.48000000e+03 3.07087996e-03 -1.46898488e-03 3.40414751e-03
64900 6.49000000e+03 2.99189403e-03 -1.43812539e-03 3.31958348e-03
65000 6.50000000e+03 2.92939786e-03 -1.56256743e-03 3.32008867e-03
65100 6.51000000e+03 2.95052864e-03 -1.62094797e-03 3.36646573e-03
65200 6.52000000e+03 2.99304305e-03 -1.66268507e-03 3.42386161e-03
65300 6.53000000e+03 2.93621700e-03 -1.53601274e-03 3.31371475e-03
65400 6.54000000e+03 2.90415483e-03 -1.55461673e-03 3.29407778e-03
65500 6.55000000e+03 2.86758738e-03 -1.65090524e-03 3.30885863e-03
65600 6.56000000e+03 2.84334784e-03 -1.66837103e-03 3.29667846e-03
65700 6.57000000e+03 2.76975916e-03 -1.59537524e-03 3.19637106e-03
65800 6.58000000e+03 2.79745855e-03 -1.51692494e-03 3.18226894e-03
65900 6.59000000e+03 2.98000081e-03 -1.55500323e-03 3.36131519e-03
66000 6.60000000e+03 2.89024739e-03 -1.41149072e-03 3.21649437e-03
66100 6.61000000e+03 2.82948138e-03 -1.27097277e-03 3.10182796e-03
66200 6.62000000e+03 2.81244144e-03 -1.12896191e-03 3.03057451e-03
66300 6.63000000e+03 2.89406115e-03 -1.12311926e-03 3.10434966e-03
66400 6.64000000e+03 2.86903325e-03 -1.22799107e-03 3.12078738e-03
66500 6.65000000e+03 3.06501798e-03 -1.53129478e-03 3.42625144e-03
66600 6.66000000e+03 3.05501232e-03 -1.56947260e-03 3.43458069e-03
66700 6.67000000e+03 3.17830360e-03 -1.68533716e-03 3.59749567e-03
66800 6.68000000e+03 3.28460312e-03 -1.74385193e-03 3.71882202e-03
66900 6.69000000e+03 3.22774169e-03 -1.62460096e-03 3.61353632e-03
67000 6.70000000e+03 3.13220732e-03 -1.64035521e-03 3.53574432e-03
67100 6.71000000e+03 3.11538810e-03 -1.62048242e-03 3.51163869e-03
67200 6.72000000e+03 3.12365778e-03 -1.56836573e-03 3.49528382e-03
67300 6.73000000e+03 3.17546353e-03 -1.77119323e-03 3.63602724e-03
67400 6.74000000e+03 3.10439942e-03 -1.72217854e-03 3.55009784e-03
67500 6.75000000e+03 3.04883043e-03 -1.63366797e-03 3.45893597e-03
67600 6.76000000e+03 3.13649536e-03 -1.58652337e-03 3.51491957e-03
67700 6.77000000e+03 3.01071093e-03 -1.36376149e-03 3.30518165e-03
67800 6.78000000e+03 2.99944682e-03 -1.25629944e-03 3.25191782e-03
67900 6.79000000e+03 3.14560975e-03 -1.43352465e-03 3.45685603e-03
68000 6.80000000e+03 3.19683016e-03 -1.63762982e-03 3.59187340e-03
68100 6.81000000e+03 3.21727991e-03 -1.76162436e-03 3.66799815e-03
68200 6.82000000e+03 3.13852634e-03 -1.61144335e-03 3.52804440e-03
68300 6.83000000e+03 3.48230754e-03 -1.74121535e-03 3.89336573e-03
68400 6.84000000e+03 3.32780718e-03 -1.71113317e-03 3.74196170e-03
68500 6.85000000e+03 3.20258201e-03 -1.62198569e-03 3.58989820e-03
68600 6.86000000e+03 3.28624249e-03 -1.82142784e-03 3.75725818e-03
68700 6.87000000e+03 3.16243339e-03 -1.57128123e-03 3.53127593e-03
68800 6.88000000e+03 3.17902234e-03 -1.55578158e-03 3.53929928e-03
68900 6.89000000e+03 3.08662956e-03 -1.63594424e-03 3.49336451e-03
69000 6.90000000e+03 3.03442497e-03 -1.50321715e-03 3.38635448e-03
69100 6.91000000e+03 2.97973305e-03 -1.41048327e-03 3.29670625e-03
69200 6.92000000e+03 2.76550348e-03 -1.39733334e-03 3.09847542e-03
69300 6.93000000e+03 2.75533227e-03 -1.27007882e-03 3.03396706e-03
69400 6.94000000e+03 2.69706477e-03 -1.14501989e-03 2.93005614e-03
69500 6.95000000e+03 2.75228987e-03 -1.34447194e-03 3.06312003e-03
69600 6.96000000e+03 2.62734946e-03 -1.48649432e-03 3.01871339e-03
69700 6.97000000e+03 2.64675426e-03 -1.60338881e-03 3.09453774e-03
69800 6.98000000e+03 2.56510149e-03 -1.60005176e-03 3.02322862e-03
69900 6.99000000e+03 2.47981749e-03 -1.56064611e-03 2.93003601e-03
70000 7.00000000e+03 2.43712706e-03 -1.43195712e-03 2.82667463e-03
70100 7.01000000e+03 2.36961176e-03 -1.32670742e-03 2.71573424e-03
70200 7.02000000e+03 2.56156828e-03 -1.48859934e-03 2.96269473e-03
70300 7.03000000e+03 2.61438824e-03 -1.70789042e-03 3.12280572e-03
70400 7.04000000e+03 2.61965813e-03 -1.65719830e-03 3.09982498e-03
70500 7.05000000e+03 2.64532911e-03 -1.84982107e-03 3.22794115e-03
70600 7.06000000e+03 2.67551094e-03 -1.74245925e-03 3.19288632e-03
70700 7.07000000e+03 2.59253359e-03 -1.50870881e-03 2.99957209e-03
70800 7.08000000e+03 2.54418189e-03 -1.46219111e-03 2.93442743e-03
70900 7.09000000e+03 2.55352352e-03 -1.51469419e-03 2.96896966e-03
71000 7.10000000e+03 2.50717718e-03 -1.35184487e-03 2.84840692e-03
71100 7.11000000e+03 2.42426689e-03 -1.24089757e-03 2.72339801e-03
71200 7.12000000e+03 2.39247968e-03 -1.18602067e-03 2.67031910e-03
71300 7.13000000e+03 2.32012849e-03 -1.29838591e-03 2.65872191e-03
71400 7.14000000e+03 2.30184291e-03 -1.26175769e-03 2.62497871e-03
71500 7.15000000e+03 2.27059843e-03 -1.22508046e-03 2.58000763e-03
71600 7.16000000e+03 2.47237994e-03 -1.34593749e-03 2.81499739e-03
71700 7.17000000e+03 2.35903449e-03 -1.14724459e-03 2.62320680e-03
71800 7.18000000e+03 2.30460288e-03 -1.04715279e-03 2.53134814e-03
71900 7.19000000e+03 2.30644480e-03 -9.98821342e-04 2.51343027e-03
72000 7.20000000e+03 2.17936770e-03 -9.03190929e-04 2.35910946e-03
72100 7.21000000e+03 2.22747191e-03 -1.36806071e-03 2.61404308e-03
72200 7.22000000e+03 2.24590651e-03 -1.23936508e-03 2.56517482e-03
72300 7.23000000e+03 2.50048004e-03 -1.40004233e-03 2.86574928e-03
72400 7.24000000e+03 2.49404553e-03 -1.34350010e-03 2.83288822e-03
72500 7.25000000e+03 2.49598850e-03 -1.40899257e-03 2.86622028e-03
72600 7.26000000e+03 2.45871162e-03 -1.46383129e-03 2.86147949e-03
72700 7.27000000e+03 2.41329335e-03 -1.29900558e-03 2.74069339e-03
72800 7.28000000e+03 2.48707389e-03 -1.24920090e-03 2.78317074e-03
72900 7.29000000e+03 2.40721018e-03 -1.24861277e-03 2.71176966e-03
73000 7.30000000e+03 2.46525463e-03 -1.18493766e-03 2.73524362e-03
73100 7.31000000e+03 2.61688395e-03 -1.36495871e-03 2.95147317e-03
73200 7.32000000e+03 2.64943275e-03 -1.44427561e-03 3.01751983e-03
73300 7.33000000e+03 2.78355624e-03 -1.46518112e-03 3.14562252e-03
73400 7.34000000e+03 2.80517503e-03 -1.44321634e-03 3.15466010e-03
73500 7.35000000e+03 2.85264500e-03 -1.44566083e-03 3.19804921e-03
73600 7.36000000e+03 2.96135875e-03 -1.62618747e-03 3.37848063e-03
73700 7.37000000e+03 2.90052686e-03 -1.68934325e-03 3.35662579e-03
73800 7.38000000e+03 3.08829546e-03 -1.75005011e-03 3.54968227e-03
73900 7.39000000e+03 2.83294683e-03 -1.71277265e-03 3.31046491e-03
74000 7.40000000e+03 2.77821138e-03 -1.50364358e-03 3.15901922e-03
74100 7.41000000e+03 2.81572854e-03 -1.38394965e-03 3.13745818e-03
74200 7.42000000e+03 3.00883316e-03 -1.32515770e-03 3.28772260e-03
74300 7.43000000e+03 3.03109619e-03 -1.26326527e-03 3.28380621e-03
74400 7.44000000e+03 2.96845520e-03 -1.11225573e-03 3.16999039e-03
74500 7.45000000e+03 2.87270872e-03 -1.14659744e-03 3.09307954e-03
74600 7.46000000e+03 2.77337688e-03 -1.11010228e-03 2.98729751e-03
74700 7.47000000e+03 2.81282491e-03 -1.22802681e-03 3.06920736e-03
74800 7.48000000e+03 2.92118732e-03 -1.25039555e-03 3.17755006e-03
74900 7.49000000e+03 2.87272152e-03 -1.28460431e-03 3.14686148e-03
75000 7.50000000e+03 2.82992679e-03 -1.55526469e-03 3.22913826e-03
75100 7.51000000e+03 2.87659513e-03 -1.65911159e-03 3.32076057e-03
75200 7.52000000e+03 2.81572388e-03 -1.48590235e-03 3.18374101e-03
75300 7.53000000e+03 2.98446650e-03 -1.48139172e-03 3.33190061e-03
75400 7.54000000e+03 2.78079533e-03 -1.37625297e-03 3.10272379e-03
75500 7.55000000e+03 2.72395671e-03 -1.24053238e-03 2.99313561e-03
75600 7.56000000e+03 2.60965107e-03 -1.20479288e-03 2.87433550e-03
75700 7.57000000e+03 2.58130860e-03 -1.07149710e-03 2.79486316e-03
75800 7.58000000e+03 2.46925000e-03 -9.87276901e-04 2.65930653e-03
75900 7.59000000e+03 2.53490638e-03 -1.06803211e-03 2.75071681e-03
76000 7.60000000e+03 2.39171460e-03 -1.02305575e-03 2.60133462e-03
76100 7.61000000e+03 2.37247325e-03 -1.10971951e-03 2.61918054e-03
76200 7.62000000e+03 2.48730672e-03 -1.25250081e-03 2.78486139e-03
76300 7.63000000e+03 2.47752573e-03 -1.27028069e-03 2.78419589e-03
76400 7.64000000e+03 2.73914309e-03 -1.71345077e-03 3.23091603e-03
76500 7.65000000e+03 2.76397774e-03 -1.73078431e-03 3.26116348e-03
76600 7.66000000e+03 2.75352178e-03 -1.59162073e-03 3.18043059e-03
76700 7.67000000e+03 2.97825085e-03 -1.66292873e-03 3.41105703e-03
76800 7.68000000e+03 2.87528522e-03 -1.64459459e-03 3.31239438e-03
76900 7.69000000e+03 2.87629711e-03 -1.67662767e-03 3.32928902e-03
77000 7.70000000e+03 2.86285626e-03 -1.57651154e-03 3.26823111e-03
77100 7.71000000e+03 2.83992826e-03 -1.57114526e-03 3.24556466e-03
77200 7.72000000e+03 2.93082860e-03 -1.62174110e-03 3.34959707e-03
77300 7.73000000e+03 2.91357958e-03 -1.66991341e-03 3.35820737e-03
77400 7.74000000e+03 2.94804946e-03 -1.80536357e-03 3.45692540e-03
77500 7.75000000e+03 2.92775990e-03 -1.67454348e-03 3.37281394e-03
77600 7.76000000e+03 3.06564011e-03 -1.76933629e-03 3.53959040e-03
77700 7.77000000e+03 3.19877802e-03 -1.77420001e-03 3.65786365e-03
77800 7.78000000e+03 3.31194489e-03 -1.75846345e-03 3.74982302e-03
77900 7.79000000e+03 3.31639382e-03 -1.86240044e-03 3.80355142e-03
78000 7.80000000e+03 3.33882263e-03 -1.67165743e-03 3.73392222e-03
78100 7.81000000e+03 3.23895598e-03 -1.60951982e-03 3.61682041e-03
78200 7.82000000e+03 3.13681690e-03 -1.46676926e-03 3.46280700e-03
78300 7.83000000e+03 3.33817373e-03 -1.66617928e-03 3.73089228e-03
78400 7.84000000e+03 3.26931197e-03 -1.58137700e-03 3.63168748e-03
78500 7.85000000e+03 3.18609644e-03 -1.44989847e-03 3.50048798e-03
78600 7.86000000e+03 3.18550039e-03 -1.52374955e-03 3.53117904e-03
78700 7.87000000e+03 3.22553306e-03 -1.43096724e-03 3.52870100e-03
78800 7.88000000e+03 3.24589945e-03 -1.40520907e-03 3.53701510e-03
78900 7.89000000e+03 3.16744717e-03 -1.29914959e-03 3.42352322e-03
79000 7.90000000e+03 3.12444614e-03 -1.36405532e-03 3.40922434e-03
79100 7.91000000e+03 3.21256579e-03 -1.55910233e-03 3.57090731e-03
79200 7.92000000e+03 3.18901311e-03 -1.43909687e-03 3.49868610e-03
79300 7.93000000e+03 3.03662289e-03 -1.36391458e-03 3.32886490e-03
79400 7.94000000e+03 2.98041268e-03 -1.44175440e-03 3.31081795e-03
79500 7.95000000e+03 2.98138103e-03 -1.55534688e-03 3.36269784e-03
79600 7.96000000e+03 3.03500285e-03 -1.77782611e-03 3.51737231e-03
79700 7.97000000e+03 2.98433751e-03 -1.81875913e-03 3.49487556e-03
79800 7.98000000e+03 3.06480564e-03 -1.87670661e-03 3.59375310e-03
79900 7.99000000e+03 3.01146670e-03 -1.71923533e-03 3.46766518e-03
80000 8.00000000e+03 2.94016046e-03 -1.73340703e-03 3.41309880e-03
80100 8.01000000e+03 2.89774197e-03 -1.57928548e-03 3.30015926e-03
80200 8.02000000e+03 2.80031865e-03 -1.38846785e-03 3.12564033e-03
80300 8.03000000e+03 2.86039291e-03 -1.32550998e-03 3.15259009e-03
80400 8.04000000e+03 2.85829464e-03 -1.28363038e-03 3.13329782e-03
80500 8.05000000e+03 2.89232470e-03 -1.60670141e-03 3.30862987e-03
80600 8.06000000e+03 3.21231177e-03 -1.88467314e-03 3.72437106e-03
80700 8.07000000e+03 3.08006839e-03 -1.85322692e-03 3.59461699e-03
80800 8.08000000e+03 3.02359741e-03 -1.85516500e-03 3.54736219e-03
80900 8.09000000e+03 3.06638842e-03 -1.88826583e-03 3.60115063e-03
81000 8.10000000e+03 3.03224521e-03 -1.87799451e-03 3.56670357e-03
81100 8.11000000e+03 2.95388862e-03 -1.77716499e-03 3.44728492e-03
81200 8.12000000e+03 2.88015325e-03 -1.80389662e-03 3.39842989e-03
81300 8.13000000e+03 2.77771172e-03 -1.99849717e-03 3.42194000e-03
81400 8.14000000e+03 2.92966585e-03 -1.98033522e-03 3.53619422e-03
81500 8.15000000e+03 2.88018235e-03 -1.93780195e-03 3.47138686e-03
81600 8.16000000e+03 2.85065570e-03 -1.81752071e-03 3.38077202e-03
81700 8.17000000e+03 2.74120038e-03 -1.63739722e-03 3.19300003e-03
81800 8.18000000e+03 2.60935444e-03 -1.48126064e-03 3.00047724e-03
81900 8.19000000e+03 2.55379174e-03 -1.36174820e-03 2.89416835e-03
82000 8.20000000e+03 2.54388759e-03 -1.48683577e-03 2.94653095e-03
82100 8.21000000e+03 2.49305787e-03 -1.52285420e-03 2.92137338e-03
82200 8.22000000e+03 2.53510894e-03 -1.42437674e-03 2.90785599e-03
82300 8.23000000e+03 2.47597438e-03 -1.32966309e-03 2.81041867e-03
82400 8.24000000e+03 2.48572789e-03 -1.52291148e-03 2.91515051e-03
82500 8.25000000e+03 2.41442490e-03 -1.32713339e-03 2.75512806e-03
82600 8.26000000e+03 2.44766334e-03 -1.39662647e-03 2.81808824e-03
82700 8.27000000e+03 2.50347471e-03 -1.48067181e-03 2.90856917e-03
82800 8.28000000e+03 2.67697312e-03 -1.57632667e-03 3.10660439e-03
82900 8.29000000e+03 2.59973714e-03 -1.43400778e-03 2.96900851e-03
83000 8.30000000e+03 2.59357924e-03 -1.42545637e-03 2.95948967e-03
83100 8.31000000e+03 2.62010656e-03 -1.63937057e-03 3.09071097e-03
83200 8.32000000e+03 2.60762661e-03 -1.62504462e-03 3.07253748e-03
83300 8.33000000e+03 2.61858036e-03 -1.65583275e-03 3.09818417e-03
83400 8.34000000e+03 2.41224631e-03 -1.55412918e-03 2.86953825e-03
83500 8.35000000e+03 2.50588264e-03 -1.54460955e-03 2.94368247e-03
83600 8.36000000e+03 2.42647226e-03 -1.46427623e-03 2.83405584e-03
83700 8.37000000e+03 2.40554078e-03 -1.33536384e-03 2.75133114e-03
83800 8.38000000e+03 2.32462515e-03 -1.32566353e-03 2.67605416e-03
83900 8.39000000e+03 2.37421156e-03 -1.31339405e-03 2.71327928e-03
84000 8.40000000e+03 2.27751513e-03 -1.23041298e-03 2.58862729e-03
84100 8.41000000e+03 2.19323300e-03 -1.07391924e-03 2.44204290e-03
84200 8.42000000e+03 2.13168515e-03 -1.10256032e-03 2.39994184e-03
84300 8.43000000e+03 2.07262859e-03 -1.11118308e-03 2.35170515e-03
84400 8.44000000e+03 2.44585774e-03 -1.28290232e-03 2.76189399e-03
84500 8.45000000e+03 2.42229272e-03 -1.16273225e-03 2.68690311e-03
84600 8.46000000e+03 2.35326961e-03 -1.09215290e-03 2.59435460e-03
84700 8.47000000e+03 2.32325913e-03 -1.02218054e-03 2.53818559e-03
84800 8.48000000e+03 2.51130038e-03 -1.44631148e-03 2.89800733e-03
84900 8.49000000e+03 2.64026690e-03 -1.79868843e-03 3.19472838e-03
85000 8.50000000e+03 2.58378871e-03 -1.56843825e-03 3.02257550e-03
85100 8.51000000e+03 2.66695186e-03 -1.53175462e-03 3.07553319e-03
85200 8.52000000e+03 2.86651147e-03 -1.76100049e-03 3.36422513e-03
85300 8.53000000e+03 2.90027726e-03 -1.64020725e-03 3.33194958e-03
85400 8.54000000e+03 2.92822183e-03 -1.87087513e-03 3.47486069e-03
85500 8.55000000e+03 2.96954741e-03 -1.75280718e-03 3.44826693e-03
85600 8.56000000e+03 2.88469973e-03 -1.55316130e-03 3.27624825e-03
85700 8.57000000e+03 2.87660398e-03 -1.71200489e-03 3.34750820e-03
85800 8.58000000e+03 2.83957226e-03 -1.82210037e-03 3.37390284e-03
85900 8.59000000e+03 2.90569756e-03 -1.55131985e-03 3.29388397e-03
86000 8.60000000e+03 2.83343950e-03 -1.51258463e-03 3.21189845e-03
86100 8.61000000e+03 3.05166841e-03 -1.71702716e-03 3.50155142e-03
86200 8.62000000e+03 2.98339524e-03 -1.55829778e-03 3.36584895e-03
86300 8.63000000e+03 2.97594210e-03 -1.56500959e-03 3.36236322e-03
86400 8.64000000e+03 3.02026933e-03 -1.71200093e-03 3.47173933e-03
86500 8.65000000e+03 2.99471337e-03 -1.61258015e-03 3.40128254e-03
86600 8.66000000e+03 2.86546722e-03 -1.48593367e-03 3.22783228e-03
86700 8.67000000e+03 2.73493514e-03 -1.24804338e-03 3.00624060e-03
86800 8.68000000e+03 2.72115972e-03 -1.24540809e-03 2.99261617e-03
86900 8.69000000e+03 2.71928031e-03 -1.20225199e-03 2.97319614e-03
87000 8.70000000e+03 2.56560580e-03 -1.09674025e-03 2.79019216e-03
87100 8.71000000e+03 2.54763011e-03 -9.67419764e-04 2.72512755e-03
87200 8.72000000e+03 2.56742095e-03 -8.94364086e-04 2.71873821e-03
87300 8.73000000e+03 2.50055688e-03 -1.06978393e-03 2.71978351e-03
87400 8.74000000e+03 2.48485059e-03 -9.05834022e-04 2.64480958e-03
87500 8.75000000e+03 2.37377058e-03 -8.32464197e-04 2.51550858e-03
87600 8.76000000e+03 2.41082115e-03 -8.03782954e-04 2.54128425e-03
87700 8.77000000e+03 2.48139049e-03 -9.33911069e-04 2.65131828e-03
87800 8.78000000e+03 2.55250232e-03 -1.08274410e-03 2.77265268e-03
87900 8.79000000e+03 2.53775669e-03 -1.04196207e-03 2.74333629e-03
88000 8.80000000e+03 2.58486951e-03 -9.72311886e-04 2.76169165e-03
88100 8.81000000e+03 2.58374889e-03 -8.72797449e-04 2.72718421e-03
88200 8.82000000e+03 2.59589846e-03 -9.87053849e-04 2.77722238e-03
88300 8.83000000e+03 2.43948866e-03 -9.16366116e-04 2.60592244e-03
88400 8.84000000e+03 2.59350613e-03 -1.03547424e-03 2.79257604e-03
88500 8.85000000e+03 2.51377560e-03 -9.82521102e-04 2.69896563e-03
88600 8.86000000e+03 2.49827234e-03 -1.04190153e-03 2.70682905e-03
88700 8.87000000e+03 2.57672765e-03 -1.02522830e-03 2.77319643e-03
88800 8.88000000e+03 2.66463263e-03 -9.72121314e-04 2.83642150e-03
88900 8.89000000e+03 2.79772328e-03 -1.18800148e-03 3.03950705e-03
89000 8.90000000e+03 2.88340147e-03 -1.15144020e-03 3.10480572e-03
89100 8.91000000e+03 2.90266913e-03 -1.19082234e-03 3.13744258e-03
89200 8.92000000e+03 2.97306431e-03 -1.22145202e-03 3.21419608e-03
89300 8.93000000e+03 3.00184847e-03 -1.11830793e-03 3.20338990e-03
89400 8.94000000e+03 3.02678952e-03 -9.79330041e-04 3.18127995e-03
89500 8.95000000e+03 3.05299507e-03 -1.09012041e-03 3.24178060e-03
89600 8.96000000e+03 3.11980816e-03 -1.33508712e-03 3.39347323e-03
89700 8.97000000e+03 3.00685177e-03 -1.27745140e-03 3.26696184e-03
89800 8.98000000e+03 2.95293308e-03 -1.47848972e-03 3.30238484e-03
89900 8.99000000e+03 2.84995162e-03 -1.38852710e-03 3.17021005e-03
90000 9.00000000e+03 2.96056131e-03 -1.56842452e-03 3.35035501e-03
90100 9.01000000e+03 3.00069642e-03 -1.50866667e-03 3.35860896e-03
90200 9.02000000e+03 2.88542942e-03 -1.61779777e-03 3.30801641e-03
90300 9.03000000e+03 2.90868501e-03 -1.51599944e-03 3.28004616e-03
90400 9.04000000e+03 3.10671772e-03 -1.72609964e-03 3.55402799e-03
90500 9.05000000e+03 3.10503622e-03 -1.55596016e-03 3.47307672e-03
90600 9.06000000e+03 3.07833008e-03 -1.51822309e-03 3.43236324e-03
90700 9.07000000e+03 3.19709047e-03 -1.61938788e-03 3.58382541e-03
90800 9.08000000e+03 3.15108057e-03 -1.41216314e-03 3.45304409e-03
90900 9.09000000e+03 3.15337721e-03 -1.44354440e-03 3.46808424e-03
91000 9.10000000e+03 3.04236845e-03 -1.64509844e-03 3.45866371e-03
91100 9.11000000e+03 2.99959374e-03 -1.63217378e-03 3.41490173e-03
91200 9.12000000e+03 2.96807336e-03 -1.45919237e-03 3.30737083e-03
91300 9.13000000e+03 2.98622996e-03 -1.59639772e-03 3.38615638e-03
91400 9.14000000e+03 3.02655180e-03 -1.60394539e-03 3.42529657e-03
91500 9.15000000e+03 2.94362428e-03 -1.49293290e-03 3.30057155e-03
91600 9.16000000e+03 2.82374979e-03 -1.54938048e-03 3.22089161e-03
91700 9.17000000e+03 2.93213013e-03 -1.65621575e-03 3.36755664e-03
91800 9.18000000e+03 2.87148519e-03 -1.48441468e-03 3.23247802e-03
91900 9.19000000e+03 2.83644139e-03 -1.50267244e-03 3.20989474e-03
92000 9.20000000e+03 2.70526763e-03 -1.46089413e-03 3.07452185e-03
92100 9.21000000e+03 2.67801713e-03 -1.28519733e-03 2.97043901e-03
92200 9.22000000e+03 2.88465759e-03 -1.32336561e-03 3.17372745e-03
92300 9.23000000e+03 2.76354956e-03 -1.25935394e-03 3.03696864e-03
92400 9.24000000e+03 2.77553406e-03 -1.35753176e-03 3.08973814e-03
92500 9.25000000e+03 2.76893750e-03 -1.32545177e-03 3.06982691e-03
92600 9.26000000e+03 2.95782136e-03 -1.60208927e-03 3.36383668e-03
92700 9.27000000e+03 2.99747405e-03 -1.41481718e-03 3.31459776e-03
92800 9.28000000e+03 3.03470809e-03 -1.50466245e-03 3.38724996e-03
92900 9.29000000e+03 2.97870068e-03 -1.45342073e-03 3.31437619e-03
93000 9.30000000e+03 2.98471819e-03 -1.45879656e-03 3.32214239e-03
93100 9.31000000e+03 2.93592177e-03 -1.68619934e-03 3.38569119e-03
93200 9.32000000e+03 3.03622056e-03 -1.75850489e-03 3.50869986e-03
93300 9.33000000e+03 3.14475759e-03 -1.75832550e-03 3.60294447e-03
93400 9.34000000e+03 3.08001926e-03 -1.62876828e-03 3.48416486e-03
93500 9.35000000e+03 3.12072970e-03 -1.71308848e-03 3.56000365e-03
93600 9.36000000e+03 2.99617508e-03 -1.57609419e-03 3.38543026e-03
93700 9.37000000e+03 2.83999927e-03 -1.59669202e-03 3.25807018e-03
93800 9.38000000e+03 2.75855116e-03 -1.39990367e-03 3.09343414e-03
93900 9.39000000e+03 2.74401577e-03 -1.55527529e-03 3.15412488e-03
94000 9.40000000e+03 2.82085221e-03 -1.49085722e-03 3.19058967e-03
94100 9.41000000e+03 2.75633251e-03 -1.54796173e-03 3.16125836e-03
94200 9.42000000e+03 2.79516843e-03 -1.67139783e-03 3.25676791e-03
94300 9.43000000e+03 2.75223237e-03 -1.58102112e-03 3.17402123e-03
94400 9.44000000e+03 2.70116050e-03 -1.54850679e-03 3.11354160e-03
94500 9.45000000e+03 2.66642659e-03 -1.44134532e-03 3.03105709e-03
94600 9.46000000e+03 2.60945177e-03 -1.26215955e-03 2.89866957e-03
94700 9.47000000e+03 2.60263425e-03 -1.59802963e-03 3.05407985e-03
94800 9.48000000e+03 2.56693293e-03 -1.43157179e-03 2.93913975e-03
94900 9.49000000e+03 2.66597862e-03 -1.31300325e-03 2.97177044e-03
95000 9.50000000e+03 2.61576148e-03 -1.15895178e-03 2.86100985e-03
95100 9.51000000e+03 2.55821971e-03 -1.05609722e-03 2.76763968e-03
95200 9.52000000e+03 2.73446622e-03 -1.22189603e-03 2.99505183e-03
95300 9.53000000e+03 2.78424355e-03 -1.27180503e-03 3.06096393e-03
95400 9.54000000e+03 2.74123577e-03 -1.17339205e-03 2.98181530e-03
95500 9.55000000e+03 2.89469771e-03 -1.27051817e-03 3.16124837e-03
95600 9.56000000e+03 2.76650465e-03 -1.20001414e-03 3.01555665e-03
95700 9.57000000e+03 2.85714422e-03 -1.36922381e-03 3.16828770e-03
95800 9.58000000e+03 2.83573428e-03 -1.44432194e-03 3.18236622e-03
95900 9.59000000e+03 2.97347503e-03 -1.34037435e-03 3.26161879e-03
96000 9.60000000e+03 2.90188356e-03 -1.32156513e-03 3.18864589e-03
96100 9.61000000e+03 2.98738549e-03 -1.46585563e-03 3.32764253e-03
96200 9.62000000e+03 3.03683686e-03 -1.61564781e-03 3.43986860e-03
96300 9.63000000e+03 2.93747289e-03 -1.43044733e-03 3.26725061e-03
96400 9.64000000e+03 2.91246525e-03 -1.27268163e-03 3.17839148e-03
96500 9.65000000e+03 2.80984910e-03 -1.22272933e-03 3.06436274e-03
96600 9.66000000e+03 2.79588276e-03 -1.09760417e-03 3.00361371e-03
96700 9.67000000e+03 3.03156977e-03 -1.27655524e-03 3.28937814e-03
96800 9.68000000e+03 2.95035494e-03 -1.14585529e-03 3.16505587e-03
96900 9.69000000e+03 3.02874739e-03 -1.19322853e-03 3.25531951e-03
97000 9.70000000e+03 2.96523934e-03 -1.23954215e-03 3.21389314e-03
97100 9.71000000e+03 3.09046125e-03 -1.32269564e-03 3.36161784e-03
97200 9.72000000e+03 2.98522692e-03 -1.15899544e-03 3.20231950e-03
97300 9.73000000e+03 3.01128440e-03 -1.24207197e-03 3.25738799e-03
97400 9.74000000e+03 3.17411683e-03 -1.35341345e-03 3.45061526e-03
97500 9.75000000e+03 3.29164742e-03 -1.43281417e-03 3.58997203e-03
97600 9.76000000e+03 3.25640012e-03 -1.44264125e-03 3.56165067e-03
97700 9.77000000e+03 3.45423166e-03 -1.46784692e-03 3.75317078e-03
97800 9.78000000e+03 3.46229412e-03 -1.56673428e-03 3.80028116e-03
97900 9.79000000e+03 3.47006647e-03 -1.76376908e-03 3.89258817e-03
98000 9.80000000e+03 3.55332298e-03 -1.78380951e-03 3.97593770e-03
98100 9.81000000e+03 3.54734273e-03 -1.89421442e-03 4.02140382e-03
98200 9.82000000e+03 3.38307465e-03 -1.88167812e-03 3.87116348e-03
98300 9.83000000e+03 3.55094182e-03 -1.85988971e-03 4.00853809e-03
98400 9.84000000e+03 3.40304850e-03 -1.59702892e-03 3.75915422e-03
98500 9.85000000e+03 3.33817606e-03 -1.72564143e-03 3.75782620e-03
98600 9.86000000e+03 3.18768504e-03 -1.79534103e-03 3.65849495e-03
98700 9.87000000e+03 3.19863972e-03 -1.90521206e-03 3.72305373e-03
98800 9.88000000e+03 3.27187101e-03 -1.92920305e-03 3.79828439e-03
98900 9.89000000e+03 3.26366117e-03 -1.83968153e-03 3.74645331e-03
99000 9.90000000e+03 3.10662831e-03 -1.78191869e-03 3.58139270e-03
99100 9.91000000e+03 2.94804503e-03 -1.81617984e-03 3.46258266e-03
99200 9.92000000e+03 2.92580714e-03 -1.91287487e-03 3.49563123e-03
99300 9.93000000e+03 2.94440426e-03 -1.91213726e-03 3.51080978e-03
99400 9.94000000e+03 2.92526884e-03 -2.03473656e-03 3.56333421e-03
99500 9.95000000e+03 2.93424726e-03 -1.88531517e-03 3.48772422e-03
99600 9.96000000e+03 2.89167091e-03 -1.71367428e-03 3.36131525e-03
99700 9.97000000e+03 2.93387868e-03 -1.79079222e-03 3.43723448e-03
99800 9.98000000e+03 2.93656136e-03 -1.69254560e-03 3.38941045e-03
99900 9.99000000e+03 2.84299930e-03 -1.70667726e-03 3.31593007e-03
100000 1.00000000e+04 2.92015914e-03 -1.82507758e-03 3.44357918e-03
