# step  t  vx_mean  vy_mean  vmag_mean
0 0.00000000e+00 4.16508038e-03 -3.37908021e-03 5.36340168e-03
100 1.00000000e+01 4.14938992e-03 -3.31179658e-03 5.30899551e-03
200 2.00000000e+01 4.08515427e-03 -3.33862356e-03 5.27587838e-03
300 3.00000000e+01 4.00302932e-03 -3.25852539e-03 5.16161132e-03
400 4.00000000e+01 4.00696322e-03 -3.20932828e-03 5.13376492e-03
500 5.00000000e+01 3.88926826e-03 -2.78821518e-03 4.78545207e-03
600 6.00000000e+01 3.88178066e-03 -2.57781893e-03 4.65976089e-03
700 7.00000000e+01 3.77430278e-03 -2.50807847e-03 4.53164640e-03
800 8.00000000e+01 3.82514670e-03 -2.37354403e-03 4.50171729e-03
900 9.00000000e+01 3.67267127e-03 -2.29412015e-03 4.33030040e-03
1000 1.00000000e+02 3.72940744e-03 -2.54334509e-03 4.51409838e-03
1100 1.10000000e+02 3.71326995e-03 -2.43812613e-03 4.44216532e-03
1200 1.20000000e+02 3.66876088e-03 -2.31000222e-03 4.33542578e-03
1300 1.30000000e+02 3.64340609e-03 -2.19477806e-03 4.25340554e-03
1400 1.40000000e+02 3.66048096e-03 -2.18596752e-03 4.26351672e-03
1500 1.50000000e+02 3.61114438e-03 -2.02166988e-03 4.13853994e-03
1600 1.60000000e+02 3.68070416e-03 -2.10181880e-03 4.23854048e-03
1700 1.70000000e+02 3.80627229e-03 -2.09532212e-03 4.34489166e-03
1800 1.80000000e+02 3.48384306e-03 -2.24014162e-03 4.14190740e-03
1900 1.90000000e+02 3.45170754e-03 -2.24643108e-03 4.11834160e-03
2000 2.00000000e+02 3.44220945e-03 -2.21801456e-03 4.09492301e-03
2100 2.10000000e+02 3.35441716e-03 -2.10733758e-03 3.96143739e-03
2200 2.20000000e+02 3.19088250e-03 -2.07768846e-03 3.80769228e-03
2300 2.30000000e+02 3.19627998e-03 -2.06810632e-03 3.80700269e-03
2400 2.40000000e+02 3.15558631e-03 -2.15517078e-03 3.82131993e-03
2500 2.50000000e+02 3.30350082e-03 -2.05555977e-03 3.89081530e-03
2600 2.60000000e+02 3.56070697e-03 -2.16026441e-03 4.16477808e-03
2700 2.70000000e+02 3.63897881e-03 -2.10145232e-03 4.20217428e-03
2800 2.80000000e+02 3.64470808e-03 -2.29662820e-03 4.30794592e-03
2900 2.90000000e+02 3.74865532e-03 -2.70775589e-03 4.62432251e-03
3000 3.00000000e+02 3.73702357e-03 -2.67691491e-03 4.59687052e-03
3100 3.10000000e+02 3.87641159e-03 -2.73084315e-03 4.74173714e-03
3200 3.20000000e+02 4.01207432e-03 -2.81458907e-03 4.90088278e-03
3300 3.30000000e+02 4.03141789e-03 -2.73121125e-03 4.86948099e-03
3400 3.40000000e+02 3.98500310e-03 -2.63730390e-03 4.77866316e-03
3500 3.50000000e+02 3.89361288e-03 -2.69215554e-03 4.73370074e-03
3600 3.60000000e+02 3.77332931e-03 -2.91993353e-03 4.77116609e-03
3700 3.70000000e+02 3.63561185e-03 -2.77677621e-03 4.57473055e-03
3800 3.80000000e+02 3.83373606e-03 -2.84389989e-03 4.77339489e-03
3900 3.90000000e+02 3.67895886e-03 -2.45399447e-03 4.42231016e-03
4000 4.00000000e+02 3.64729017e-03 -2.50208168e-03 4.42302366e-03
4100 4.10000000e+02 3.66968545e-03 -2.27003545e-03 4.31504951e-03
4200 4.20000000e+02 3.55783198e-03 -2.16719951e-03 4.16592392e-03
4300 4.30000000e+02 3.69852758e-03 -1.98216503e-03 4.19619881e-03
4400 4.40000000e+02 3.52316769e-03 -1.80831528e-03 3.96014075e-03
4500 4.50000000e+02 3.61075299e-03 -1.82590645e-03 4.04616751e-03
4600 4.60000000e+02 3.45234247e-03 -1.61629892e-03 3.81196678e-03
4700 4.70000000e+02 3.40789650e-03 -1.53943500e-03 3.73946770e-03
4800 4.80000000e+02 3.39051988e-03 -1.60302385e-03 3.75037472e-03
4900 4.90000000e+02 3.48978094e-03 -1.81258959e-03 3.93243589e-03
5000 5.00000000e+02 3.57294688e-03 -1.74030510e-03 3.97424348e-03
5100 5.10000000e+02 3.48089496e-03 -1.59728061e-03 3.82987403e-03
5200 5.20000000e+02 3.55042727e-03 -1.77232281e-03 3.96820639e-03
5300 5.30000000e+02 3.58354743e-03 -1.96272111e-03 4.08583973e-03
5400 5.40000000e+02 3.58922151e-03 -1.92232453e-03 4.07158970e-03
5500 5.50000000e+02 3.51273711e-03 -1.71788048e-03 3.91029863e-03
5600 5.60000000e+02 3.56418756e-03 -1.66272884e-03 3.93295057e-03
5700 5.70000000e+02 3.79814440e-03 -1.77531235e-03 4.19256901e-03
5800 5.80000000e+02 3.93014681e-03 -1.67899393e-03 4.27376585e-03
5900 5.90000000e+02 4.22097230e-03 -1.94263947e-03 4.64655306e-03
6000 6.00000000e+02 4.20572748e-03 -1.84099143e-03 4.59101221e-03
6100 6.10000000e+02 4.10325872e-03 -2.13170494e-03 4.62394832e-03
6200 6.20000000e+02 4.11629817e-03 -2.30664806e-03 4.71853111e-03
6300 6.30000000e+02 4.00086679e-03 -2.30688415e-03 4.61829509e-03
6400 6.40000000e+02 4.13001375e-03 -2.26744264e-03 4.71150822e-03
6500 6.50000000e+02 4.15220205e-03 -2.23284564e-03 4.71448634e-03
6600 6.60000000e+02 4.22722707e-03 -2.38157110e-03 4.85194081e-03
6700 6.70000000e+02 4.20543039e-03 -2.53102393e-03 4.90833240e-03
6800 6.80000000e+02 4.23195399e-03 -2.52264133e-03 4.92677926e-03
6900 6.90000000e+02 4.26312583e-03 -2.63490179e-03 5.01168128e-03
7000 7.00000000e+02 4.16991161e-03 -2.45998963e-03 4.84145761e-03
7100 7.10000000e+02 3.86699103e-03 -2.50255805e-03 4.60612814e-03
7200 7.20000000e+02 3.93633265e-03 -2.34875642e-03 4.58381625e-03
7300 7.30000000e+02 4.04105382e-03 -2.20972905e-03 4.60575927e-03
7400 7.40000000e+02 3.89384432e-03 -2.12450069e-03 4.43571040e-03
7500 7.50000000e+02 3.90267465e-03 -2.22500996e-03 4.49238675e-03
7600 7.60000000e+02 3.91946360e-03 -2.13441183e-03 4.46294844e-03
7700 7.70000000e+02 3.92822549e-03 -2.27383943e-03 4.53886563e-03
7800 7.80000000e+02 3.82349081e-03 -2.11941241e-03 4.37161194e-03
7900 7.90000000e+02 3.87278385e-03 -2.16150284e-03 4.43514930e-03
8000 8.00000000e+02 3.82582913e-03 -2.17440259e-03 4.40056759e-03
8100 8.10000000e+02 3.78666166e-03 -2.22312100e-03 4.39102192e-03
8200 8.20000000e+02 3.72786447e-03 -2.24787043e-03 4.35314771e-03
8300 8.30000000e+02 3.81303998e-03 -2.34067463e-03 4.47415150e-03
8400 8.40000000e+02 3.89952236e-03 -2.34249653e-03 4.54901799e-03
8500 8.50000000e+02 3.83900688e-03 -2.49328231e-03 4.57760096e-03
8600 8.60000000e+02 3.73700936e-03 -2.50271708e-03 4.49764736e-03
8700 8.70000000e+02 3.86309298e-03 -2.24689604e-03 4.46900763e-03
8800 8.80000000e+02 3.78625654e-03 -2.01929780e-03 4.29107238e-03
8900 8.90000000e+02 3.96317896e-03 -2.27937638e-03 4.57190815e-03
9000 9.00000000e+02 3.97509290e-03 -2.79371138e-03 4.85861985e-03
9100 9.10000000e+02 4.08670399e-03 -2.64538359e-03 4.86818281e-03
9200 9.20000000e+02 3.93148186e-03 -2.59616412e-03 4.71132866e-03
9300 9.30000000e+02 3.95368692e-03 -2.67412839e-03 4.77311250e-03
9400 9.40000000e+02 3.84378829e-03 -2.67865253e-03 4.68507073e-03
9500 9.50000000e+02 3.79374577e-03 -2.64224550e-03 4.62319892e-03
9600 9.60000000e+02 3.74753773e-03 -2.66924291e-03 4.60096694e-03
9700 9.70000000e+02 3.72027466e-03 -2.66254600e-03 4.57488740e-03
9800 9.80000000e+02 3.67111666e-03 -2.36656494e-03 4.36780576e-03
9900 9.90000000e+02 3.51771573e-03 -2.27993075e-03 4.19194563e-03
10000 1.00000000e+03 3.35764093e-03 -2.13223603e-03 3.97745938e-03
10100 1.01000000e+03 3.43230646e-03 -2.16010748e-03 4.05546446e-03
10200 1.02000000e+03 3.46071366e-03 -2.29703053e-03 4.15365963e-03
10300 1.03000000e+03 3.51396343e-03 -2.10990175e-03 4.09873448e-03
10400 1.04000000e+03 3.49795911e-03 -2.09488277e-03 4.07728486e-03
10500 1.05000000e+03 3.40342498e-03 -2.29216320e-03 4.10332960e-03
10600 1.06000000e+03 3.37873166e-03 -2.20955815e-03 4.03707504e-03
10700 1.07000000e+03 3.58943082e-03 -2.28489400e-03 4.25496818e-03
10800 1.08000000e+03 3.61084496e-03 -2.19697715e-03 4.22669018e-03
10900 1.09000000e+03 3.41108860e-03 -2.34419922e-03 4.13893651e-03
11000 1.10000000e+03 3.43958242e-03 -2.21694331e-03 4.09213451e-03
11100 1.11000000e+03 3.57739720e-03 -2.42690207e-03 4.32291850e-03
11200 1.12000000e+03 3.43113346e-03 -2.23194505e-03 4.09319625e-03
11300 1.13000000e+03 3.29497945e-03 -2.22379458e-03 3.97519206e-03
11400 1.14000000e+03 3.31553258e-03 -2.16976646e-03 3.96240366e-03
11500 1.15000000e+03 3.19646252e-03 -2.08152598e-03 3.81446236e-03
11600 1.16000000e+03 3.11352662e-03 -1.92245806e-03 3.65922027e-03
11700 1.17000000e+03 3.08457017e-03 -1.85524800e-03 3.59951640e-03
11800 1.18000000e+03 3.08593106e-03 -1.80469116e-03 3.57489590e-03
11900 1.19000000e+03 3.20822047e-03 -2.01352476e-03 3.78773818e-03
12000 1.20000000e+03 3.43993492e-03 -2.17454368e-03 4.06961823e-03
12100 1.21000000e+03 3.58474860e-03 -2.46639992e-03 4.35127006e-03
12200 1.22000000e+03 3.61165917e-03 -2.43874453e-03 4.35793034e-03
12300 1.23000000e+03 3.72043252e-03 -2.47947243e-03 4.47095087e-03
12400 1.24000000e+03 3.84373567e-03 -2.35243677e-03 4.50646898e-03
12500 1.25000000e+03 3.69063439e-03 -2.41556764e-03 4.41086717e-03
12600 1.26000000e+03 3.95741221e-03 -2.70301988e-03 4.79243444e-03
12700 1.27000000e+03 3.93500738e-03 -2.46232189e-03 4.64190825e-03
12800 1.28000000e+03 3.93237872e-03 -2.85738125e-03 4.86088778e-03
12900 1.29000000e+03 3.72435409e-03 -2.72286404e-03 4.61354548e-03
13000 1.30000000e+03 3.86407040e-03 -2.86398479e-03 4.80972441e-03
13100 1.31000000e+03 3.82570806e-03 -2.77267164e-03 4.72480160e-03
13200 1.32000000e+03 3.72126093e-03 -2.45637796e-03 4.45887605e-03
13300 1.33000000e+03 3.82210989e-03 -2.57586804e-03 4.60908019e-03
13400 1.34000000e+03 3.75077873e-03 -2.40562740e-03 4.45593809e-03
13500 1.35000000e+03 3.73148127e-03 -2.20741378e-03 4.33550782e-03
13600 1.36000000e+03 3.71263130e-03 -1.98157155e-03 4.20835561e-03
13700 1.37000000e+03 3.84312822e-03 -1.85453868e-03 4.26719442e-03
13800 1.38000000e+03 3.76146217e-03 -1.84428587e-03 4.18927058e-03
13900 1.39000000e+03 3.60697065e-03 -1.79967051e-03 4.03101120e-03
14000 1.40000000e+03 3.69193777e-03 -1.94113888e-03 4.17114189e-03
14100 1.41000000e+03 3.62869096e-03 -2.26128148e-03 4.27560429e-03
14200 1.42000000e+03 3.53652472e-03 -2.07155431e-03 4.09857833e-03
14300 1.43000000e+03 3.69972782e-03 -2.04614177e-03 4.22784604e-03
14400 1.44000000e+03 3.63658392e-03 -2.16975785e-03 4.23468909e-03
14500 1.45000000e+03 3.50481924e-03 -1.83017517e-03 3.95389669e-03
14600 1.46000000e+03 3.54579277e-03 -1.74235285e-03 3.95075181e-03
14700 1.47000000e+03 3.47101060e-03 -1.78710825e-03 3.90405821e-03
14800 1.48000000e+03 3.39786755e-03 -1.86603202e-03 3.87654219e-03
14900 1.49000000e+03 3.56224366e-03 -1.96193275e-03 4.06678743e-03
15000 1.50000000e+03 3.55344638e-03 -1.96440308e-03 4.06027840e-03
15100 1.51000000e+03 3.61235137e-03 -2.30407063e-03 4.28460312e-03
15200 1.52000000e+03 3.61498329e-03 -2.31144321e-03 4.29078943e-03
15300 1.53000000e+03 3.87999485e-03 -2.55774520e-03 4.64719492e-03
15400 1.54000000e+03 3.72145697e-03 -2.40852358e-03 4.43285775e-03
15500 1.55000000e+03 3.99558293e-03 -2.37362343e-03 4.64744781e-03
15600 1.56000000e+03 3.84936808e-03 -2.24373909e-03 4.45555829e-03
15700 1.57000000e+03 3.77860200e-03 -2.25611730e-03 4.40089744e-03
15800 1.58000000e+03 3.86860198e-03 -2.28950963e-03 4.49532376e-03
15900 1.59000000e+03 3.96424672e-03 -2.41703005e-03 4.64298248e-03
16000 1.60000000e+03 3.91175412e-03 -2.57852743e-03 4.68514930e-03
16100 1.61000000e+03 3.93970264e-03 -2.34897947e-03 4.58682477e-03
16200 1.62000000e+03 4.12733899e-03 -2.52071116e-03 4.83620843e-03
16300 1.63000000e+03 4.19427967e-03 -2.31784279e-03 4.79211614e-03
16400 1.64000000e+03 4.26666765e-03 -2.29835697e-03 4.84632825e-03
16500 1.65000000e+03 4.16769646e-03 -2.20324262e-03 4.71423078e-03
16600 1.66000000e+03 4.16229665e-03 -2.27319542e-03 4.74258694e-03
16700 1.67000000e+03 4.24101669e-03 -2.37823557e-03 4.86232733e-03
16800 1.68000000e+03 4.09856904e-03 -2.20125588e-03 4.65228929e-03
16900 1.69000000e+03 4.18288866e-03 -2.03123526e-03 4.64999723e-03
17000 1.70000000e+03 4.31224797e-03 -2.24816287e-03 4.86309766e-03
17100 1.71000000e+03 4.02027229e-03 -2.07414036e-03 4.52378685e-03
17200 1.72000000e+03 4.17450303e-03 -2.08474929e-03 4.66611778e-03
17300 1.73000000e+03 4.11149208e-03 -2.09507346e-03 4.61450971e-03
17400 1.74000000e+03 3.94821307e-03 -2.00691749e-03 4.42900714e-03
17500 1.75000000e+03 3.96499317e-03 -2.32846616e-03 4.59814370e-03
17600 1.76000000e+03 4.12294222e-03 -2.64786021e-03 4.89998125e-03
17700 1.77000000e+03 4.07385128e-03 -2.46108533e-03 4.75953834e-03
17800 1.78000000e+03 4.00542608e-03 -2.29995954e-03 4.61879334e-03
17900 1.79000000e+03 3.99239082e-03 -2.21760734e-03 4.56694282e-03
18000 1.80000000e+03 3.90630262e-03 -2.01478763e-03 4.39528945e-03
18100 1.81000000e+03 3.87246767e-03 -2.07442394e-03 4.39309009e-03
18200 1.82000000e+03 3.88882169e-03 -2.27109855e-03 4.50342345e-03
18300 1.83000000e+03 3.91852017e-03 -2.46406393e-03 4.62886719e-03
18400 1.84000000e+03 4.14088555e-03 -2.63691926e-03 4.90920323e-03
18500 1.85000000e+03 4.20413911e-03 -2.64289090e-03 4.96584917e-03
18600 1.86000000e+03 4.16778214e-03 -2.79644318e-03 5.01901409e-03
18700 1.87000000e+03 4.00034804e-03 -2.61236331e-03 4.77778469e-03
18800 1.88000000e+03 3.93557874e-03 -2.75387522e-03 4.80339555e-03
18900 1.89000000e+03 3.85720027e-03 -2.65280530e-03 4.68138546e-03
19000 1.90000000e+03 3.93954618e-03 -2.50513828e-03 4.66859100e-03
19100 1.91000000e+03 3.80747439e-03 -2.25980440e-03 4.42759271e-03
19200 1.92000000e+03 3.57881980e-03 -2.38716439e-03 4.30191876e-03
19300 1.93000000e+03 3.70637653e-03 -2.27693236e-03 4.34990206e-03
19400 1.94000000e+03 3.63995461e-03 -2.11318466e-03 4.20889759e-03
19500 1.95000000e+03 3.63293383e-03 -2.06880854e-03 4.18069097e-03
19600 1.96000000e+03 3.68524040e-03 -2.28642626e-03 4.33690464e-03
19700 1.97000000e+03 3.50087951e-03 -2.09537940e-03 4.08004561e-03
19800 1.98000000e+03 3.42334108e-03 -2.06525577e-03 3.99806773e-03
19900 1.99000000e+03 3.27781634e-03 -2.04649474e-03 3.86422317e-03
20000 2.00000000e+03 3.48709291e-03 -2.27621826e-03 4.16425102e-03
20100 2.01000000e+03 3.34610138e-03 -2.46608513e-03 4.15667780e-03
20200 2.02000000e+03 3.50055215e-03 -2.26352527e-03 4.16862231e-03
20300 2.03000000e+03 3.63563932e-03 -2.32917233e-03 4.31774444e-03
20400 2.04000000e+03 3.61960055e-03 -2.20413995e-03 4.23789347e-03
20500 2.05000000e+03 3.43841710e-03 -2.13422719e-03 4.04692944e-03
20600 2.06000000e+03 3.34052602e-03 -1.93904713e-03 3.86251445e-03
20700 2.07000000e+03 3.23181832e-03 -1.91608351e-03 3.75712998e-03
20800 2.08000000e+03 3.09200678e-03 -1.72642362e-03 3.54133371e-03
20900 2.09000000e+03 3.16895847e-03 -1.71710749e-03 3.60426912e-03
21000 2.10000000e+03 3.25592747e-03 -1.88384822e-03 3.76164164e-03
21100 2.11000000e+03 3.14582698e-03 -1.77791133e-03 3.61347424e-03
21200 2.12000000e+03 3.25651909e-03 -1.95384328e-03 3.79768616e-03
21300 2.13000000e+03 3.31502385e-03 -2.11667037e-03 3.93315097e-03
21400 2.14000000e+03 3.42305237e-03 -2.28945585e-03 4.11811797e-03
21500 2.15000000e+03 3.47864069e-03 -2.41997815e-03 4.23759782e-03
21600 2.16000000e+03 3.49761616e-03 -2.20738794e-03 4.13592556e-03
21700 2.17000000e+03 3.50414333e-03 -2.27391766e-03 4.17728644e-03
21800 2.18000000e+03 3.44887283e-03 -2.27595749e-03 4.13215516e-03
21900 2.19000000e+03 3.76069802e-03 -2.47423816e-03 4.50163349e-03
22000 2.20000000e+03 3.68754682e-03 -2.62382347e-03 4.52575421e-03
22100 2.21000000e+03 3.77692212e-03 -2.70154746e-03 4.64365152e-03
22200 2.22000000e+03 3.81496781e-03 -2.62502045e-03 4.63084353e-03
22300 2.23000000e+03 4.00626194e-03 -2.78822030e-03 4.88101497e-03
22400 2.24000000e+03 4.01897309e-03 -2.66379188e-03 4.82161092e-03
22500 2.25000000e+03 4.00358485e-03 -2.56924774e-03 4.75707111e-03
22600 2.26000000e+03 4.05224320e-03 -2.31056940e-03 4.66469783e-03
22700 2.27000000e+03 3.97770572e-03 -2.05526687e-03 4.47730552e-03
22800 2.28000000e+03 3.93616129e-03 -1.88413798e-03 4.36386773e-03
22900 2.29000000e+03 3.84785142e-03 -1.60371489e-03 4.16867629e-03
23000 2.30000000e+03 3.81364720e-03 -1.58106210e-03 4.12839706e-03
23100 2.31000000e+03 3.78940883e-03 -1.91605173e-03 4.24627761e-03
23200 2.32000000e+03 3.72064998e-03 -2.02999380e-03 4.23840903e-03
23300 2.33000000e+03 3.78058804e-03 -2.19466188e-03 4.37142845e-03
23400 2.34000000e+03 3.76294204e-03 -2.14446429e-03 4.33110377e-03
23500 2.35000000e+03 3.71855195e-03 -2.05874629e-03 4.25041938e-03
23600 2.36000000e+03 3.82276438e-03 -1.99387455e-03 4.31150360e-03
23700 2.37000000e+03 3.76701145e-03 -1.86842494e-03 4.20492414e-03
23800 2.38000000e+03 3.66665563e-03 -1.77958864e-03 4.07569616e-03
23900 2.39000000e+03 3.55526898e-03 -1.83976977e-03 4.00308510e-03
24000 2.40000000e+03 3.61890206e-03 -1.80483982e-03 4.04399541e-03
24100 2.41000000e+03 3.51953087e-03 -1.98927359e-03 4.04280929e-03
24200 2.42000000e+03 3.47454008e-03 -1.93531567e-03 3.97716928e-03
24300 2.43000000e+03 3.44610214e-03 -2.13148631e-03 4.05201849e-03
24400 2.44000000e+03 3.65216844e-03 -2.44379300e-03 4.39436668e-03
24500 2.45000000e+03 3.74514773e-03 -2.53320835e-03 4.52142411e-03
24600 2.46000000e+03 3.87426512e-03 -2.51066475e-03 4.61664031e-03
24700 2.47000000e+03 3.85250291e-03 -2.30401289e-03 4.48890343e-03
24800 2.48000000e+03 3.85938305e-03 -2.31763697e-03 4.50180838e-03
24900 2.49000000e+03 3.74617847e-03 -2.36513838e-03 4.43031970e-03
25000 2.50000000e+03 3.90036521e-03 -2.52816686e-03 4.64806158e-03
25100 2.51000000e+03 3.71835334e-03 -2.35906430e-03 4.40355946e-03
25200 2.52000000e+03 3.68544203e-03 -2.45491089e-03 4.42821301e-03
25300 2.53000000e+03 3.63385002e-03 -2.21797125e-03 4.25725997e-03
25400 2.54000000e+03 3.89902829e-03 -2.36776448e-03 4.56165872e-03
25500 2.55000000e+03 3.90008697e-03 -2.44521652e-03 4.60323389e-03
25600 2.56000000e+03 3.93990939e-03 -2.47648358e-03 4.65358539e-03
25700 2.57000000e+03 4.02525393e-03 -2.59574968e-03 4.78963314e-03
25800 2.58000000e+03 4.06024465e-03 -2.36603408e-03 4.69933016e-03
25900 2.59000000e+03 4.17070417e-03 -2.31768168e-03 4.77141715e-03
26000 2.60000000e+03 3.99545301e-03 -2.35915859e-03 4.63996487e-03
26100 2.61000000e+03 4.06521512e-03 -2.45469110e-03 4.74884011e-03
26200 2.62000000e+03 4.18695016e-03 -2.26417044e-03 4.75993901e-03
26300 2.63000000e+03 4.08757338e-03 -2.23571272e-03 4.65904148e-03
26400 2.64000000e+03 4.06935019e-03 -2.22071609e-03 4.63585925e-03
26500 2.65000000e+03 4.10036510e-03 -2.43225670e-03 4.76748011e-03
26600 2.66000000e+03 4.18465119e-03 -2.44570989e-03 4.84693743e-03
26700 2.67000000e+03 4.15128516e-03 -2.32212665e-03 4.75662072e-03
26800 2.68000000e+03 4.11097193e-03 -2.24444154e-03 4.68376003e-03
26900 2.69000000e+03 4.16651228e-03 -2.18898524e-03 4.70653599e-03
27000 2.70000000e+03 4.08585509e-03 -2.16202531e-03 4.62261455e-03
27100 2.71000000e+03 4.06497112e-03 -2.07324559e-03 4.56314995e-03
27200 2.72000000e+03 3.96575453e-03 -1.99299376e-03 4.43838181e-03
27300 2.73000000e+03 3.99218686e-03 -2.11764756e-03 4.51906927e-03
27400 2.74000000e+03 4.02665185e-03 -2.19311984e-03 4.58516082e-03
27500 2.75000000e+03 4.22598980e-03 -2.56517273e-03 4.94359191e-03
27600 2.76000000e+03 4.38352674e-03 -2.58253375e-03 5.08770943e-03
27700 2.77000000e+03 4.39951196e-03 -2.76406994e-03 5.19574712e-03
27800 2.78000000e+03 4.17598616e-03 -2.74475990e-03 4.99725598e-03
27900 2.79000000e+03 4.16585198e-03 -2.63064401e-03 4.92692710e-03
28000 2.80000000e+03 4.03065560e-03 -2.63627898e-03 4.81623831e-03
28100 2.81000000e+03 4.12607472e-03 -2.53007631e-03 4.84001847e-03
28200 2.82000000e+03 4.03459789e-03 -2.28590798e-03 4.63717106e-03
28300 2.83000000e+03 3.87604954e-03 -2.35886499e-03 4.53740059e-03
28400 2.84000000e+03 3.87314078e-03 -2.30300264e-03 4.50611148e-03
28500 2.85000000e+03 3.88228125e-03 -1.99043867e-03 4.36279197e-03
28600 2.86000000e+03 3.91349895e-03 -2.16159085e-03 4.47078841e-03
28700 2.87000000e+03 3.77642410e-03 -2.17582844e-03 4.35839516e-03
28800 2.88000000e+03 3.73244938e-03 -2.13886611e-03 4.30185153e-03
28900 2.89000000e+03 3.62148671e-03 -2.10234500e-03 4.18748379e-03
29000 2.90000000e+03 3.52783781e-03 -2.20225821e-03 4.15879560e-03
29100 2.91000000e+03 3.35862394e-03 -2.14433437e-03 3.98478666e-03
29200 2.92000000e+03 3.61006893e-03 -2.37408048e-03 4.32074713e-03
29300 2.93000000e+03 3.51008144e-03 -2.13044230e-03 4.10602680e-03
29400 2.94000000e+03 3.73891299e-03 -2.10226327e-03 4.28940336e-03
29500 2.95000000e+03 3.65028996e-03 -2.08183005e-03 4.20221765e-03
29600 2.96000000e+03 3.60940723e-03 -2.07129330e-03 4.16149931e-03
29700 2.97000000e+03 3.51119624e-03 -1.95094233e-03 4.01679910e-03
29800 2.98000000e+03 3.38314823e-03 -1.92496367e-03 3.89245129e-03
29900 2.99000000e+03 3.18789552e-03 -1.78327318e-03 3.65277170e-03
30000 3.00000000e+03 3.06996610e-03 -1.79121504e-03 3.55431332e-03
30100 3.01000000e+03 3.18776933e-03 -1.92308368e-03 3.72291876e-03
30200 3.02000000e+03 3.15339491e-03 -1.97102828e-03 3.71871643e-03
30300 3.03000000e+03 3.13854450e-03 -1.94841181e-03 3.69415351e-03
30400 3.04000000e+03 3.38276825e-03 -2.11633043e-03 3.99023502e-03
30500 3.05000000e+03 3.36950668e-03 -2.20230408e-03 4.02538427e-03
30600 3.06000000e+03 3.35041387e-03 -2.33155582e-03 4.08184096e-03
30700 3.07000000e+03 3.40169133e-03 -2.17956421e-03 4.04005000e-03
30800 3.08000000e+03 3.23629985e-03 -2.09602481e-03 3.85576927e-03
30900 3.09000000e+03 3.42943473e-03 -2.39334628e-03 4.18200059e-03
31000 3.10000000e+03 3.48782516e-03 -2.34587467e-03 4.20333824e-03
31100 3.11000000e+03 3.71914147e-03 -2.59721768e-03 4.53624878e-03
31200 3.12000000e+03 3.57429450e-03 -2.47776113e-03 4.34912421e-03
31300 3.13000000e+03 3.70105472e-03 -2.51697749e-03 4.47582191e-03
31400 3.14000000e+03 3.88995418e-03 -2.57038162e-03 4.66246772e-03
31500 3.15000000e+03 3.89481103e-03 -2.55503715e-03 4.65808628e-03
31600 3.16000000e+03 3.96541553e-03 -2.56503187e-03 4.72270143e-03
31700 3.17000000e+03 3.94818839e-03 -2.45348457e-03 4.64841673e-03
31800 3.18000000e+03 3.90011701e-03 -2.22206814e-03 4.48870800e-03
31900 3.19000000e+03 3.78540298e-03 -1.94970437e-03 4.25800691e-03
32000 3.20000000e+03 3.84177361e-03 -1.93661964e-03 4.30229242e-03
32100 3.21000000e+03 3.69174406e-03 -2.09964532e-03 4.24705600e-03
32200 3.22000000e+03 3.92795540e-03 -2.14341143e-03 4.47471186e-03
32300 3.23000000e+03 3.86389229e-03 -2.01581744e-03 4.35811697e-03
32400 3.24000000e+03 3.92617146e-03 -2.18495238e-03 4.49319921e-03
32500 3.25000000e+03 3.98783153e-03 -2.46325880e-03 4.68726405e-03
32600 3.26000000e+03 3.99649376e-03 -2.26318790e-03 4.59281851e-03
32700 3.27000000e+03 3.95077653e-03 -1.95372920e-03 4.40745879e-03
32800 3.28000000e+03 4.03427007e-03 -2.03589746e-03 4.51887303e-03
32900 3.29000000e+03 3.89420264e-03 -1.96527620e-03 4.36200926e-03
33000 3.30000000e+03 3.73146473e-03 -1.78855902e-03 4.13796719e-03
33100 3.31000000e+03 3.63798975e-03 -1.85217592e-03 4.08234308e-03
33200 3.32000000e+03 3.54420184e-03 -1.91108591e-03 4.02661347e-03
33300 3.33000000e+03 3.60364327e-03 -1.96394464e-03 4.10406182e-03
33400 3.34000000e+03 3.57392500e-03 -1.94315892e-03 4.06802243e-03
33500 3.35000000e+03 3.58423707e-03 -2.25475687e-03 4.23446383e-03
33600 3.36000000e+03 3.56453052e-03 -2.21881806e-03 4.19869401e-03
33700 3.37000000e+03 3.73113924e-03 -2.36968813e-03 4.42004772e-03
33800 3.38000000e+03 3.83238308e-03 -2.41822447e-03 4.53155268e-03
33900 3.39000000e+03 3.67208291e-03 -2.51060794e-03 4.44829688e-03
34000 3.40000000e+03 3.78468633e-03 -2.42943061e-03 4.49733073e-03
34100 3.41000000e+03 3.84903443e-03 -2.46892963e-03 4.57281965e-03
34200 3.42000000e+03 3.82520282e-03 -2.53211078e-03 4.58734799e-03
34300 3.43000000e+03 3.62773193e-03 -2.58451840e-03 4.45423106e-03
34400 3.44000000e+03 3.65259452e-03 -2.45878380e-03 4.40307443e-03
34500 3.45000000e+03 3.70036950e-03 -2.41252268e-03 4.41735216e-03
34600 3.46000000e+03 3.66160762e-03 -2.52513262e-03 4.44788322e-03
34700 3.47000000e+03 3.89930187e-03 -2.46755872e-03 4.61447734e-03
34800 3.48000000e+03 3.89304711e-03 -2.38407822e-03 4.56504597e-03
34900 3.49000000e+03 3.89700104e-03 -2.48014997e-03 4.61928143e-03
35000 3.50000000e+03 3.99922347e-03 -2.25423952e-03 4.59079341e-03
35100 3.51000000e+03 4.06621303e-03 -2.48653162e-03 4.76622785e-03
35200 3.52000000e+03 4.06836718e-03 -2.55826791e-03 4.80586581e-03
35300 3.53000000e+03 4.09591990e-03 -2.53463327e-03 4.81673391e-03
35400 3.54000000e+03 4.02410887e-03 -2.32119765e-03 4.64557970e-03
35500 3.55000000e+03 4.03810665e-03 -2.33237073e-03 4.66328838e-03
35600 3.56000000e+03 4.20129765e-03 -2.19518854e-03 4.74022728e-03
35700 3.57000000e+03 4.30857623e-03 -2.41861772e-03 4.94100605e-03
35800 3.58000000e+03 4.16510506e-03 -2.21579126e-03 4.71782058e-03
35900 3.59000000e+03 4.21405258e-03 -2.10999604e-03 4.71278287e-03
36000 3.60000000e+03 4.26178798e-03 -2.26560561e-03 4.82657286e-03
36100 3.61000000e+03 4.35823295e-03 -2.18159310e-03 4.87376065e-03
36200 3.62000000e+03 4.19666432e-03 -2.07152287e-03 4.68008530e-03
36300 3.63000000e+03 4.21011681e-03 -1.98036036e-03 4.65262407e-03
36400 3.64000000e+03 4.07177210e-03 -2.13290565e-03 4.59658727e-03
36500 3.65000000e+03 4.10689274e-03 -2.21592840e-03 4.66657333e-03
36600 3.66000000e+03 4.25237091e-03 -2.34735222e-03 4.85723386e-03
36700 3.67000000e+03 4.38849954e-03 -2.56743142e-03 5.08435171e-03
36800 3.68000000e+03 4.31751832e-03 -2.71688774e-03 5.10121980e-03
36900 3.69000000e+03 4.40547988e-03 -2.63859052e-03 5.13521303e-03
37000 3.70000000e+03 4.30174870e-03 -2.62947450e-03 5.04174356e-03
37100 3.71000000e+03 4.28096950e-03 -2.60090735e-03 5.00913355e-03
37200 3.72000000e+03 4.17531002e-03 -2.38215551e-03 4.80706549e-03
37300 3.73000000e+03 4.17008856e-03 -2.51034973e-03 4.86739092e-03
37400 3.74000000e+03 4.04432695e-03 -2.39945389e-03 4.70254819e-03
37500 3.75000000e+03 3.89916264e-03 -2.27594585e-03 4.51479776e-03
37600 3.76000000e+03 3.85657931e-03 -2.09653517e-03 4.38960860e-03
37700 3.77000000e+03 3.83726275e-03 -2.14851135e-03 4.39780473e-03
37800 3.78000000e+03 3.79729737e-03 -2.28525302e-03 4.43191253e-03
37900 3.79000000e+03 3.60657414e-03 -2.40206998e-03 4.33328019e-03
38000 3.80000000e+03 3.63522582e-03 -2.24121427e-03 4.27058639e-03
38100 3.81000000e+03 3.58927553e-03 -2.09857989e-03 4.15775617e-03
38200 3.82000000e+03 3.48938559e-03 -2.18471978e-03 4.11689353e-03
38300 3.83000000e+03 3.42762913e-03 -2.30514607e-03 4.13065852e-03
38400 3.84000000e+03 3.55708762e-03 -2.27106037e-03 4.22025918e-03
38500 3.85000000e+03 3.63623491e-03 -2.27014022e-03 4.28669347e-03
38600 3.86000000e+03 3.72334477e-03 -2.34937249e-03 4.40259552e-03
38700 3.87000000e+03 3.58886109e-03 -2.13206210e-03 4.17439968e-03
38800 3.88000000e+03 3.60965519e-03 -2.27224687e-03 4.26529207e-03
38900 3.89000000e+03 3.48190684e-03 -2.07947381e-03 4.05559941e-03
39000 3.90000000e+03 3.26870847e-03 -1.93786481e-03 3.79997041e-03
39100 3.91000000e+03 3.20208538e-03 -1.97871146e-03 3.76412670e-03
39200 3.92000000e+03 3.10190045e-03 -1.81758939e-03 3.59519368e-03
39300 3.93000000e+03 3.13957175e-03 -1.91090582e-03 3.67538730e-03
39400 3.94000000e+03 3.11358506e-03 -2.02735118e-03 3.71544946e-03
39500 3.95000000e+03 3.24794115e-03 -2.15355190e-03 3.89703830e-03
39600 3.96000000e+03 3.13906884e-03 -2.34487071e-03 3.91818476e-03
39700 3.97000000e+03 3.08951479e-03 -2.06065970e-03 3.71368012e-03
39800 3.98000000e+03 3.17208003e-03 -1.96878170e-03 3.73338896e-03
39900 3.99000000e+03 3.16450442e-03 -1.93621032e-03 3.70985157e-03
40000 4.00000000e+03 3.20607424e-03 -1.86883367e-03 3.71099061e-03
40100 4.01000000e+03 3.31182219e-03 -2.19675526e-03 3.97415399e-03
40200 4.02000000e+03 3.24946735e-03 -2.06527184e-03 3.85024490e-03
40300 4.03000000e+03 3.37246899e-03 -2.34914478e-03 4.10999127e-03
40400 4.04000000e+03 3.66768497e-03 -2.65148631e-03 4.52573670e-03
40500 4.05000000e+03 3.79795628e-03 -2.66624149e-03 4.64040037e-03
40600 4.06000000e+03 3.96214705e-03 -2.58858502e-03 4.73279850e-03
40700 4.07000000e+03 3.95173766e-03 -2.44151661e-03 4.64513012e-03
40800 4.08000000e+03 3.88730457e-03 -2.21291999e-03 4.47304725e-03
40900 4.09000000e+03 4.07168642e-03 -2.15815753e-03 4.60828322e-03
41000 4.10000000e+03 3.94632854e-03 -2.06641830e-03 4.45461485e-03
41100 4.11000000e+03 3.88259301e-03 -2.12704251e-03 4.42705752e-03
41200 4.12000000e+03 3.91417556e-03 -2.23512109e-03 4.50738689e-03
41300 4.13000000e+03 3.78527050e-03 -2.27629906e-03 4.41699107e-03
41400 4.14000000e+03 3.75991897e-03 -2.11403868e-03 4.31348469e-03
41500 4.15000000e+03 3.65279708e-03 -2.09216727e-03 4.20952377e-03
41600 4.16000000e+03 3.83819081e-03 -2.10728985e-03 4.37862755e-03
41700 4.17000000e+03 4.16340074e-03 -2.33910466e-03 4.77549121e-03
41800 4.18000000e+03 4.23488580e-03 -2.40548258e-03 4.87038029e-03
41900 4.19000000e+03 3.97807732e-03 -2.25040875e-03 4.57049655e-03
42000 4.20000000e+03 4.00902797e-03 -2.16657552e-03 4.55701160e-03
42100 4.21000000e+03 3.85379163e-03 -2.02324498e-03 4.35261187e-03
42200 4.22000000e+03 3.75745213e-03 -1.97388022e-03 4.24436681e-03
42300 4.23000000e+03 3.70571576e-03 -1.92626251e-03 4.17645981e-03
42400 4.24000000e+03 3.73429852e-03 -2.06073164e-03 4.26516123e-03
42500 4.25000000e+03 3.70618282e-03 -2.09811609e-03 4.25885926e-03
42600 4.26000000e+03 3.61448992e-03 -2.35279091e-03 4.31279056e-03
42700 4.27000000e+03 3.54448450e-03 -2.37028440e-03 4.26399091e-03
42800 4.28000000e+03 3.48544470e-03 -2.29807105e-03 4.17485991e-03
42900 4.29000000e+03 3.52461031e-03 -2.34354963e-03 4.23262361e-03
43000 4.30000000e+03 3.67075205e-03 -2.52519920e-03 4.45545190e-03
43100 4.31000000e+03 3.75108304e-03 -2.57146312e-03 4.54786176e-03
43200 4.32000000e+03 3.74742295e-03 -2.61589419e-03 4.57012923e-03
43300 4.33000000e+03 3.76900588e-03 -2.43740832e-03 4.48847019e-03
43400 4.34000000e+03 3.73313064e-03 -2.63366615e-03 4.56863894e-03
43500 4.35000000e+03 3.73846013e-03 -2.54207547e-03 4.52086627e-03
43600 4.36000000e+03 3.69225605e-03 -2.34829332e-03 4.37575551e-03
43700 4.37000000e+03 3.72817717e-03 -2.50778557e-03 4.49313848e-03
43800 4.38000000e+03 3.71743762e-03 -2.48346524e-03 4.47067580e-03
43900 4.39000000e+03 3.68104153e-03 -2.36917171e-03 4.37756112e-03
44000 4.40000000e+03 3.72232147e-03 -2.42248457e-03 4.44118325e-03
44100 4.41000000e+03 3.67696118e-03 -2.41738511e-03 4.40043115e-03
44200 4.42000000e+03 3.67914303e-03 -2.29846220e-03 4.33808967e-03
44300 4.43000000e+03 3.82931880e-03 -2.41200114e-03 4.52564160e-03
44400 4.44000000e+03 3.90083110e-03 -2.38917954e-03 4.57434828e-03
44500 4.45000000e+03 3.99482902e-03 -2.19975202e-03 4.56043505e-03
44600 4.46000000e+03 4.06210590e-03 -2.47109705e-03 4.75468453e-03
44700 4.47000000e+03 3.99417058e-03 -2.44302908e-03 4.68207109e-03
44800 4.48000000e+03 4.16036556e-03 -2.34150281e-03 4.77402105e-03
44900 4.49000000e+03 4.24582930e-03 -2.38646055e-03 4.87055032e-03
45000 4.50000000e+03 4.12129518e-03 -2.16809195e-03 4.65679038e-03
45100 4.51000000e+03 4.11235588e-03 -1.98931247e-03 4.56824200e-03
45200 4.52000000e+03 4.24970500e-03 -2.30813236e-03 4.83605910e-03
45300 4.53000000e+03 4.33452521e-03 -2.37622508e-03 4.94313204e-03
45400 4.54000000e+03 4.18496924e-03 -2.29891599e-03 4.77482798e-03
45500 4.55000000e+03 4.16957401e-03 -2.22145836e-03 4.72442850e-03
45600 4.56000000e+03 4.07748250e-03 -2.39183335e-03 4.72723284e-03
45700 4.57000000e+03 4.14872169e-03 -2.47493386e-03 4.83085803e-03
45800 4.58000000e+03 4.07688832e-03 -2.35823123e-03 4.70980604e-03
45900 4.59000000e+03 4.11819387e-03 -2.50394666e-03 4.81967526e-03
46000 4.60000000e+03 4.26548347e-03 -2.68903794e-03 5.04234809e-03
46100 4.61000000e+03 4.57339734e-03 -2.88203126e-03 5.40574393e-03
46200 4.62000000e+03 4.47722385e-03 -2.57396093e-03 5.16437878e-03
46300 4.63000000e+03 4.35635261e-03 -2.37314473e-03 4.96080880e-03
46400 4.64000000e+03 4.32438869e-03 -2.37856642e-03 4.93537392e-03
46500 4.65000000e+03 4.28189943e-03 -2.19375407e-03 4.81115575e-03
46600 4.66000000e+03 4.21217177e-03 -2.22705980e-03 4.76468114e-03
46700 4.67000000e+03 4.08772519e-03 -2.11183657e-03 4.60101629e-03
46800 4.68000000e+03 4.03732480e-03 -2.25162879e-03 4.62275067e-03
46900 4.69000000e+03 3.91470920e-03 -2.45816214e-03 4.62250032e-03
47000 4.70000000e+03 3.79739073e-03 -2.37926119e-03 4.48118959e-03
47100 4.71000000e+03 3.73222260e-03 -2.24056980e-03 4.35311825e-03
47200 4.72000000e+03 3.64998472e-03 -2.25890940e-03 4.29244221e-03
47300 4.73000000e+03 3.47046321e-03 -2.22705910e-03 4.12357941e-03
47400 4.74000000e+03 3.38363159e-03 -2.41692271e-03 4.15818207e-03
47500 4.75000000e+03 3.40950303e-03 -2.29463214e-03 4.10975030e-03
47600 4.76000000e+03 3.49667040e-03 -2.31202669e-03 4.19191737e-03
47700 4.77000000e+03 3.53484391e-03 -2.22411728e-03 4.17634041e-03
47800 4.78000000e+03 3.68893077e-03 -2.47404072e-03 4.44174377e-03
47900 4.79000000e+03 3.63808824e-03 -2.26699538e-03 4.28660169e-03
48000 4.80000000e+03 3.56663251e-03 -2.14390247e-03 4.16139223e-03
48100 4.81000000e+03 3.61620635e-03 -2.16920953e-03 4.21692048e-03
48200 4.82000000e+03 3.56912985e-03 -2.04782840e-03 4.11488628e-03
48300 4.83000000e+03 3.49164871e-03 -2.20815092e-03 4.13128808e-03
48400 4.84000000e+03 3.46645573e-03 -2.19680509e-03 4.10393323e-03
48500 4.85000000e+03 3.40067665e-03 -2.10851198e-03 4.00130284e-03
48600 4.86000000e+03 3.38364136e-03 -2.13929522e-03 4.00320033e-03
48700 4.87000000e+03 3.33092618e-03 -2.22678343e-03 4.00669860e-03
48800 4.88000000e+03 3.12015740e-03 -1.95768359e-03 3.68346403e-03
48900 4.89000000e+03 3.16876825e-03 -1.95526821e-03 3.72346156e-03
49000 4.90000000e+03 3.26666120e-03 -2.17395974e-03 3.92392359e-03
49100 4.91000000e+03 3.33150895e-03 -2.22410425e-03 4.00569490e-03
49200 4.92000000e+03 3.25250300e-03 -1.99586130e-03 3.81605006e-03
49300 4.93000000e+03 3.43947532e-03 -2.29049684e-03 4.13235601e-03
49400 4.94000000e+03 3.33225727e-03 -2.54388736e-03 4.19229071e-03
49500 4.95000000e+03 3.44712613e-03 -2.35360744e-03 4.17398450e-03
49600 4.96000000e+03 3.60400509e-03 -2.31790403e-03 4.28503580e-03
49700 4.97000000e+03 3.83666507e-03 -2.39981594e-03 4.52538567e-03
49800 4.98000000e+03 3.82249034e-03 -2.27830466e-03 4.44995556e-03
49900 4.99000000e+03 3.78195336e-03 -2.33394909e-03 4.44415229e-03
50000 5.00000000e+03 3.76117602e-03 -2.17090314e-03 4.34272559e-03
50100 5.01000000e+03 3.80984321e-03 -2.11903802e-03 4.35949853e-03
50200 5.02000000e+03 3.83244571e-03 -2.13567307e-03 4.38733856e-03
50300 5.03000000e+03 3.85131780e-03 -2.33258866e-03 4.50262353e-03
50400 5.04000000e+03 3.85957677e-03 -2.26677209e-03 4.47600140e-03
50500 5.05000000e+03 3.82700260e-03 -2.17800098e-03 4.40336657e-03
50600 5.06000000e+03 3.69368005e-03 -1.99399772e-03 4.19753489e-03
50700 5.07000000e+03 3.73366009e-03 -1.96320657e-03 4.21834064e-03
50800 5.08000000e+03 3.88559746e-03 -2.18265178e-03 4.45666202e-03
50900 5.09000000e+03 4.11417987e-03 -2.27484945e-03 4.70121432e-03
51000 5.10000000e+03 4.05913917e-03 -2.15543620e-03 4.59592385e-03
51100 5.11000000e+03 3.95174837e-03 -2.08416511e-03 4.46766823e-03
51200 5.12000000e+03 3.76922195e-03 -2.11655931e-03 4.32282979e-03
51300 5.13000000e+03 3.88546102e-03 -2.14032363e-03 4.43596580e-03
51400 5.14000000e+03 3.93032096e-03 -2.01874506e-03 4.41845612e-03
51500 5.15000000e+03 4.05907258e-03 -2.37009930e-03 4.70036604e-03
51600 5.16000000e+03 3.82996909e-03 -2.18207808e-03 4.40796189e-03
51700 5.17000000e+03 3.76489619e-03 -2.43534450e-03 4.48389854e-03
51800 5.18000000e+03 3.67880356e-03 -2.36016908e-03 4.37081157e-03
51900 5.19000000e+03 3.75248515e-03 -2.40779365e-03 4.45854405e-03
52000 5.20000000e+03 3.72265838e-03 -2.29605474e-03 4.37379158e-03
52100 5.21000000e+03 3.88274505e-03 -2.38958746e-03 4.55914875e-03
52200 5.22000000e+03 3.89981619e-03 -2.27051810e-03 4.51262881e-03
52300 5.23000000e+03 3.90245114e-03 -2.27869209e-03 4.51902229e-03
52400 5.24000000e+03 4.07988951e-03 -2.46858248e-03 4.76858447e-03
52500 5.25000000e+03 3.97974113e-03 -2.54873722e-03 4.72592857e-03
52600 5.26000000e+03 3.84253683e-03 -2.56994227e-03 4.62273648e-03
52700 5.27000000e+03 3.87373776e-03 -2.49428814e-03 4.60731132e-03
52800 5.28000000e+03 3.91024025e-03 -2.36145221e-03 4.56797935e-03
52900 5.29000000e+03 3.80012859e-03 -2.38432456e-03 4.48619893e-03
53000 5.30000000e+03 3.82855395e-03 -2.30671186e-03 4.46975894e-03
53100 5.31000000e+03 3.89003241e-03 -2.19740276e-03 4.46776578e-03
53200 5.32000000e+03 3.91257368e-03 -2.12417962e-03 4.45200762e-03
53300 5.33000000e+03 3.75567493e-03 -2.09041242e-03 4.29824595e-03
53400 5.34000000e+03 3.97015642e-03 -2.26428872e-03 4.57046447e-03
53500 5.35000000e+03 3.96234309e-03 -2.14846060e-03 4.50733244e-03
53600 5.36000000e+03 4.01301216e-03 -2.18647043e-03 4.57000214e-03
53700 5.37000000e+03 4.10562661e-03 -2.27850000e-03 4.69550126e-03
53800 5.38000000e+03 4.13322914e-03 -2.25039176e-03 4.70614983e-03
53900 5.39000000e+03 4.08472493e-03 -2.11025705e-03 4.59762575e-03
54000 5.40000000e+03 4.26356588e-03 -2.19547283e-03 4.79563290e-03
54100 5.41000000e+03 4.03378997e-03 -2.32269894e-03 4.65471717e-03
54200 5.42000000e+03 4.05356195e-03 -2.32043909e-03 4.67073892e-03
54300 5.43000000e+03 4.07074019e-03 -2.53958069e-03 4.79795746e-03
54400 5.44000000e+03 4.08969773e-03 -2.36290996e-03 4.72323734e-03
54500 5.45000000e+03 4.06281278e-03 -2.32717791e-03 4.68211540e-03
54600 5.46000000e+03 3.93041037e-03 -2.18553538e-03 4.49718696e-03
54700 5.47000000e+03 3.89115280e-03 -2.30974075e-03 4.52503839e-03
54800 5.48000000e+03 4.00555646e-03 -2.21449416e-03 4.57694952e-03
54900 5.49000000e+03 3.88838584e-03 -2.40955316e-03 4.57443885e-03
55000 5.50000000e+03 3.84539040e-03 -2.25124275e-03 4.45590858e-03
55100 5.51000000e+03 4.06196807e-03 -2.35233479e-03 4.69393902e-03
55200 5.52000000e+03 3.99059337e-03 -2.36082729e-03 4.63663034e-03
55300 5.53000000e+03 4.17693611e-03 -2.40750564e-03 4.82108688e-03
55400 5.54000000e+03 4.13904665e-03 -2.31857179e-03 4.74420513e-03
55500 5.55000000e+03 4.06900607e-03 -2.29325169e-03 4.67074017e-03
55600 5.56000000e+03 4.05281037e-03 -2.34754477e-03 4.68361381e-03
55700 5.57000000e+03 3.90156545e-03 -2.01362488e-03 4.39054645e-03
55800 5.58000000e+03 3.86670604e-03 -1.87666831e-03 4.29805765e-03
55900 5.59000000e+03 3.70468944e-03 -1.94078649e-03 4.18226925e-03
56000 5.60000000e+03 3.86376609e-03 -2.06518895e-03 4.38106081e-03
56100 5.61000000e+03 3.86381173e-03 -2.26744055e-03 4.47999193e-03
56200 5.62000000e+03 3.72317107e-03 -2.17200490e-03 4.31040696e-03
56300 5.63000000e+03 3.68453376e-03 -2.18761573e-03 4.28502644e-03
56400 5.64000000e+03 3.61506362e-03 -2.20066332e-03 4.23221030e-03
56500 5.65000000e+03 3.61779984e-03 -2.43273145e-03 4.35966260e-03
56600 5.66000000e+03 3.64623312e-03 -2.32702936e-03 4.32551518e-03
56700 5.67000000e+03 3.53473565e-03 -2.27204105e-03 4.20196699e-03
56800 5.68000000e+03 3.52851348e-03 -2.13596318e-03 4.12465103e-03
56900 5.69000000e+03 3.68451537e-03 -2.38551269e-03 4.38934213e-03
57000 5.70000000e+03 3.68679198e-03 -2.37619365e-03 4.38619783e-03
57100 5.71000000e+03 3.72923655e-03 -2.51339423e-03 4.49714974e-03
57200 5.72000000e+03 3.78978183e-03 -2.32347986e-03 4.44533519e-03
57300 5.73000000e+03 3.66523210e-03 -2.08729459e-03 4.21790529e-03
57400 5.74000000e+03 3.67214554e-03 -2.14606151e-03 4.25326144e-03
57500 5.75000000e+03 3.66959022e-03 -2.32080836e-03 4.34189404e-03
57600 5.76000000e+03 3.77020426e-03 -2.30866554e-03 4.42090226e-03
57700 5.77000000e+03 3.53672542e-03 -2.18723039e-03 4.15841357e-03
57800 5.78000000e+03 3.52304825e-03 -2.12773681e-03 4.11571778e-03
57900 5.79000000e+03 3.49222124e-03 -2.05602846e-03 4.05251307e-03
58000 5.80000000e+03 3.52270156e-03 -2.11026613e-03 4.10641564e-03
58100 5.81000000e+03 3.38979112e-03 -2.18055234e-03 4.03056973e-03
58200 5.82000000e+03 3.43717053e-03 -2.15251045e-03 4.05554466e-03
58300 5.83000000e+03 3.39970831e-03 -1.97367906e-03 3.93108453e-03
58400 5.84000000e+03 3.39017482e-03 -2.11751228e-03 3.99714193e-03
58500 5.85000000e+03 3.34836519e-03 -2.52879318e-03 4.19599147e-03
58600 5.86000000e+03 3.34710721e-03 -2.22431659e-03 4.01879471e-03
58700 5.87000000e+03 3.61186801e-03 -2.21240311e-03 4.23560126e-03
58800 5.88000000e+03 3.89880734e-03 -2.28858041e-03 4.52087369e-03
58900 5.89000000e+03 3.89739824e-03 -2.33877776e-03 4.54528266e-03
59000 5.90000000e+03 3.92114231e-03 -2.35567382e-03 4.57433669e-03
59100 5.91000000e+03 3.84723744e-03 -2.18262128e-03 4.42324220e-03
59200 5.92000000e+03 3.81203461e-03 -2.11056392e-03 4.35730283e-03
59300 5.93000000e+03 3.93268187e-03 -2.28622044e-03 4.54893290e-03
59400 5.94000000e+03 3.88001231e-03 -2.22879834e-03 4.47459916e-03
59500 5.95000000e+03 3.95821966e-03 -2.25457852e-03 4.55528563e-03
59600 5.96000000e+03 3.86300427e-03 -2.14113691e-03 4.41670344e-03
59700 5.97000000e+03 3.78185906e-03 -2.13956623e-03 4.34513540e-03
59800 5.98000000e+03 3.78425326e-03 -2.09037657e-03 4.32322183e-03
59900 5.99000000e+03 3.77090229e-03 -2.23816652e-03 4.38509902e-03
60000 6.00000000e+03 4.05730261e-03 -2.41336296e-03 4.72080769e-03
60100 6.01000000e+03 4.02191188e-03 -2.35471013e-03 4.66051875e-03
60200 6.02000000e+03 4.03091824e-03 -2.24889629e-03 4.61582456e-03
60300 6.03000000e+03 3.79490666e-03 -2.15700502e-03 4.36508731e-03
60400 6.04000000e+03 3.80898663e-03 -2.14113900e-03 4.36953720e-03
60500 6.05000000e+03 3.78752849e-03 -2.16356106e-03 4.36192257e-03
60600 6.06000000e+03 3.83776659e-03 -2.43171630e-03 4.54331339e-03
60700 6.07000000e+03 3.77000170e-03 -2.33189575e-03 4.43290544e-03
60800 6.08000000e+03 3.80542758e-03 -2.38934183e-03 4.49335436e-03
60900 6.09000000e+03 3.72308213e-03 -2.25633662e-03 4.35343491e-03
61000 6.10000000e+03 3.86777963e-03 -2.41631106e-03 4.56051295e-03
61100 6.11000000e+03 3.71036609e-03 -2.32176716e-03 4.37691892e-03
61200 6.12000000e+03 3.83714936e-03 -2.39203055e-03 4.52167285e-03
61300 6.13000000e+03 3.94075783e-03 -2.24575470e-03 4.53574541e-03
61400 6.14000000e+03 3.96096334e-03 -2.28805095e-03 4.57432047e-03
61500 6.15000000e+03 4.02453216e-03 -2.54704501e-03 4.76280352e-03
61600 6.16000000e+03 3.98440752e-03 -2.86444346e-03 4.90719265e-03
61700 6.17000000e+03 3.92389903e-03 -2.59894854e-03 4.70653982e-03
61800 6.18000000e+03 3.94796394e-03 -2.44988711e-03 4.64632824e-03
61900 6.19000000e+03 3.94474668e-03 -2.54772254e-03 4.69594682e-03
62000 6.20000000e+03 3.86949256e-03 -2.39146012e-03 4.54885196e-03
62100 6.21000000e+03 3.84726515e-03 -2.24212511e-03 4.45292871e-03
62200 6.22000000e+03 3.76038812e-03 -2.30304617e-03 4.40959641e-03
62300 6.23000000e+03 3.86623805e-03 -2.30948906e-03 4.50350268e-03
62400 6.24000000e+03 3.76916165e-03 -2.21961481e-03 4.37415928e-03
62500 6.25000000e+03 4.01807670e-03 -2.38319882e-03 4.67167817e-03
62600 6.26000000e+03 3.87813896e-03 -2.18227040e-03 4.44997370e-03
62700 6.27000000e+03 4.04260308e-03 -2.20003142e-03 4.60247519e-03
62800 6.28000000e+03 3.99145344e-03 -2.38917628e-03 4.65186671e-03
62900 6.29000000e+03 4.02710540e-03 -2.50675669e-03 4.74356480e-03
63000 6.30000000e+03 3.99347907e-03 -2.49495357e-03 4.70878630e-03
63100 6.31000000e+03 4.07910347e-03 -2.40253331e-03 4.73405233e-03
63200 6.32000000e+03 4.07316908e-03 -2.62261834e-03 4.84446419e-03
63300 6.33000000e+03 4.08783322e-03 -2.65544257e-03 4.87460313e-03
63400 6.34000000e+03 4.02714498e-03 -2.65895249e-03 4.82575643e-03
63500 6.35000000e+03 4.04715864e-03 -2.78294506e-03 4.91164700e-03
63600 6.36000000e+03 4.01683198e-03 -2.71069817e-03 4.84590794e-03
63700 6.37000000e+03 3.92201683e-03 -2.49831891e-03 4.65014122e-03
63800 6.38000000e+03 3.91772296e-03 -2.41309032e-03 4.60125614e-03
63900 6.39000000e+03 3.93621810e-03 -2.47158506e-03 4.64785387e-03
64000 6.40000000e+03 4.06014314e-03 -2.30969186e-03 4.67112821e-03
64100 6.41000000e+03 4.16873861e-03 -2.34579691e-03 4.78342396e-03
64200 6.42000000e+03 4.01868345e-03 -2.46943184e-03 4.71676905e-03
64300 6.43000000e+03 4.10732254e-03 -2.53285561e-03 4.82550060e-03
64400 6.44000000e+03 4.19256929e-03 -2.53679976e-03 4.90030512e-03
64500 6.45000000e+03 4.16192506e-03 -2.53395783e-03 4.87263403e-03
64600 6.46000000e+03 3.98432510e-03 -2.61550047e-03 4.76609790e-03
64700 6.47000000e+03 4.01224475e-03 -2.55155144e-03 4.75484203e-03
64800 6.48000000e+03 3.95926507e-03 -2.32279324e-03 4.59033205e-03
64900 6.49000000e+03 3.95140424e-03 -2.18116678e-03 4.51343373e-03
65000 6.50000000e+03 3.98125034e-03 -2.16130703e-03 4.53007752e-03
65100 6.51000000e+03 3.99961555e-03 -2.10636714e-03 4.52036582e-03
65200 6.52000000e+03 3.91089078e-03 -2.30195606e-03 4.53806880e-03
65300 6.53000000e+03 3.85226356e-03 -2.24060100e-03 4.45648150e-03
65400 6.54000000e+03 3.89888184e-03 -2.38438393e-03 4.57018231e-03
65500 6.55000000e+03 3.93278524e-03 -2.36478215e-03 4.58900800e-03
65600 6.56000000e+03 3.86900711e-03 -2.18936405e-03 4.44550683e-03
65700 6.57000000e+03 3.75167467e-03 -2.29441863e-03 4.39766071e-03
65800 6.58000000e+03 3.72170610e-03 -2.25421321e-03 4.35115772e-03
65900 6.59000000e+03 3.70707968e-03 -2.16250075e-03 4.29171868e-03
66000 6.60000000e+03 3.71600082e-03 -2.26574950e-03 4.35227330e-03
66100 6.61000000e+03 3.67789995e-03 -2.06295913e-03 4.21695962e-03
66200 6.62000000e+03 3.66450474e-03 -1.81742955e-03 4.09043337e-03
66300 6.63000000e+03 3.66881676e-03 -2.04852084e-03 4.20198216e-03
66400 6.64000000e+03 3.81816691e-03 -2.11715582e-03 4.36586158e-03
66500 6.65000000e+03 3.80220381e-03 -2.17674230e-03 4.38120541e-03
66600 6.66000000e+03 3.73271736e-03 -2.07763561e-03 4.27197245e-03
66700 6.67000000e+03 3.69955087e-03 -2.21428252e-03 4.31158019e-03
66800 6.68000000e+03 3.59400688e-03 -1.99333415e-03 4.10977694e-03
66900 6.69000000e+03 3.56758200e-03 -2.17289734e-03 4.17721488e-03
67000 6.70000000e+03 3.38756852e-03 -2.22844607e-03 4.05482335e-03
67100 6.71000000e+03 3.46313673e-03 -2.08911719e-03 4.04446865e-03
67200 6.72000000e+03 3.58976750e-03 -2.07853690e-03 4.14810153e-03
67300 6.73000000e+03 3.47316987e-03 -1.99636584e-03 4.00604362e-03
67400 6.74000000e+03 3.52137443e-03 -2.38021463e-03 4.25035287e-03
67500 6.75000000e+03 3.48221138e-03 -2.18601199e-03 4.11150149e-03
67600 6.76000000e+03 3.56812566e-03 -2.00480339e-03 4.09276891e-03
67700 6.77000000e+03 3.77222570e-03 -2.25616549e-03 4.39544872e-03
67800 6.78000000e+03 3.86088807e-03 -2.22628564e-03 4.45677063e-03
67900 6.79000000e+03 4.00589127e-03 -2.42208806e-03 4.68120449e-03
68000 6.80000000e+03 3.89284268e-03 -2.17232620e-03 4.45793958e-03
68100 6.81000000e+03 3.76241235e-03 -1.94015587e-03 4.23319637e-03
68200 6.82000000e+03 3.96701321e-03 -2.10053753e-03 4.48881407e-03
68300 6.83000000e+03 3.93404486e-03 -1.92847906e-03 4.38129438e-03
68400 6.84000000e+03 3.79996840e-03 -1.90874212e-03 4.25241770e-03
68500 6.85000000e+03 3.90680553e-03 -1.82429724e-03 4.31175021e-03
68600 6.86000000e+03 3.80949304e-03 -1.77713367e-03 4.20362240e-03
68700 6.87000000e+03 3.76480375e-03 -1.78257970e-03 4.16549369e-03
68800 6.88000000e+03 3.87207558e-03 -2.06016866e-03 4.38603058e-03
68900 6.89000000e+03 4.01130086e-03 -2.36798171e-03 4.65809746e-03
69000 6.90000000e+03 4.12803376e-03 -2.23164097e-03 4.69264149e-03
69100 6.91000000e+03 4.07287525e-03 -2.16781534e-03 4.61386347e-03
69200 6.92000000e+03 3.96652846e-03 -2.16399785e-03 4.51843277e-03
69300 6.93000000e+03 3.88997747e-03 -2.17379071e-03 4.45615201e-03
69400 6.94000000e+03 3.88386613e-03 -2.20270804e-03 4.46501274e-03
69500 6.95000000e+03 3.95831931e-03 -2.46183807e-03 4.66143095e-03
69600 6.96000000e+03 3.95934563e-03 -2.33180821e-03 4.59496979e-03
69700 6.97000000e+03 3.83209623e-03 -2.40096264e-03 4.52212153e-03
69800 6.98000000e+03 3.83411371e-03 -2.41363491e-03 4.53056966e-03
69900 6.99000000e+03 3.72274360e-03 -2.23080697e-03 4.33996770e-03
70000 7.00000000e+03 3.78680881e-03 -2.22250237e-03 4.39083566e-03
70100 7.01000000e+03 3.80374957e-03 -2.36225128e-03 4.47758215e-03
70200 7.02000000e+03 3.83812259e-03 -2.32212106e-03 4.48591476e-03
70300 7.03000000e+03 3.83177842e-03 -2.37366604e-03 4.50741792e-03
70400 7.04000000e+03 4.06357832e-03 -2.88129412e-03 4.98141793e-03
70500 7.05000000e+03 4.10007359e-03 -2.87825637e-03 5.00948732e-03
70600 7.06000000e+03 3.97064537e-03 -2.71031936e-03 4.80747914e-03
70700 7.07000000e+03 3.96910124e-03 -2.72414461e-03 4.81401376e-03
70800 7.08000000e+03 3.90153751e-03 -2.64102919e-03 4.71137242e-03
70900 7.09000000e+03 3.83820478e-03 -2.50297505e-03 4.58221563e-03
71000 7.10000000e+03 3.83740407e-03 -2.37076404e-03 4.51067535e-03
71100 7.11000000e+03 3.81426234e-03 -2.29683169e-03 4.45241878e-03
71200 7.12000000e+03 3.78399785e-03 -2.57345825e-03 4.57616947e-03
71300 7.13000000e+03 3.79140419e-03 -2.41287891e-03 4.49407725e-03
71400 7.14000000e+03 3.87280760e-03 -2.35401350e-03 4.53210970e-03
71500 7.15000000e+03 4.00234573e-03 -2.24980223e-03 4.59133765e-03
71600 7.16000000e+03 3.99751170e-03 -2.32794741e-03 4.62595276e-03
71700 7.17000000e+03 3.95337027e-03 -2.45761266e-03 4.65499693e-03
71800 7.18000000e+03 3.78368725e-03 -2.43589259e-03 4.49998466e-03
71900 7.19000000e+03 3.89468623e-03 -2.47187470e-03 4.61288905e-03
72000 7.20000000e+03 3.94783309e-03 -2.20406521e-03 4.52142561e-03
72100 7.21000000e+03 4.05494636e-03 -2.33409554e-03 4.67873829e-03
72200 7.22000000e+03 3.95075418e-03 -2.36820546e-03 4.60617582e-03
72300 7.23000000e+03 3.90699273e-03 -2.38464400e-03 4.57723926e-03
72400 7.24000000e+03 4.06084117e-03 -2.82831350e-03 4.94871582e-03
72500 7.25000000e+03 4.00440069e-03 -2.69168126e-03 4.82497388e-03
72600 7.26000000e+03 3.96195194e-03 -2.57536350e-03 4.72541642e-03
72700 7.27000000e+03 4.03444842e-03 -2.54497374e-03 4.77008023e-03
72800 7.28000000e+03 3.98168201e-03 -2.31603673e-03 4.60628025e-03
72900 7.29000000e+03 3.96520505e-03 -2.30741175e-03 4.58770095e-03
73000 7.30000000e+03 3.85936187e-03 -2.36107362e-03 4.52430577e-03
73100 7.31000000e+03 3.95500381e-03 -2.46185646e-03 4.65862559e-03
73200 7.32000000e+03 4.10744874e-03 -2.52719037e-03 4.82263686e-03
73300 7.33000000e+03 4.35291277e-03 -2.53577367e-03 5.03765796e-03
73400 7.34000000e+03 4.23082290e-03 -2.45492952e-03 4.89147640e-03
73500 7.35000000e+03 4.16541984e-03 -2.69924430e-03 4.96353123e-03
73600 7.36000000e+03 3.96754919e-03 -2.31500412e-03 4.59354881e-03
73700 7.37000000e+03 3.81966517e-03 -2.31547095e-03 4.46668196e-03
73800 7.38000000e+03 3.90414940e-03 -2.15394609e-03 4.45890864e-03
73900 7.39000000e+03 3.80151393e-03 -1.95861002e-03 4.27640753e-03
74000 7.40000000e+03 3.95550532e-03 -2.14913418e-03 4.50164415e-03
74100 7.41000000e+03 3.77849280e-03 -2.23680167e-03 4.39093265e-03
74200 7.42000000e+03 3.75953782e-03 -2.34580343e-03 4.43135627e-03
74300 7.43000000e+03 3.61973653e-03 -2.16772221e-03 4.21918382e-03
74400 7.44000000e+03 3.77275143e-03 -2.46656244e-03 4.50750303e-03
74500 7.45000000e+03 3.81299923e-03 -2.50130263e-03 4.56020592e-03
74600 7.46000000e+03 3.74136213e-03 -2.35999562e-03 4.42350200e-03
74700 7.47000000e+03 3.78414639e-03 -2.42800941e-03 4.49610872e-03
74800 7.48000000e+03 3.70372925e-03 -2.26404867e-03 4.34091312e-03
74900 7.49000000e+03 3.73692438e-03 -2.40389747e-03 4.44334636e-03
75000 7.50000000e+03 3.56037822e-03 -2.21189111e-03 4.19150991e-03
75100 7.51000000e+03 3.63799068e-03 -2.04559625e-03 4.17366029e-03
75200 7.52000000e+03 3.63470963e-03 -1.87428365e-03 4.08950527e-03
75300 7.53000000e+03 3.52904689e-03 -2.02112482e-03 4.06683139e-03
75400 7.54000000e+03 3.66214081e-03 -2.14665919e-03 4.24492885e-03
75500 7.55000000e+03 3.75827448e-03 -2.13194592e-03 4.32085877e-03
75600 7.56000000e+03 3.69306281e-03 -2.08058394e-03 4.23881381e-03
75700 7.57000000e+03 3.64598818e-03 -2.27690907e-03 4.29855147e-03
75800 7.58000000e+03 3.53867817e-03 -2.09536473e-03 4.11251706e-03
75900 7.59000000e+03 3.46209016e-03 -1.99902244e-03 3.99776925e-03
76000 7.60000000e+03 3.49737657e-03 -2.07153521e-03 4.06483715e-03
76100 7.61000000e+03 3.41911474e-03 -1.83976896e-03 3.88266602e-03
76200 7.62000000e+03 3.49632697e-03 -1.87108223e-03 3.96550766e-03
76300 7.63000000e+03 3.49883060e-03 -1.86490593e-03 3.96480639e-03
76400 7.64000000e+03 3.51498486e-03 -1.83240417e-03 3.96394041e-03
76500 7.65000000e+03 3.45470826e-03 -2.13921466e-03 4.06340356e-03
76600 7.66000000e+03 3.44980112e-03 -1.97583181e-03 3.97555520e-03
76700 7.67000000e+03 3.55845876e-03 -1.90802221e-03 4.03771935e-03
76800 7.68000000e+03 3.84205510e-03 -2.12612562e-03 4.39110436e-03
76900 7.69000000e+03 3.99068324e-03 -2.10813503e-03 4.51328993e-03
77000 7.70000000e+03 4.04706504e-03 -2.34544417e-03 4.67758953e-03
77100 7.71000000e+03 3.98085825e-03 -2.13756063e-03 4.51845083e-03
77200 7.72000000e+03 3.94045468e-03 -2.04639533e-03 4.44014830e-03
77300 7.73000000e+03 4.02068719e-03 -1.99423265e-03 4.48808304e-03
77400 7.74000000e+03 3.94363236e-03 -2.02871650e-03 4.43485364e-03
77500 7.75000000e+03 4.03883168e-03 -2.23213062e-03 4.61460383e-03
77600 7.76000000e+03 3.91641911e-03 -1.96851371e-03 4.38330753e-03
77700 7.77000000e+03 3.85163771e-03 -2.16956995e-03 4.42065005e-03
77800 7.78000000e+03 3.76147497e-03 -2.18705088e-03 4.35107866e-03
77900 7.79000000e+03 3.90714873e-03 -2.24512490e-03 4.50626197e-03
78000 7.80000000e+03 4.01059585e-03 -2.32426636e-03 4.63541726e-03
78100 7.81000000e+03 3.93413566e-03 -2.28255661e-03 4.54835004e-03
78200 7.82000000e+03 3.94257344e-03 -2.23136810e-03 4.53021952e-03
78300 7.83000000e+03 3.92585201e-03 -2.32538348e-03 4.56286339e-03
78400 7.84000000e+03 3.88774509e-03 -2.40776152e-03 4.57295062e-03
78500 7.85000000e+03 3.92564805e-03 -2.51277583e-03 4.66098219e-03
78600 7.86000000e+03 3.86876101e-03 -2.44412594e-03 4.57614066e-03
78700 7.87000000e+03 3.87153286e-03 -2.51814141e-03 4.61841995e-03
78800 7.88000000e+03 3.78334941e-03 -2.38579651e-03 4.47277965e-03
78900 7.89000000e+03 3.76695814e-03 -2.35264655e-03 4.44127452e-03
79000 7.90000000e+03 3.78358085e-03 -2.34333263e-03 4.45047097e-03
79100 7.91000000e+03 3.74627206e-03 -2.46922392e-03 4.48682752e-03
79200 7.92000000e+03 3.84821184e-03 -2.38982681e-03 4.52990138e-03
79300 7.93000000e+03 3.78284021e-03 -2.26896117e-03 4.41112966e-03
79400 7.94000000e+03 3.91330663e-03 -2.68788659e-03 4.74749440e-03
79500 7.95000000e+03 4.05428139e-03 -2.63378816e-03 4.83467038e-03
79600 7.96000000e+03 4.09062719e-03 -2.72089150e-03 4.91288931e-03
79700 7.97000000e+03 4.09156643e-03 -2.59954785e-03 4.84753183e-03
79800 7.98000000e+03 4.10410808e-03 -2.60552880e-03 4.86132528e-03
79900 7.99000000e+03 4.00799932e-03 -2.66957795e-03 4.81567285e-03
80000 8.00000000e+03 3.95505410e-03 -2.42587482e-03 4.63975447e-03
80100 8.01000000e+03 3.94866383e-03 -2.43401714e-03 4.63857580e-03
80200 8.02000000e+03 3.88929062e-03 -2.24329927e-03 4.48987451e-03
80300 8.03000000e+03 3.86352511e-03 -2.55602389e-03 4.63250304e-03
80400 8.04000000e+03 3.85652506e-03 -2.53867917e-03 4.61710704e-03
80500 8.05000000e+03 3.95004870e-03 -2.47624354e-03 4.66204535e-03
80600 8.06000000e+03 3.98414582e-03 -2.32134131e-03 4.61107833e-03
80700 8.07000000e+03 3.95082310e-03 -2.32770364e-03 4.58554330e-03
80800 8.08000000e+03 3.93060269e-03 -2.18160916e-03 4.49544837e-03
80900 8.09000000e+03 4.04591439e-03 -2.38171499e-03 4.69488973e-03
81000 8.10000000e+03 3.93152004e-03 -2.38011102e-03 4.59584359e-03
81100 8.11000000e+03 4.02681530e-03 -2.49718130e-03 4.73826507e-03
81200 8.12000000e+03 4.02064063e-03 -2.54622637e-03 4.75907762e-03
81300 8.13000000e+03 4.03768290e-03 -2.52105249e-03 4.76010387e-03
81400 8.14000000e+03 4.05076891e-03 -2.74127908e-03 4.89114913e-03
81500 8.15000000e+03 4.00885986e-03 -2.87108938e-03 4.93093415e-03
81600 8.16000000e+03 3.96165205e-03 -2.62289424e-03 4.75123786e-03
81700 8.17000000e+03 3.94789735e-03 -2.33166921e-03 4.58503814e-03
81800 8.18000000e+03 4.03963868e-03 -2.33768579e-03 4.66727495e-03
81900 8.19000000e+03 3.98595119e-03 -2.34577199e-03 4.62498142e-03
82000 8.20000000e+03 3.92278936e-03 -2.18779407e-03 4.49162768e-03
82100 8.21000000e+03 4.00916021e-03 -2.55618268e-03 4.75472770e-03
82200 8.22000000e+03 4.07302892e-03 -2.58784858e-03 4.82561134e-03
82300 8.23000000e+03 4.09939187e-03 -2.48147082e-03 4.79194231e-03
82400 8.24000000e+03 4.21621185e-03 -2.78200163e-03 5.05133402e-03
82500 8.25000000e+03 4.07686364e-03 -2.77235382e-03 4.93018893e-03
82600 8.26000000e+03 3.94827826e-03 -2.41805660e-03 4.62989189e-03
82700 8.27000000e+03 3.85441468e-03 -2.19860324e-03 4.43738309e-03
82800 8.28000000e+03 3.63161508e-03 -2.30081845e-03 4.29911545e-03
82900 8.29000000e+03 3.78517644e-03 -2.36930070e-03 4.46555108e-03
83000 8.30000000e+03 3.81099735e-03 -2.43044086e-03 4.52003801e-03
83100 8.31000000e+03 3.79298138e-03 -2.48687156e-03 4.53555266e-03
83200 8.32000000e+03 3.65973450e-03 -2.24786601e-03 4.29494566e-03
83300 8.33000000e+03 3.60703375e-03 -2.24389997e-03 4.24803244e-03
83400 8.34000000e+03 3.81275755e-03 -2.39021331e-03 4.50002665e-03
83500 8.35000000e+03 3.77809675e-03 -2.31671846e-03 4.43183929e-03
83600 8.36000000e+03 3.74158775e-03 -2.20122072e-03 4.34106571e-03
83700 8.37000000e+03 3.80218867e-03 -2.37436732e-03 4.48266203e-03
83800 8.38000000e+03 3.70516814e-03 -2.37129163e-03 4.39901068e-03
83900 8.39000000e+03 3.57622840e-03 -2.27261335e-03 4.23723742e-03
84000 8.40000000e+03 3.45631479e-03 -2.02281121e-03 4.00473184e-03
84100 8.41000000e+03 3.54498113e-03 -2.06668163e-03 4.10342103e-03
84200 8.42000000e+03 3.64231714e-03 -2.28068535e-03 4.29744108e-03
84300 8.43000000e+03 3.81949986e-03 -2.42003868e-03 4.52163316e-03
84400 8.44000000e+03 3.75067070e-03 -2.21980317e-03 4.35833188e-03
84500 8.45000000e+03 3.76259210e-03 -2.15463014e-03 4.33584252e-03
84600 8.46000000e+03 3.78214079e-03 -1.99622125e-03 4.27662112e-03
84700 8.47000000e+03 3.82807106e-03 -2.35680770e-03 4.49540549e-03
84800 8.48000000e+03 3.68301058e-03 -2.02719122e-03 4.20405414e-03
84900 8.49000000e+03 3.53476545e-03 -2.00550491e-03 4.06406406e-03
85000 8.50000000e+03 3.47164180e-03 -1.75411568e-03 3.88962963e-03
85100 8.51000000e+03 3.51781677e-03 -1.73948309e-03 3.92438993e-03
85200 8.52000000e+03 3.56252794e-03 -1.73980859e-03 3.96466131e-03
85300 8.53000000e+03 3.69499996e-03 -1.76167523e-03 4.09347338e-03
85400 8.54000000e+03 3.79733299e-03 -1.96738518e-03 4.27672097e-03
85500 8.55000000e+03 3.90601112e-03 -2.02884059e-03 4.40149031e-03
85600 8.56000000e+03 4.00606357e-03 -2.00904440e-03 4.48160738e-03
85700 8.57000000e+03 4.00956813e-03 -1.91834383e-03 4.44484866e-03
85800 8.58000000e+03 4.04419936e-03 -2.02917983e-03 4.52472311e-03
85900 8.59000000e+03 4.00550431e-03 -1.92640512e-03 4.44467113e-03
86000 8.60000000e+03 3.96023924e-03 -1.94779143e-03 4.41331919e-03
86100 8.61000000e+03 3.99639085e-03 -2.15213862e-03 4.53903519e-03
86200 8.62000000e+03 3.87733406e-03 -1.92020077e-03 4.32676443e-03
86300 8.63000000e+03 3.75889800e-03 -2.04035174e-03 4.27695563e-03
86400 8.64000000e+03 3.83758894e-03 -2.01934087e-03 4.33645321e-03
86500 8.65000000e+03 3.94918630e-03 -2.14061118e-03 4.49202500e-03
86600 8.66000000e+03 3.96348396e-03 -2.12212419e-03 4.49584433e-03
86700 8.67000000e+03 3.91177461e-03 -2.10331473e-03 4.44138643e-03
86800 8.68000000e+03 3.86385969e-03 -2.10218900e-03 4.39870552e-03
86900 8.69000000e+03 3.99391120e-03 -2.30503664e-03 4.61134694e-03
87000 8.70000000e+03 4.15771175e-03 -2.51211668e-03 4.85770494e-03
87100 8.71000000e+03 4.09401022e-03 -2.35520187e-03 4.72312349e-03
87200 8.72000000e+03 3.92076280e-03 -2.15863343e-03 4.47572108e-03
87300 8.73000000e+03 4.01862338e-03 -2.16558576e-03 4.56498582e-03
87400 8.74000000e+03 3.99576826e-03 -2.33565224e-03 4.62832965e-03
87500 8.75000000e+03 3.79641540e-03 -2.41169194e-03 4.49766916e-03
87600 8.76000000e+03 3.81200435e-03 -2.31377711e-03 4.45925348e-03
87700 8.77000000e+03 3.91693413e-03 -2.55622854e-03 4.67725105e-03
87800 8.78000000e+03 3.82136507e-03 -2.28030933e-03 4.45001591e-03
87900 8.79000000e+03 3.82271293e-03 -2.33005919e-03 4.47686385e-03
88000 8.80000000e+03 3.80104710e-03 -2.34431005e-03 4.46584244e-03
88100 8.81000000e+03 3.76984361e-03 -2.36715470e-03 4.45142024e-03
88200 8.82000000e+03 3.77917034e-03 -2.22305092e-03 4.38452778e-03
88300 8.83000000e+03 4.01596632e-03 -2.70137168e-03 4.83997876e-03
88400 8.84000000e+03 3.95830953e-03 -2.61159125e-03 4.74221712e-03
88500 8.85000000e+03 4.00380744e-03 -2.71473406e-03 4.83738101e-03
88600 8.86000000e+03 4.13207803e-03 -2.80888099e-03 4.99638682e-03
88700 8.87000000e+03 4.05682903e-03 -2.63300235e-03 4.83637914e-03
88800 8.88000000e+03 4.04693093e-03 -2.52981693e-03 4.77259088e-03
88900 8.89000000e+03 3.94445984e-03 -2.51739542e-03 4.67932080e-03
89000 8.90000000e+03 3.84882838e-03 -2.34884885e-03 4.50894342e-03
89100 8.91000000e+03 3.90421785e-03 -2.39500147e-03 4.58027828e-03
89200 8.92000000e+03 3.92559962e-03 -2.67868442e-03 4.75243965e-03
89300 8.93000000e+03 3.82825173e-03 -2.38849060e-03 4.51224985e-03
89400 8.94000000e+03 3.74860899e-03 -2.44051404e-03 4.47305020e-03
89500 8.95000000e+03 3.86201357e-03 -2.40519503e-03 4.54973757e-03
89600 8.96000000e+03 3.91723355e-03 -2.29251641e-03 4.53876087e-03
89700 8.97000000e+03 3.95375490e-03 -2.19309423e-03 4.52126532e-03
89800 8.98000000e+03 3.88608687e-03 -2.03719991e-03 4.38769354e-03
89900 8.99000000e+03 4.03885124e-03 -2.25430680e-03 4.62538847e-03
90000 9.00000000e+03 3.91869573e-03 -2.26023002e-03 4.52380547e-03
90100 9.01000000e+03 4.04571043e-03 -2.89178034e-03 4.97294344e-03
90200 9.02000000e+03 3.92880384e-03 -2.71415990e-03 4.77516110e-03
90300 9.03000000e+03 3.93447466e-03 -2.66600656e-03 4.75264998e-03
90400 9.04000000e+03 3.97627428e-03 -2.78015598e-03 4.85180631e-03
90500 9.05000000e+03 3.92057840e-03 -2.63104448e-03 4.72158131e-03
90600 9.06000000e+03 3.98932956e-03 -2.47135712e-03 4.69279835e-03
90700 9.07000000e+03 3.90282599e-03 -2.39748415e-03 4.58039092e-03
90800 9.08000000e+03 3.91909527e-03 -2.40650354e-03 4.59897456e-03
90900 9.09000000e+03 3.85365216e-03 -2.36546178e-03 4.52173025e-03
91000 9.10000000e+03 3.79294483e-03 -2.38202815e-03 4.47889368e-03
91100 9.11000000e+03 3.75193451e-03 -2.64350418e-03 4.58967612e-03
91200 9.12000000e+03 3.76439723e-03 -2.59803748e-03 4.57389170e-03
91300 9.13000000e+03 3.82811064e-03 -2.79959757e-03 4.74259187e-03
91400 9.14000000e+03 3.99312889e-03 -3.12852301e-03 5.07274428e-03
91500 9.15000000e+03 3.93523183e-03 -2.88113602e-03 4.87719123e-03
91600 9.16000000e+03 3.97087634e-03 -2.78040441e-03 4.84752592e-03
91700 9.17000000e+03 3.89327412e-03 -2.50070635e-03 4.62721467e-03
91800 9.18000000e+03 3.75928218e-03 -2.48329341e-03 4.50543546e-03
91900 9.19000000e+03 3.84713011e-03 -2.44185724e-03 4.55665194e-03
92000 9.20000000e+03 3.97467380e-03 -2.35435786e-03 4.61963557e-03
92100 9.21000000e+03 4.05232748e-03 -2.40914314e-03 4.71437469e-03
92200 9.22000000e+03 3.86650907e-03 -2.21882900e-03 4.45792491e-03
92300 9.23000000e+03 3.77208320e-03 -2.23074621e-03 4.38233275e-03
92400 9.24000000e+03 4.03477252e-03 -2.50336644e-03 4.74828735e-03
92500 9.25000000e+03 3.96202598e-03 -2.69981800e-03 4.79444127e-03
92600 9.26000000e+03 4.08106856e-03 -2.88719684e-03 4.99910254e-03
92700 9.27000000e+03 4.08780761e-03 -2.71377084e-03 4.90659997e-03
92800 9.28000000e+03 3.99341481e-03 -2.55130301e-03 4.73882991e-03
92900 9.29000000e+03 3.88403051e-03 -2.33271904e-03 4.53070316e-03
93000 9.30000000e+03 3.72846425e-03 -2.20461818e-03 4.33148785e-03
93100 9.31000000e+03 3.78974108e-03 -2.05110526e-03 4.30919601e-03
93200 9.32000000e+03 3.73632647e-03 -2.16736505e-03 4.31944519e-03
93300 9.33000000e+03 3.74382595e-03 -2.09008669e-03 4.28773776e-03
93400 9.34000000e+03 3.73327080e-03 -2.02652276e-03 4.24783538e-03
93500 9.35000000e+03 3.82471434e-03 -2.17501842e-03 4.39990283e-03
93600 9.36000000e+03 3.77232302e-03 -2.01417459e-03 4.27636765e-03
93700 9.37000000e+03 3.71039147e-03 -2.08870415e-03 4.25789735e-03
93800 9.38000000e+03 3.75319901e-03 -2.08792719e-03 4.29487401e-03
93900 9.39000000e+03 3.57811758e-03 -1.77971111e-03 3.99628541e-03
94000 9.40000000e+03 3.53637082e-03 -1.54228893e-03 3.85805309e-03
94100 9.41000000e+03 3.45193152e-03 -1.87370391e-03 3.92767076e-03
94200 9.42000000e+03 3.40070063e-03 -1.82979554e-03 3.86172455e-03
94300 9.43000000e+03 3.54423001e-03 -1.78544025e-03 3.96854675e-03
94400 9.44000000e+03 3.83062661e-03 -1.89872901e-03 4.27537976e-03
94500 9.45000000e+03 3.89572838e-03 -2.01462954e-03 4.38582168e-03
94600 9.46000000e+03 3.88435880e-03 -1.96786667e-03 4.35439347e-03
94700 9.47000000e+03 3.90925258e-03 -1.97227276e-03 4.37859745e-03
94800 9.48000000e+03 3.95952910e-03 -2.02512834e-03 4.44736051e-03
94900 9.49000000e+03 3.89908673e-03 -1.89698709e-03 4.33606243e-03
95000 9.50000000e+03 4.02674638e-03 -1.87916029e-03 4.44363925e-03
95100 9.51000000e+03 3.99223529e-03 -2.23106914e-03 4.57335895e-03
95200 9.52000000e+03 3.83285224e-03 -2.13303231e-03 4.38640890e-03
95300 9.53000000e+03 3.68935522e-03 -1.90028327e-03 4.14999017e-03
95400 9.54000000e+03 3.66200041e-03 -1.85549748e-03 4.10525491e-03
95500 9.55000000e+03 3.76167055e-03 -2.05699820e-03 4.28735431e-03
95600 9.56000000e+03 3.66003509e-03 -2.08415533e-03 4.21183574e-03
95700 9.57000000e+03 3.69552616e-03 -2.12325016e-03 4.26205406e-03
95800 9.58000000e+03 3.79424752e-03 -2.29927991e-03 4.43655298e-03
95900 9.59000000e+03 3.94785590e-03 -2.28757085e-03 4.56273456e-03
96000 9.60000000e+03 4.07923153e-03 -2.49035051e-03 4.77932794e-03
96100 9.61000000e+03 4.10306826e-03 -2.48567853e-03 4.79726661e-03
96200 9.62000000e+03 3.99764068e-03 -2.32150010e-03 4.62282314e-03
96300 9.63000000e+03 4.14976710e-03 -2.43068440e-03 4.80924045e-03
96400 9.64000000e+03 4.01243195e-03 -2.18014838e-03 4.56647097e-03
96500 9.65000000e+03 3.87903582e-03 -2.24311557e-03 4.48090240e-03
96600 9.66000000e+03 3.93792428e-03 -2.43777875e-03 4.63141586e-03
96700 9.67000000e+03 3.97165492e-03 -2.67616683e-03 4.78914520e-03
96800 9.68000000e+03 3.95530649e-03 -2.52586976e-03 4.69302327e-03
96900 9.69000000e+03 3.81675269e-03 -2.39122147e-03 4.50394730e-03
97000 9.70000000e+03 3.80416587e-03 -2.24350579e-03 4.41644611e-03
97100 9.71000000e+03 3.89665435e-03 -2.50278460e-03 4.63118191e-03
97200 9.72000000e+03 3.89655144e-03 -2.41907034e-03 4.58639449e-03
97300 9.73000000e+03 3.94683518e-03 -2.53397971e-03 4.69026237e-03
97400 9.74000000e+03 3.98419052e-03 -2.49399804e-03 4.70040427e-03
97500 9.75000000e+03 4.04277397e-03 -2.46364134e-03 4.73429510e-03
97600 9.76000000e+03 4.05316241e-03 -2.33445968e-03 4.67737400e-03
97700 9.77000000e+03 4.04996425e-03 -2.39171949e-03 4.70345964e-03
97800 9.78000000e+03 4.17635124e-03 -2.37203063e-03 4.80296148e-03
97900 9.79000000e+03 4.00371850e-03 -2.32829340e-03 4.63149133e-03
98000 9.80000000e+03 4.04768996e-03 -2.51790555e-03 4.76693218e-03
98100 9.81000000e+03 4.07968508e-03 -2.60278769e-03 4.83924933e-03
98200 9.82000000e+03 4.08998225e-03 -2.64956173e-03 4.87320553e-03
98300 9.83000000e+03 3.97682143e-03 -2.34608003e-03 4.61727195e-03
98400 9.84000000e+03 3.87714524e-03 -2.40098359e-03 4.56037031e-03
98500 9.85000000e+03 3.75765143e-03 -2.39825738e-03 4.45775534e-03
98600 9.86000000e+03 3.90866958e-03 -2.31861114e-03 4.54462930e-03
98700 9.87000000e+03 3.75706237e-03 -2.11129035e-03 4.30964785e-03
98800 9.88000000e+03 3.94354993e-03 -2.29653716e-03 4.56351499e-03
98900 9.89000000e+03 3.88316391e-03 -2.37618457e-03 4.55249547e-03
99000 9.90000000e+03 3.83070437e-03 -2.76398449e-03 4.72375976e-03
99100 9.91000000e+03 3.87140294e-03 -2.77963141e-03 4.76593238e-03
99200 9.92000000e+03 3.80096817e-03 -2.72834790e-03 4.67880768e-03
99300 9.93000000e+03 3.88439232e-03 -2.72759539e-03 4.74639656e-03
99400 9.94000000e+03 3.72873782e-03 -2.61504459e-03 4.55433244e-03
99500 9.95000000e+03 3.94141022e-03 -2.70314724e-03 4.77930116e-03
99600 9.96000000e+03 3.80248739e-03 -2.72316951e-03 4.67702497e-03
99700 9.97000000e+03 3.76336230e-03 -2.67111184e-03 4.61494683e-03
99800 9.98000000e+03 3.72697716e-03 -2.67738337e-03 4.58898032e-03
99900 9.99000000e+03 3.62966722e-03 -2.68936181e-03 4.51742748e-03
100000 1.00000000e+04 3.50793405e-03 -2.45215814e-03 4.28003280e-03
