# step  t  vx_mean  vy_mean  vmag_mean
0 0.00000000e+00 6.00903202e-03 -4.83911345e-03 7.71527607e-03
100 1.00000000e+01 5.91131346e-03 -4.92737070e-03 7.69562271e-03
200 2.00000000e+01 5.81409037e-03 -4.67807567e-03 7.46244188e-03
300 3.00000000e+01 5.79633052e-03 -4.51398082e-03 7.34666389e-03
400 4.00000000e+01 5.75840473e-03 -4.27506957e-03 7.17185087e-03
500 5.00000000e+01 5.67789376e-03 -3.98136815e-03 6.93467879e-03
600 6.00000000e+01 5.83244301e-03 -4.06684121e-03 7.11031567e-03
700 7.00000000e+01 5.60729858e-03 -3.89823131e-03 6.82920235e-03
800 8.00000000e+01 5.56481816e-03 -3.93543439e-03 6.81577912e-03
900 9.00000000e+01 5.53007051e-03 -3.70638585e-03 6.65724988e-03
1000 1.00000000e+02 5.48299123e-03 -3.46879242e-03 6.48812096e-03
1100 1.10000000e+02 5.41632017e-03 -3.63700744e-03 6.52413575e-03
1200 1.20000000e+02 5.23435604e-03 -3.71038890e-03 6.41603218e-03
1300 1.30000000e+02 5.22700883e-03 -3.59629071e-03 6.34467716e-03
1400 1.40000000e+02 5.18744113e-03 -3.54330894e-03 6.28208434e-03
1500 1.50000000e+02 5.15654776e-03 -3.63705191e-03 6.31016097e-03
1600 1.60000000e+02 5.25532197e-03 -3.63974227e-03 6.39266242e-03
1700 1.70000000e+02 5.40570309e-03 -3.68122105e-03 6.54010813e-03
1800 1.80000000e+02 5.55696245e-03 -3.99568677e-03 6.84436589e-03
1900 1.90000000e+02 5.73730422e-03 -4.08253074e-03 7.04157063e-03
2000 2.00000000e+02 5.68657927e-03 -3.98505619e-03 6.94390788e-03
2100 2.10000000e+02 5.89667680e-03 -4.13107825e-03 7.19976422e-03
2200 2.20000000e+02 6.10377965e-03 -4.61936276e-03 7.65471348e-03
2300 2.30000000e+02 5.88535564e-03 -4.40170104e-03 7.34931174e-03
2400 2.40000000e+02 5.75547572e-03 -4.42384509e-03 7.25919460e-03
2500 2.50000000e+02 5.76807139e-03 -4.50018793e-03 7.31589633e-03
2600 2.60000000e+02 5.62628033e-03 -4.19244170e-03 7.01652319e-03
2700 2.70000000e+02 5.59216458e-03 -3.75012681e-03 6.73318319e-03
2800 2.80000000e+02 5.57996659e-03 -3.37688625e-03 6.52222261e-03
2900 2.90000000e+02 5.54663502e-03 -3.37736309e-03 6.49397732e-03
3000 3.00000000e+02 5.41485753e-03 -3.22086527e-03 6.30036945e-03
3100 3.10000000e+02 5.62776905e-03 -3.84835061e-03 6.81774060e-03
3200 3.20000000e+02 5.51669020e-03 -3.52751743e-03 6.54807224e-03
3300 3.30000000e+02 5.45048388e-03 -3.51305050e-03 6.48454303e-03
3400 3.40000000e+02 5.56408148e-03 -3.47285671e-03 6.55894324e-03
3500 3.50000000e+02 5.45151066e-03 -3.28619988e-03 6.36538122e-03
3600 3.60000000e+02 5.46669355e-03 -3.61700961e-03 6.55495972e-03
3700 3.70000000e+02 5.53318672e-03 -3.59215168e-03 6.59694694e-03
3800 3.80000000e+02 5.63390274e-03 -3.65656056e-03 6.71649426e-03
3900 3.90000000e+02 5.72040631e-03 -4.05612448e-03 7.01250270e-03
4000 4.00000000e+02 5.62352687e-03 -4.02541924e-03 6.91578300e-03
4100 4.10000000e+02 5.76451002e-03 -4.18044627e-03 7.12079397e-03
4200 4.20000000e+02 5.56931691e-03 -4.25789738e-03 7.01049078e-03
4300 4.30000000e+02 5.70035027e-03 -4.24767146e-03 7.10891736e-03
4400 4.40000000e+02 5.54786809e-03 -4.29652911e-03 7.01705085e-03
4500 4.50000000e+02 5.51980082e-03 -3.99487698e-03 6.81375397e-03
4600 4.60000000e+02 5.60669880e-03 -3.92636796e-03 6.84481094e-03
4700 4.70000000e+02 5.86768147e-03 -3.97765590e-03 7.08882446e-03
4800 4.80000000e+02 6.09340658e-03 -4.14170977e-03 7.36772445e-03
4900 4.90000000e+02 5.98571450e-03 -4.06265492e-03 7.23422027e-03
5000 5.00000000e+02 6.20129798e-03 -3.95603012e-03 7.35569649e-03
5100 5.10000000e+02 6.19437080e-03 -3.91387008e-03 7.32725109e-03
5200 5.20000000e+02 6.17734017e-03 -3.91935371e-03 7.31579559e-03
5300 5.30000000e+02 6.06794329e-03 -3.57666006e-03 7.04360937e-03
5400 5.40000000e+02 6.20932365e-03 -3.52883292e-03 7.14201386e-03
5500 5.50000000e+02 6.15515327e-03 -3.53882648e-03 7.09994399e-03
5600 5.60000000e+02 6.08312245e-03 -3.53980809e-03 7.03808356e-03
5700 5.70000000e+02 5.99110126e-03 -3.65719828e-03 7.01914479e-03
5800 5.80000000e+02 6.13860367e-03 -3.80694773e-03 7.22324761e-03
5900 5.90000000e+02 6.17363537e-03 -4.24223905e-03 7.49068527e-03
6000 6.00000000e+02 6.19013608e-03 -4.20459686e-03 7.48307553e-03
6100 6.10000000e+02 6.19006716e-03 -4.30010492e-03 7.53709717e-03
6200 6.20000000e+02 6.03674259e-03 -3.98020353e-03 7.23078704e-03
6300 6.30000000e+02 6.04905467e-03 -3.78389098e-03 7.13504684e-03
6400 6.40000000e+02 5.98609541e-03 -3.76959587e-03 7.07412124e-03
6500 6.50000000e+02 5.82114235e-03 -3.72367748e-03 6.91024400e-03
6600 6.60000000e+02 5.65807428e-03 -3.81028769e-03 6.82144390e-03
6700 6.70000000e+02 5.48586529e-03 -3.73036670e-03 6.63402997e-03
6800 6.80000000e+02 5.31434361e-03 -3.93426046e-03 6.61215951e-03
6900 6.90000000e+02 5.23674395e-03 -3.70024261e-03 6.41211997e-03
7000 7.00000000e+02 5.44904498e-03 -3.84732615e-03 6.67038303e-03
7100 7.10000000e+02 5.25270076e-03 -3.87051748e-03 6.52470466e-03
7200 7.20000000e+02 5.29257581e-03 -3.65277845e-03 6.43071917e-03
7300 7.30000000e+02 5.30503597e-03 -3.51237599e-03 6.36240456e-03
7400 7.40000000e+02 5.26404893e-03 -3.44103063e-03 6.28895086e-03
7500 7.50000000e+02 5.21332910e-03 -3.70237045e-03 6.39424329e-03
7600 7.60000000e+02 5.23762638e-03 -3.65871727e-03 6.38897035e-03
7700 7.70000000e+02 5.21111116e-03 -3.66955157e-03 6.37348321e-03
7800 7.80000000e+02 5.11398306e-03 -3.64304823e-03 6.27890302e-03
7900 7.90000000e+02 5.27995266e-03 -3.86519590e-03 6.54351889e-03
8000 8.00000000e+02 5.36885299e-03 -3.87988007e-03 6.62405101e-03
8100 8.10000000e+02 5.38141606e-03 -4.01717005e-03 6.71545189e-03
8200 8.20000000e+02 5.43152681e-03 -3.80337471e-03 6.63077240e-03
8300 8.30000000e+02 5.82464505e-03 -3.95889208e-03 7.04267821e-03
8400 8.40000000e+02 5.84075181e-03 -3.83992749e-03 6.98995170e-03
8500 8.50000000e+02 5.81752975e-03 -3.73158511e-03 6.91146726e-03
8600 8.60000000e+02 5.79705648e-03 -3.40769649e-03 6.72445234e-03
8700 8.70000000e+02 5.92733407e-03 -3.74516891e-03 7.01138926e-03
8800 8.80000000e+02 5.83077967e-03 -3.66447517e-03 6.88668061e-03
8900 8.90000000e+02 5.81089500e-03 -3.69110703e-03 6.88409557e-03
9000 9.00000000e+02 5.72807435e-03 -3.59895569e-03 6.76485904e-03
9100 9.10000000e+02 5.93475485e-03 -3.58151691e-03 6.93170820e-03
9200 9.20000000e+02 5.93032315e-03 -3.61080840e-03 6.94310233e-03
9300 9.30000000e+02 5.96263912e-03 -3.58777517e-03 6.95882144e-03
9400 9.40000000e+02 5.85199799e-03 -3.92430509e-03 7.04599538e-03
9500 9.50000000e+02 5.79866022e-03 -3.82965547e-03 6.94915256e-03
9600 9.60000000e+02 5.74765448e-03 -3.99419758e-03 6.99922469e-03
9700 9.70000000e+02 5.74842189e-03 -4.06124536e-03 7.03832850e-03
9800 9.80000000e+02 5.67463087e-03 -4.13121516e-03 7.01914341e-03
9900 9.90000000e+02 5.84105868e-03 -4.03226074e-03 7.09768224e-03
10000 1.00000000e+03 5.98144345e-03 -4.15072218e-03 7.28053297e-03
10100 1.01000000e+03 5.96367521e-03 -4.08957480e-03 7.23118552e-03
10200 1.02000000e+03 6.04491495e-03 -4.19862429e-03 7.35998931e-03
10300 1.03000000e+03 5.93770621e-03 -4.08068299e-03 7.20474349e-03
10400 1.04000000e+03 5.91643527e-03 -3.89042101e-03 7.08093087e-03
10500 1.05000000e+03 5.72940195e-03 -4.02337452e-03 7.00097059e-03
10600 1.06000000e+03 5.66252787e-03 -3.88772972e-03 6.86867267e-03
10700 1.07000000e+03 5.56784356e-03 -3.81706655e-03 6.75062064e-03
10800 1.08000000e+03 5.70479315e-03 -4.08411492e-03 7.01602876e-03
10900 1.09000000e+03 5.88283734e-03 -4.00597742e-03 7.11727689e-03
11000 1.10000000e+03 5.76516241e-03 -3.80316563e-03 6.90660310e-03
11100 1.11000000e+03 5.70762437e-03 -3.77609977e-03 6.84367631e-03
11200 1.12000000e+03 5.61840320e-03 -3.76180117e-03 6.76147932e-03
11300 1.13000000e+03 5.80205023e-03 -4.33680508e-03 7.24373282e-03
11400 1.14000000e+03 5.80992969e-03 -4.35348600e-03 7.26003604e-03
11500 1.15000000e+03 5.81258535e-03 -4.28016251e-03 7.21844440e-03
11600 1.16000000e+03 5.76634938e-03 -4.18197038e-03 7.12317776e-03
11700 1.17000000e+03 5.71092125e-03 -4.06993926e-03 7.01277599e-03
11800 1.18000000e+03 5.65900421e-03 -4.05376870e-03 6.96113276e-03
11900 1.19000000e+03 5.66847855e-03 -3.86354281e-03 6.85992800e-03
12000 1.20000000e+03 5.74748777e-03 -4.30882350e-03 7.18328446e-03
12100 1.21000000e+03 5.77883795e-03 -4.34816722e-03 7.23197941e-03
12200 1.22000000e+03 5.85086364e-03 -4.06537531e-03 7.12459696e-03
12300 1.23000000e+03 5.66476258e-03 -3.76740261e-03 6.80315055e-03
12400 1.24000000e+03 5.66866854e-03 -3.82269849e-03 6.83716511e-03
12500 1.25000000e+03 5.86280366e-03 -4.10463661e-03 7.15685046e-03
12600 1.26000000e+03 5.70485648e-03 -3.80622363e-03 6.85804095e-03
12700 1.27000000e+03 5.72274905e-03 -3.83436237e-03 6.88855511e-03
12800 1.28000000e+03 5.92475990e-03 -3.96456197e-03 7.12885204e-03
12900 1.29000000e+03 5.86998090e-03 -3.91934253e-03 7.05818119e-03
13000 1.30000000e+03 5.81389619e-03 -3.99704184e-03 7.05533361e-03
13100 1.31000000e+03 5.70482900e-03 -3.98808857e-03 6.96059799e-03
13200 1.32000000e+03 5.61991893e-03 -3.60227679e-03 6.67531923e-03
13300 1.33000000e+03 5.65315085e-03 -3.68654262e-03 6.74897851e-03
13400 1.34000000e+03 5.74065186e-03 -3.87250446e-03 6.92469310e-03
13500 1.35000000e+03 5.63226361e-03 -3.71108390e-03 6.74496383e-03
13600 1.36000000e+03 5.78272017e-03 -3.55612859e-03 6.78865989e-03
13700 1.37000000e+03 5.66728087e-03 -3.26791452e-03 6.54196743e-03
13800 1.38000000e+03 5.60916867e-03 -3.46327899e-03 6.59219801e-03
13900 1.39000000e+03 5.61511936e-03 -3.37978313e-03 6.55381564e-03
14000 1.40000000e+03 5.56046516e-03 -3.41206207e-03 6.52387464e-03
14100 1.41000000e+03 5.58566023e-03 -3.37295863e-03 6.52506322e-03
14200 1.42000000e+03 5.70493564e-03 -3.41617689e-03 6.64955301e-03
14300 1.43000000e+03 5.93242515e-03 -3.62178800e-03 6.95061267e-03
14400 1.44000000e+03 5.93837118e-03 -3.49546550e-03 6.89075695e-03
14500 1.45000000e+03 6.03882503e-03 -3.50231165e-03 6.98094511e-03
14600 1.46000000e+03 5.78438956e-03 -3.72807612e-03 6.88169413e-03
14700 1.47000000e+03 5.69927134e-03 -3.65667325e-03 6.77148086e-03
14800 1.48000000e+03 5.65607380e-03 -3.84123367e-03 6.83712271e-03
14900 1.49000000e+03 5.68494108e-03 -3.68408603e-03 6.77429294e-03
15000 1.50000000e+03 5.79374889e-03 -3.83106084e-03 6.94582992e-03
15100 1.51000000e+03 5.72387595e-03 -3.88062047e-03 6.91534316e-03
15200 1.52000000e+03 5.70333283e-03 -3.54559580e-03 6.71559789e-03
15300 1.53000000e+03 5.90715045e-03 -3.87893454e-03 7.06686349e-03
15400 1.54000000e+03 5.75859845e-03 -3.72165581e-03 6.85654272e-03
15500 1.55000000e+03 5.85173070e-03 -4.27808333e-03 7.24877571e-03
15600 1.56000000e+03 6.01020083e-03 -4.17762809e-03 7.31950069e-03
15700 1.57000000e+03 5.90111222e-03 -3.95637285e-03 7.10464718e-03
15800 1.58000000e+03 5.92198223e-03 -3.80645692e-03 7.03981447e-03
15900 1.59000000e+03 5.88477449e-03 -3.98453278e-03 7.10683279e-03
16000 1.60000000e+03 5.99808432e-03 -4.04757960e-03 7.23601521e-03
16100 1.61000000e+03 5.96259627e-03 -4.05660411e-03 7.21169822e-03
16200 1.62000000e+03 5.82667161e-03 -3.85689479e-03 6.98754173e-03
16300 1.63000000e+03 6.06818032e-03 -4.01079888e-03 7.27387929e-03
16400 1.64000000e+03 6.09132741e-03 -3.91631946e-03 7.24167299e-03
16500 1.65000000e+03 6.04934944e-03 -4.05592844e-03 7.28321249e-03
16600 1.66000000e+03 6.02117041e-03 -4.24265023e-03 7.36577044e-03
16700 1.67000000e+03 6.08777627e-03 -4.19844734e-03 7.39513218e-03
16800 1.68000000e+03 5.91462478e-03 -3.93282482e-03 7.10280912e-03
16900 1.69000000e+03 5.67462295e-03 -3.91855091e-03 6.89611390e-03
17000 1.70000000e+03 5.88271860e-03 -4.18082578e-03 7.21704111e-03
17100 1.71000000e+03 5.78426803e-03 -4.13337536e-03 7.10932827e-03
17200 1.72000000e+03 5.68124792e-03 -4.22565918e-03 7.08045009e-03
17300 1.73000000e+03 5.59798069e-03 -4.00946243e-03 6.88572268e-03
17400 1.74000000e+03 5.74004184e-03 -4.47417097e-03 7.27779405e-03
17500 1.75000000e+03 5.52941579e-03 -4.22304589e-03 6.95762572e-03
17600 1.76000000e+03 5.47856931e-03 -4.10174904e-03 6.84390728e-03
17700 1.77000000e+03 5.44343237e-03 -4.16522659e-03 6.85420079e-03
17800 1.78000000e+03 5.62880561e-03 -4.11474798e-03 6.97241734e-03
17900 1.79000000e+03 5.64563181e-03 -4.05375054e-03 6.95025554e-03
18000 1.80000000e+03 5.74622490e-03 -4.00599744e-03 7.00479236e-03
18100 1.81000000e+03 5.83231589e-03 -3.93779902e-03 7.03719900e-03
18200 1.82000000e+03 5.73009998e-03 -3.74352094e-03 6.84455950e-03
18300 1.83000000e+03 5.95430098e-03 -3.71237705e-03 7.01679724e-03
18400 1.84000000e+03 5.89081319e-03 -3.52538587e-03 6.86513114e-03
18500 1.85000000e+03 5.97393187e-03 -3.38833896e-03 6.86794750e-03
18600 1.86000000e+03 6.28559012e-03 -3.49189481e-03 7.19040837e-03
18700 1.87000000e+03 6.52821874e-03 -3.79720214e-03 7.55224364e-03
18800 1.88000000e+03 6.30715583e-03 -3.82084283e-03 7.37421552e-03
18900 1.89000000e+03 6.25051046e-03 -3.56506743e-03 7.19573393e-03
19000 1.90000000e+03 6.04042411e-03 -3.44141270e-03 6.95198136e-03
19100 1.91000000e+03 5.81010105e-03 -3.47119290e-03 6.76804657e-03
19200 1.92000000e+03 5.78787411e-03 -3.64198512e-03 6.83838741e-03
19300 1.93000000e+03 5.65748988e-03 -3.69782466e-03 6.75877940e-03
19400 1.94000000e+03 5.87970577e-03 -3.61024518e-03 6.89962392e-03
19500 1.95000000e+03 5.69291925e-03 -3.31233814e-03 6.58641887e-03
19600 1.96000000e+03 5.72518446e-03 -3.06896586e-03 6.49586703e-03
19700 1.97000000e+03 5.60715888e-03 -3.20870965e-03 6.46034428e-03
19800 1.98000000e+03 5.57910185e-03 -3.11209401e-03 6.38838842e-03
19900 1.99000000e+03 5.67623507e-03 -3.44648072e-03 6.64062301e-03
20000 2.00000000e+03 5.47333620e-03 -3.67056951e-03 6.59018131e-03
20100 2.01000000e+03 5.67217730e-03 -3.72157735e-03 6.78407940e-03
20200 2.02000000e+03 5.70283737e-03 -3.74620780e-03 6.82322702e-03
20300 2.03000000e+03 5.75599307e-03 -3.84510867e-03 6.92216129e-03
20400 2.04000000e+03 5.69707341e-03 -3.94820282e-03 6.93144653e-03
20500 2.05000000e+03 5.81141608e-03 -3.83037142e-03 6.96019411e-03
20600 2.06000000e+03 5.74472640e-03 -3.70898424e-03 6.83801473e-03
20700 2.07000000e+03 5.69540681e-03 -3.68894823e-03 6.78572014e-03
20800 2.08000000e+03 5.83806448e-03 -3.74529278e-03 6.93615274e-03
20900 2.09000000e+03 5.98379364e-03 -3.92507389e-03 7.15625540e-03
21000 2.10000000e+03 5.68764424e-03 -3.81299597e-03 6.84749847e-03
21100 2.11000000e+03 5.81824500e-03 -3.67967365e-03 6.88418282e-03
21200 2.12000000e+03 5.69216907e-03 -3.51116084e-03 6.68797721e-03
21300 2.13000000e+03 6.06233440e-03 -3.93198617e-03 7.22581578e-03
21400 2.14000000e+03 6.04433427e-03 -3.96787981e-03 7.23035593e-03
21500 2.15000000e+03 6.06136350e-03 -3.88216344e-03 7.19800809e-03
21600 2.16000000e+03 5.93028823e-03 -3.76080815e-03 7.02225010e-03
21700 2.17000000e+03 5.89281088e-03 -3.85895604e-03 7.04391665e-03
21800 2.18000000e+03 5.95506513e-03 -3.56100989e-03 6.93855836e-03
21900 2.19000000e+03 5.88719640e-03 -3.47329210e-03 6.83541070e-03
22000 2.20000000e+03 5.99506730e-03 -3.51923076e-03 6.95167728e-03
22100 2.21000000e+03 6.11026585e-03 -3.94016039e-03 7.27050292e-03
22200 2.22000000e+03 6.27865037e-03 -3.99315590e-03 7.44088331e-03
22300 2.23000000e+03 6.17931411e-03 -4.11449047e-03 7.42380998e-03
22400 2.24000000e+03 6.27700891e-03 -4.40005027e-03 7.66559086e-03
22500 2.25000000e+03 6.25633867e-03 -4.20182990e-03 7.53638827e-03
22600 2.26000000e+03 6.17652433e-03 -4.16230084e-03 7.44810050e-03
22700 2.27000000e+03 6.14896510e-03 -4.43691202e-03 7.58260905e-03
22800 2.28000000e+03 5.99102629e-03 -4.08645673e-03 7.25200142e-03
22900 2.29000000e+03 6.02452736e-03 -4.10253042e-03 7.28873692e-03
23000 2.30000000e+03 5.88425994e-03 -4.26294422e-03 7.26616876e-03
23100 2.31000000e+03 5.77062275e-03 -4.10346268e-03 7.08085397e-03
23200 2.32000000e+03 5.87516231e-03 -3.95471603e-03 7.08218265e-03
23300 2.33000000e+03 5.74603677e-03 -3.79177788e-03 6.88436766e-03
23400 2.34000000e+03 5.82259940e-03 -3.84074054e-03 6.97523847e-03
23500 2.35000000e+03 5.68425376e-03 -3.84730077e-03 6.86385198e-03
23600 2.36000000e+03 5.57927787e-03 -3.69190099e-03 6.69017746e-03
23700 2.37000000e+03 5.62258391e-03 -3.82468500e-03 6.80012244e-03
23800 2.38000000e+03 5.75078093e-03 -3.57578788e-03 6.77183433e-03
23900 2.39000000e+03 6.04256382e-03 -3.71743366e-03 7.09449720e-03
24000 2.40000000e+03 6.05411828e-03 -3.56028811e-03 7.02338946e-03
24100 2.41000000e+03 5.84948994e-03 -3.70912906e-03 6.92633893e-03
24200 2.42000000e+03 5.98612521e-03 -3.63186677e-03 7.00172488e-03
24300 2.43000000e+03 5.89995831e-03 -3.60351242e-03 6.91337905e-03
24400 2.44000000e+03 5.87226963e-03 -3.79552925e-03 6.99210933e-03
24500 2.45000000e+03 5.96327707e-03 -3.95227456e-03 7.15410006e-03
24600 2.46000000e+03 6.18130527e-03 -4.06245608e-03 7.39676174e-03
24700 2.47000000e+03 6.26079366e-03 -3.88471037e-03 7.36807382e-03
24800 2.48000000e+03 6.13867817e-03 -3.65317240e-03 7.14346123e-03
24900 2.49000000e+03 6.16781134e-03 -3.73193668e-03 7.20896998e-03
25000 2.50000000e+03 6.24017604e-03 -3.74414679e-03 7.27725444e-03
25100 2.51000000e+03 6.21173438e-03 -3.57325329e-03 7.16615539e-03
25200 2.52000000e+03 6.16961252e-03 -3.87928914e-03 7.28786683e-03
25300 2.53000000e+03 6.07232843e-03 -3.80484643e-03 7.16589345e-03
25400 2.54000000e+03 5.91535959e-03 -4.09462070e-03 7.19426145e-03
25500 2.55000000e+03 5.86675201e-03 -3.84867331e-03 7.01648526e-03
25600 2.56000000e+03 5.82168344e-03 -3.97322234e-03 7.04829723e-03
25700 2.57000000e+03 5.93135552e-03 -3.84362647e-03 7.06784570e-03
25800 2.58000000e+03 5.85195329e-03 -3.89440218e-03 7.02934746e-03
25900 2.59000000e+03 5.84396487e-03 -3.85596650e-03 7.00145721e-03
26000 2.60000000e+03 6.02765242e-03 -3.99058778e-03 7.22892692e-03
26100 2.61000000e+03 5.99380163e-03 -3.83542897e-03 7.11590988e-03
26200 2.62000000e+03 5.70547767e-03 -3.68742668e-03 6.79334902e-03
26300 2.63000000e+03 5.52474428e-03 -3.95512301e-03 6.79454174e-03
26400 2.64000000e+03 5.56959957e-03 -4.01945412e-03 6.86851154e-03
26500 2.65000000e+03 5.41089009e-03 -3.87354707e-03 6.65447959e-03
26600 2.66000000e+03 5.45020401e-03 -3.65278311e-03 6.56106304e-03
26700 2.67000000e+03 5.39679779e-03 -3.46670439e-03 6.41431724e-03
26800 2.68000000e+03 5.40100038e-03 -3.74055607e-03 6.56982228e-03
26900 2.69000000e+03 5.48525527e-03 -3.81816924e-03 6.68329572e-03
27000 2.70000000e+03 5.41562447e-03 -3.69659439e-03 6.55696565e-03
27100 2.71000000e+03 5.59927151e-03 -3.98790790e-03 6.87424547e-03
27200 2.72000000e+03 5.61110303e-03 -3.78131890e-03 6.76630252e-03
27300 2.73000000e+03 5.50207729e-03 -3.61596234e-03 6.58392270e-03
27400 2.74000000e+03 5.38484706e-03 -3.65544995e-03 6.50837093e-03
27500 2.75000000e+03 5.46440622e-03 -3.40919290e-03 6.44067788e-03
27600 2.76000000e+03 5.37500624e-03 -3.59563879e-03 6.46678516e-03
27700 2.77000000e+03 5.17805945e-03 -3.52150085e-03 6.26204982e-03
27800 2.78000000e+03 5.30736893e-03 -3.79439536e-03 6.52423185e-03
27900 2.79000000e+03 5.53019531e-03 -3.89036117e-03 6.76150650e-03
28000 2.80000000e+03 5.72456094e-03 -3.96451727e-03 6.96333218e-03
28100 2.81000000e+03 5.72892046e-03 -4.13665501e-03 7.06628929e-03
28200 2.82000000e+03 5.96806454e-03 -4.31430433e-03 7.36417111e-03
28300 2.83000000e+03 5.99390641e-03 -4.54458594e-03 7.52197949e-03
28400 2.84000000e+03 6.13289420e-03 -4.57328092e-03 7.65031304e-03
28500 2.85000000e+03 5.98185649e-03 -4.36700229e-03 7.40630245e-03
28600 2.86000000e+03 6.05566241e-03 -4.47375700e-03 7.52898060e-03
28700 2.87000000e+03 5.75675536e-03 -4.39601671e-03 7.24328621e-03
28800 2.88000000e+03 5.62760979e-03 -4.21940256e-03 7.03372944e-03
28900 2.89000000e+03 5.66138420e-03 -3.90908821e-03 6.87984314e-03
29000 2.90000000e+03 5.61734103e-03 -3.69409705e-03 6.72315947e-03
29100 2.91000000e+03 5.65595925e-03 -3.64465197e-03 6.72854836e-03
29200 2.92000000e+03 5.74552268e-03 -3.43789603e-03 6.69553283e-03
29300 2.93000000e+03 5.61544346e-03 -3.52154672e-03 6.62831023e-03
29400 2.94000000e+03 5.58385532e-03 -3.32967541e-03 6.50124439e-03
29500 2.95000000e+03 5.77943260e-03 -3.56335985e-03 6.78965202e-03
29600 2.96000000e+03 5.50300255e-03 -3.29432031e-03 6.41370279e-03
29700 2.97000000e+03 5.50767034e-03 -3.49730346e-03 6.52422901e-03
29800 2.98000000e+03 5.61495358e-03 -3.51448264e-03 6.62414462e-03
29900 2.99000000e+03 5.67153748e-03 -3.66366399e-03 6.75194573e-03
30000 3.00000000e+03 5.61867375e-03 -3.64490272e-03 6.69737341e-03
30100 3.01000000e+03 5.72370738e-03 -3.68992169e-03 6.81001823e-03
30200 3.02000000e+03 5.78102330e-03 -3.77455028e-03 6.90416252e-03
30300 3.03000000e+03 5.79645997e-03 -3.89091950e-03 6.98127515e-03
30400 3.04000000e+03 5.79935219e-03 -3.94649012e-03 7.01478938e-03
30500 3.05000000e+03 5.87892625e-03 -3.73582332e-03 6.96549710e-03
30600 3.06000000e+03 5.78483706e-03 -3.99096683e-03 7.02795533e-03
30700 3.07000000e+03 5.83429262e-03 -3.97289405e-03 7.05853083e-03
30800 3.08000000e+03 5.91786252e-03 -3.77251720e-03 7.01804694e-03
30900 3.09000000e+03 6.06497237e-03 -3.86350183e-03 7.19100384e-03
31000 3.10000000e+03 6.18915819e-03 -3.94224701e-03 7.33805087e-03
31100 3.11000000e+03 6.18497934e-03 -4.08788398e-03 7.41382256e-03
31200 3.12000000e+03 6.25224318e-03 -3.88201140e-03 7.35938566e-03
31300 3.13000000e+03 6.22285809e-03 -3.70930647e-03 7.24450946e-03
31400 3.14000000e+03 6.03399985e-03 -3.59948003e-03 7.02605228e-03
31500 3.15000000e+03 5.99628175e-03 -3.61833442e-03 7.00340908e-03
31600 3.16000000e+03 5.98415872e-03 -3.71836778e-03 7.04531153e-03
31700 3.17000000e+03 5.77577017e-03 -3.51867452e-03 6.76317910e-03
31800 3.18000000e+03 5.83879743e-03 -3.64699354e-03 6.88419329e-03
31900 3.19000000e+03 5.97996218e-03 -3.68792913e-03 7.02572195e-03
32000 3.20000000e+03 5.91895543e-03 -3.80781060e-03 7.03800078e-03
32100 3.21000000e+03 6.14107028e-03 -4.31532552e-03 7.50564977e-03
32200 3.22000000e+03 6.14260975e-03 -4.07363893e-03 7.37063015e-03
32300 3.23000000e+03 6.01945771e-03 -4.06662701e-03 7.26438754e-03
32400 3.24000000e+03 6.03623828e-03 -4.00759187e-03 7.24547894e-03
32500 3.25000000e+03 5.90418372e-03 -3.63261229e-03 6.93218995e-03
32600 3.26000000e+03 5.89005183e-03 -3.94024793e-03 7.08648463e-03
32700 3.27000000e+03 5.73476264e-03 -3.66911106e-03 6.80807451e-03
32800 3.28000000e+03 5.84545126e-03 -3.89057724e-03 7.02181541e-03
32900 3.29000000e+03 5.50231710e-03 -3.59242246e-03 6.57122459e-03
33000 3.30000000e+03 5.32688061e-03 -3.77432886e-03 6.52849258e-03
33100 3.31000000e+03 5.39167970e-03 -4.12825774e-03 6.79063488e-03
33200 3.32000000e+03 5.32711437e-03 -3.90096754e-03 6.60270363e-03
33300 3.33000000e+03 5.43580251e-03 -4.07239143e-03 6.79207780e-03
33400 3.34000000e+03 5.37989242e-03 -3.97085445e-03 6.68662303e-03
33500 3.35000000e+03 5.23584988e-03 -3.65548371e-03 6.38566247e-03
33600 3.36000000e+03 5.00825653e-03 -3.58033041e-03 6.15641123e-03
33700 3.37000000e+03 5.01802983e-03 -3.84280877e-03 6.32042741e-03
33800 3.38000000e+03 5.19728381e-03 -3.81770381e-03 6.44876898e-03
33900 3.39000000e+03 5.14112180e-03 -3.78644513e-03 6.38500588e-03
34000 3.40000000e+03 5.10671129e-03 -3.93110188e-03 6.44453739e-03
34100 3.41000000e+03 5.28529054e-03 -4.25877608e-03 6.78759676e-03
34200 3.42000000e+03 5.37448004e-03 -4.12774179e-03 6.77667234e-03
34300 3.43000000e+03 5.53703820e-03 -4.07231227e-03 6.87331938e-03
34400 3.44000000e+03 5.68268728e-03 -4.14813589e-03 7.03562123e-03
34500 3.45000000e+03 5.65606961e-03 -3.94242583e-03 6.89447930e-03
34600 3.46000000e+03 5.70538407e-03 -3.95613164e-03 6.94279374e-03
34700 3.47000000e+03 5.84056228e-03 -3.82211432e-03 6.98002333e-03
34800 3.48000000e+03 5.79096982e-03 -3.66819045e-03 6.85499472e-03
34900 3.49000000e+03 5.81019092e-03 -3.78558529e-03 6.93462144e-03
35000 3.50000000e+03 5.84462564e-03 -3.59176635e-03 6.86006082e-03
35100 3.51000000e+03 5.73328277e-03 -3.53354518e-03 6.73472144e-03
35200 3.52000000e+03 5.69564570e-03 -3.58832581e-03 6.73175029e-03
35300 3.53000000e+03 6.00240054e-03 -3.83527996e-03 7.12307410e-03
35400 3.54000000e+03 6.01231540e-03 -3.61989369e-03 7.01794605e-03
35500 3.55000000e+03 5.76923182e-03 -3.89052322e-03 6.95846296e-03
35600 3.56000000e+03 5.72624709e-03 -4.02021641e-03 6.99657386e-03
35700 3.57000000e+03 5.65770874e-03 -3.98333604e-03 6.91929434e-03
35800 3.58000000e+03 5.63044567e-03 -3.89455655e-03 6.84612950e-03
35900 3.59000000e+03 5.53473178e-03 -3.95860430e-03 6.80468985e-03
36000 3.60000000e+03 5.61299454e-03 -4.18010214e-03 6.99849710e-03
36100 3.61000000e+03 5.73209208e-03 -4.03030403e-03 7.00715564e-03
36200 3.62000000e+03 5.90510340e-03 -4.29507066e-03 7.30190921e-03
36300 3.63000000e+03 5.89687750e-03 -4.26850375e-03 7.27964892e-03
36400 3.64000000e+03 5.86243998e-03 -4.07268200e-03 7.13827299e-03
36500 3.65000000e+03 5.85689768e-03 -4.04747110e-03 7.11935901e-03
36600 3.66000000e+03 5.73475566e-03 -4.00974508e-03 6.99753371e-03
36700 3.67000000e+03 5.73019823e-03 -4.01328318e-03 6.99582830e-03
36800 3.68000000e+03 5.70362806e-03 -3.99117125e-03 6.96138069e-03
36900 3.69000000e+03 5.70765464e-03 -3.87378666e-03 6.89808267e-03
37000 3.70000000e+03 5.81751764e-03 -3.98080051e-03 7.04913358e-03
37100 3.71000000e+03 5.86766237e-03 -3.90457199e-03 7.04805960e-03
37200 3.72000000e+03 5.84381493e-03 -3.96598782e-03 7.06252309e-03
37300 3.73000000e+03 5.62577369e-03 -3.75687960e-03 6.76487057e-03
37400 3.74000000e+03 5.84057393e-03 -4.03158227e-03 7.09689787e-03
37500 3.75000000e+03 5.88198425e-03 -4.33363486e-03 7.30603380e-03
37600 3.76000000e+03 5.82982972e-03 -4.39252472e-03 7.29939641e-03
37700 3.77000000e+03 5.73179685e-03 -4.09192778e-03 7.04253989e-03
37800 3.78000000e+03 5.78454463e-03 -3.94711411e-03 7.00290413e-03
37900 3.79000000e+03 5.76116238e-03 -3.97232641e-03 6.99788318e-03
38000 3.80000000e+03 5.72444545e-03 -3.77815426e-03 6.85884286e-03
38100 3.81000000e+03 5.68996789e-03 -4.11949493e-03 7.02466889e-03
38200 3.82000000e+03 6.06176490e-03 -4.53385292e-03 7.56973024e-03
38300 3.83000000e+03 5.94188087e-03 -4.45355196e-03 7.42563622e-03
38400 3.84000000e+03 5.81076834e-03 -3.78313544e-03 6.93376828e-03
38500 3.85000000e+03 5.73715381e-03 -3.73004214e-03 6.84310954e-03
38600 3.86000000e+03 5.70987258e-03 -3.75865679e-03 6.83594513e-03
38700 3.87000000e+03 5.75850904e-03 -3.82799678e-03 6.91476578e-03
38800 3.88000000e+03 5.78032201e-03 -3.71798500e-03 6.87281129e-03
38900 3.89000000e+03 5.73498197e-03 -3.68991494e-03 6.81949342e-03
39000 3.90000000e+03 5.75641915e-03 -3.74770863e-03 6.86889230e-03
39100 3.91000000e+03 5.69305057e-03 -3.76461120e-03 6.82518295e-03
39200 3.92000000e+03 5.60672441e-03 -3.76190431e-03 6.75183551e-03
39300 3.93000000e+03 5.50193526e-03 -3.61318514e-03 6.58227912e-03
39400 3.94000000e+03 5.46780694e-03 -3.52447014e-03 6.50529035e-03
39500 3.95000000e+03 5.70450816e-03 -3.72910360e-03 6.81524959e-03
39600 3.96000000e+03 5.92435524e-03 -3.81524488e-03 7.04656502e-03
39700 3.97000000e+03 5.65017713e-03 -3.59388720e-03 6.69630696e-03
39800 3.98000000e+03 5.70827350e-03 -3.42257204e-03 6.65570325e-03
39900 3.99000000e+03 5.61998226e-03 -3.29439528e-03 6.51438722e-03
40000 4.00000000e+03 5.69520192e-03 -3.37763014e-03 6.62145832e-03
40100 4.01000000e+03 5.59112662e-03 -3.27438931e-03 6.47937669e-03
40200 4.02000000e+03 5.72542707e-03 -3.52366921e-03 6.72285354e-03
40300 4.03000000e+03 5.71912713e-03 -3.42147471e-03 6.66445079e-03
40400 4.04000000e+03 6.00395072e-03 -3.60448775e-03 7.00283915e-03
40500 4.05000000e+03 6.02306239e-03 -3.65394400e-03 7.04475602e-03
40600 4.06000000e+03 5.99691551e-03 -3.46440449e-03 6.92568366e-03
40700 4.07000000e+03 5.98519109e-03 -3.50228068e-03 6.93458596e-03
40800 4.08000000e+03 5.97219961e-03 -3.72005021e-03 7.03604589e-03
40900 4.09000000e+03 5.81716187e-03 -3.73713812e-03 6.91415747e-03
41000 4.10000000e+03 5.61038731e-03 -3.58373299e-03 6.65729584e-03
41100 4.11000000e+03 5.62762143e-03 -3.83316982e-03 6.80906115e-03
41200 4.12000000e+03 5.66897169e-03 -3.69868567e-03 6.76886369e-03
41300 4.13000000e+03 5.73773962e-03 -3.81176034e-03 6.88848117e-03
41400 4.14000000e+03 5.82490349e-03 -3.87109746e-03 6.99391852e-03
41500 4.15000000e+03 5.79964416e-03 -3.81206884e-03 6.94029835e-03
41600 4.16000000e+03 5.87333972e-03 -3.83861619e-03 7.01648728e-03
41700 4.17000000e+03 5.88108180e-03 -3.99210025e-03 7.10802276e-03
41800 4.18000000e+03 5.93299000e-03 -4.06566309e-03 7.19235613e-03
41900 4.19000000e+03 5.84322400e-03 -3.73916933e-03 6.93719353e-03
42000 4.20000000e+03 5.80459367e-03 -3.85576650e-03 6.96851799e-03
42100 4.21000000e+03 5.86931407e-03 -4.09711711e-03 7.15787792e-03
42200 4.22000000e+03 6.01345534e-03 -4.02416661e-03 7.23571434e-03
42300 4.23000000e+03 5.96213620e-03 -3.82083515e-03 7.08137341e-03
42400 4.24000000e+03 6.16035471e-03 -4.02143085e-03 7.35675718e-03
42500 4.25000000e+03 6.11129869e-03 -4.04485548e-03 7.32863067e-03
42600 4.26000000e+03 6.10124134e-03 -3.99327837e-03 7.29187342e-03
42700 4.27000000e+03 6.10363670e-03 -4.20206087e-03 7.41024267e-03
42800 4.28000000e+03 5.94241777e-03 -3.96090187e-03 7.14150353e-03
42900 4.29000000e+03 5.91225503e-03 -4.02898667e-03 7.15454353e-03
43000 4.30000000e+03 5.73124271e-03 -3.74155678e-03 6.84444228e-03
43100 4.31000000e+03 5.84856514e-03 -4.21417505e-03 7.20867432e-03
43200 4.32000000e+03 5.91144897e-03 -4.26046131e-03 7.28675233e-03
43300 4.33000000e+03 5.82576636e-03 -4.05903999e-03 7.10037741e-03
43400 4.34000000e+03 5.87286195e-03 -4.27949708e-03 7.26667756e-03
43500 4.35000000e+03 5.84468991e-03 -4.18345723e-03 7.18760840e-03
43600 4.36000000e+03 5.85568510e-03 -4.22645919e-03 7.22163453e-03
43700 4.37000000e+03 5.72274486e-03 -4.43031359e-03 7.23722925e-03
43800 4.38000000e+03 5.64243272e-03 -4.14619315e-03 7.00199719e-03
43900 4.39000000e+03 5.52566629e-03 -4.30309912e-03 7.00354553e-03
44000 4.40000000e+03 5.76335099e-03 -4.45062667e-03 7.28177810e-03
44100 4.41000000e+03 5.97353699e-03 -4.28453647e-03 7.35121737e-03
44200 4.42000000e+03 5.90401515e-03 -3.88421072e-03 7.06714142e-03
44300 4.43000000e+03 6.04285859e-03 -3.98649415e-03 7.23935601e-03
44400 4.44000000e+03 6.23385003e-03 -3.83507414e-03 7.31906277e-03
44500 4.45000000e+03 6.17560232e-03 -3.98118608e-03 7.34764633e-03
44600 4.46000000e+03 6.09407574e-03 -3.82607314e-03 7.19559551e-03
44700 4.47000000e+03 6.42925175e-03 -3.76343587e-03 7.44974682e-03
44800 4.48000000e+03 6.45191409e-03 -3.92659009e-03 7.55283424e-03
44900 4.49000000e+03 6.50361367e-03 -3.79492203e-03 7.52983558e-03
45000 4.50000000e+03 6.38248958e-03 -3.55749531e-03 7.30697927e-03
45100 4.51000000e+03 6.30807783e-03 -3.63799976e-03 7.28195635e-03
45200 4.52000000e+03 6.12876285e-03 -3.61872744e-03 7.11736765e-03
45300 4.53000000e+03 5.93898352e-03 -3.71193560e-03 7.00356989e-03
45400 4.54000000e+03 5.93406567e-03 -3.44723440e-03 6.86269338e-03
45500 4.55000000e+03 5.83399367e-03 -3.55386967e-03 6.83121305e-03
45600 4.56000000e+03 5.82188414e-03 -3.24717723e-03 6.66622044e-03
45700 4.57000000e+03 5.75838191e-03 -3.28939827e-03 6.63167424e-03
45800 4.58000000e+03 5.70243597e-03 -3.18697654e-03 6.53257954e-03
45900 4.59000000e+03 5.58729842e-03 -3.41528538e-03 6.54844087e-03
46000 4.60000000e+03 5.66934561e-03 -3.41190002e-03 6.61683772e-03
46100 4.61000000e+03 5.53566078e-03 -3.49649042e-03 6.54744114e-03
46200 4.62000000e+03 5.59117598e-03 -3.77431652e-03 6.74586644e-03
46300 4.63000000e+03 5.61908958e-03 -3.91876791e-03 6.85061382e-03
46400 4.64000000e+03 5.73504204e-03 -4.02020756e-03 7.00376870e-03
46500 4.65000000e+03 5.72909927e-03 -3.92598193e-03 6.94520789e-03
46600 4.66000000e+03 5.80368936e-03 -3.82611761e-03 6.95140174e-03
46700 4.67000000e+03 5.70145762e-03 -3.61820543e-03 6.75263130e-03
46800 4.68000000e+03 5.72199048e-03 -3.53755150e-03 6.72721679e-03
46900 4.69000000e+03 5.59739536e-03 -3.97275994e-03 6.86393883e-03
47000 4.70000000e+03 5.58589119e-03 -3.79195018e-03 6.75137516e-03
47100 4.71000000e+03 5.61895035e-03 -3.48273339e-03 6.61075146e-03
47200 4.72000000e+03 5.83976554e-03 -3.75051238e-03 6.94040378e-03
47300 4.73000000e+03 5.81731182e-03 -3.68846860e-03 6.88809969e-03
47400 4.74000000e+03 6.04402553e-03 -3.79974814e-03 7.13921078e-03
47500 4.75000000e+03 6.10439945e-03 -3.80969909e-03 7.19565840e-03
47600 4.76000000e+03 6.08139578e-03 -3.67831392e-03 7.10727571e-03
47700 4.77000000e+03 6.07646070e-03 -3.81720276e-03 7.17596067e-03
47800 4.78000000e+03 5.90669271e-03 -3.95135814e-03 7.10649350e-03
47900 4.79000000e+03 5.76841040e-03 -3.66583280e-03 6.83468277e-03
48000 4.80000000e+03 5.76022966e-03 -3.60818719e-03 6.79700379e-03
48100 4.81000000e+03 5.92266908e-03 -3.46843852e-03 6.86353224e-03
48200 4.82000000e+03 5.93683124e-03 -3.74217378e-03 7.01782229e-03
48300 4.83000000e+03 6.28460851e-03 -3.97648523e-03 7.43698452e-03
48400 4.84000000e+03 6.12758612e-03 -4.08213958e-03 7.36282386e-03
48500 4.85000000e+03 6.32526120e-03 -4.18985263e-03 7.58708075e-03
48600 4.86000000e+03 6.31644391e-03 -4.27407725e-03 7.62661130e-03
48700 4.87000000e+03 6.28221966e-03 -4.06139391e-03 7.48072218e-03
48800 4.88000000e+03 5.99207124e-03 -4.10828413e-03 7.26518522e-03
48900 4.89000000e+03 5.97172743e-03 -4.08072677e-03 7.23283205e-03
49000 4.90000000e+03 6.05861144e-03 -4.01442684e-03 7.26790172e-03
49100 4.91000000e+03 5.84855536e-03 -4.08619549e-03 7.13460534e-03
49200 4.92000000e+03 5.49845025e-03 -4.04988788e-03 6.82894919e-03
49300 4.93000000e+03 5.46844071e-03 -3.96584719e-03 6.75513048e-03
49400 4.94000000e+03 5.32042189e-03 -3.86065897e-03 6.57355130e-03
49500 4.95000000e+03 5.57276001e-03 -3.86567414e-03 6.78226295e-03
49600 4.96000000e+03 5.56060299e-03 -3.74892587e-03 6.70632170e-03
49700 4.97000000e+03 5.32300305e-03 -3.86282243e-03 6.57691102e-03
49800 4.98000000e+03 5.53046959e-03 -3.73856304e-03 6.67554848e-03
49900 4.99000000e+03 5.61265042e-03 -3.68634192e-03 6.71498038e-03
50000 5.00000000e+03 5.74193709e-03 -3.67250992e-03 6.81594972e-03
50100 5.01000000e+03 5.82248345e-03 -3.71535216e-03 6.90689186e-03
50200 5.02000000e+03 5.67631237e-03 -3.35853687e-03 6.59547512e-03
50300 5.03000000e+03 6.05904730e-03 -3.60899908e-03 7.05244132e-03
50400 5.04000000e+03 5.88205922e-03 -3.72184347e-03 6.96065655e-03
50500 5.05000000e+03 5.82465064e-03 -3.58299119e-03 6.83844872e-03
50600 5.06000000e+03 6.17163675e-03 -4.20039240e-03 7.46541335e-03
50700 5.07000000e+03 6.24234742e-03 -4.24572919e-03 7.54937862e-03
50800 5.08000000e+03 6.15759194e-03 -3.95452138e-03 7.31807200e-03
50900 5.09000000e+03 6.12420402e-03 -3.71153955e-03 7.16110332e-03
51000 5.10000000e+03 6.13608956e-03 -3.69433919e-03 7.16238348e-03
51100 5.11000000e+03 6.20251428e-03 -3.82578769e-03 7.28751225e-03
51200 5.12000000e+03 6.18403452e-03 -3.72614153e-03 7.21986243e-03
51300 5.13000000e+03 6.03528088e-03 -3.71389557e-03 7.08644026e-03
51400 5.14000000e+03 5.95805608e-03 -3.63263488e-03 6.97814219e-03
51500 5.15000000e+03 5.92756504e-03 -3.73127521e-03 7.00417319e-03
51600 5.16000000e+03 5.75565686e-03 -4.01069690e-03 7.01521743e-03
51700 5.17000000e+03 5.61124925e-03 -3.68099706e-03 6.71087606e-03
51800 5.18000000e+03 5.73864207e-03 -3.84982582e-03 6.91036697e-03
51900 5.19000000e+03 5.85796591e-03 -3.75692244e-03 6.95918320e-03
52000 5.20000000e+03 5.82580222e-03 -4.06893110e-03 7.10606584e-03
52100 5.21000000e+03 6.04598969e-03 -4.03252663e-03 7.26741098e-03
52200 5.22000000e+03 6.02499349e-03 -3.99375055e-03 7.22845696e-03
52300 5.23000000e+03 5.78125566e-03 -3.73915001e-03 6.88506789e-03
52400 5.24000000e+03 5.75018348e-03 -3.73708038e-03 6.85786992e-03
52500 5.25000000e+03 5.59815206e-03 -4.04381193e-03 6.90591930e-03
52600 5.26000000e+03 5.50082093e-03 -4.04995540e-03 6.83089816e-03
52700 5.27000000e+03 5.57460450e-03 -3.95681104e-03 6.83612236e-03
52800 5.28000000e+03 5.53647429e-03 -3.69783468e-03 6.65781712e-03
52900 5.29000000e+03 5.45331975e-03 -3.44114332e-03 6.44826827e-03
53000 5.30000000e+03 5.52424649e-03 -3.82610550e-03 6.71984989e-03
53100 5.31000000e+03 5.48245013e-03 -3.74980038e-03 6.64215795e-03
53200 5.32000000e+03 5.58219571e-03 -3.93960485e-03 6.83237845e-03
53300 5.33000000e+03 5.75993070e-03 -3.80230416e-03 6.90176199e-03
53400 5.34000000e+03 5.65472990e-03 -3.77710443e-03 6.80018295e-03
53500 5.35000000e+03 5.44709014e-03 -3.75820533e-03 6.61777140e-03
53600 5.36000000e+03 5.70694776e-03 -3.55852395e-03 6.72549965e-03
53700 5.37000000e+03 5.54480217e-03 -3.46884434e-03 6.54046728e-03
53800 5.38000000e+03 5.49439155e-03 -3.50825791e-03 6.51891188e-03
53900 5.39000000e+03 5.28397318e-03 -3.58809019e-03 6.38707787e-03
54000 5.40000000e+03 5.66205056e-03 -3.98819987e-03 6.92564472e-03
54100 5.41000000e+03 5.74918929e-03 -3.99040245e-03 6.99832046e-03
54200 5.42000000e+03 5.79939550e-03 -4.10915120e-03 7.10760942e-03
54300 5.43000000e+03 5.98928612e-03 -4.16972395e-03 7.29781789e-03
54400 5.44000000e+03 5.91301033e-03 -4.34165355e-03 7.33577854e-03
54500 5.45000000e+03 6.00194000e-03 -4.47516283e-03 7.48667924e-03
54600 5.46000000e+03 5.87288942e-03 -4.42107907e-03 7.35097070e-03
54700 5.47000000e+03 6.02953369e-03 -4.52432409e-03 7.53822160e-03
54800 5.48000000e+03 5.80074498e-03 -4.31117928e-03 7.22737221e-03
54900 5.49000000e+03 5.63121634e-03 -4.24417295e-03 7.05149640e-03
55000 5.50000000e+03 5.63065289e-03 -4.10256861e-03 6.96672958e-03
55100 5.51000000e+03 5.87682752e-03 -3.82116088e-03 7.00987676e-03
55200 5.52000000e+03 5.66950627e-03 -3.54673690e-03 6.68749908e-03
55300 5.53000000e+03 5.76067716e-03 -3.54977418e-03 6.76655733e-03
55400 5.54000000e+03 5.51697239e-03 -3.44212400e-03 6.50270728e-03
55500 5.55000000e+03 5.58399782e-03 -3.75008746e-03 6.72637998e-03
55600 5.56000000e+03 5.64332306e-03 -3.55109759e-03 6.66763746e-03
55700 5.57000000e+03 5.51956426e-03 -3.48478463e-03 6.52758099e-03
55800 5.58000000e+03 5.51512185e-03 -3.60143441e-03 6.58687322e-03
55900 5.59000000e+03 5.58950426e-03 -3.50083411e-03 6.59533148e-03
56000 5.60000000e+03 5.83955646e-03 -3.43109691e-03 6.77294955e-03
56100 5.61000000e+03 5.71394712e-03 -3.59724159e-03 6.75198776e-03
56200 5.62000000e+03 6.03556773e-03 -3.59365530e-03 7.02441714e-03
56300 5.63000000e+03 6.09771907e-03 -3.69101064e-03 7.12781435e-03
56400 5.64000000e+03 5.94961364e-03 -3.61089921e-03 6.95963329e-03
56500 5.65000000e+03 5.92372706e-03 -3.90025182e-03 7.09242600e-03
56600 5.66000000e+03 5.84027916e-03 -4.03722050e-03 7.09985986e-03
56700 5.67000000e+03 5.83167002e-03 -3.84627795e-03 6.98585923e-03
56800 5.68000000e+03 5.88493561e-03 -3.97820957e-03 7.10342302e-03
56900 5.69000000e+03 5.86014939e-03 -3.58407898e-03 6.86927748e-03
57000 5.70000000e+03 5.92493732e-03 -3.96926142e-03 7.13161401e-03
57100 5.71000000e+03 5.90683799e-03 -4.13302472e-03 7.20920442e-03
57200 5.72000000e+03 5.91173163e-03 -4.17044898e-03 7.23472291e-03
57300 5.73000000e+03 5.93153853e-03 -3.93171562e-03 7.11628674e-03
57400 5.74000000e+03 6.17129588e-03 -3.99360340e-03 7.35076602e-03
57500 5.75000000e+03 5.86729962e-03 -3.60335666e-03 6.88544727e-03
57600 5.76000000e+03 5.84530830e-03 -3.71435238e-03 6.92560775e-03
57700 5.77000000e+03 5.84913837e-03 -3.82102514e-03 6.98660524e-03
57800 5.78000000e+03 5.86333871e-03 -3.66026745e-03 6.91204012e-03
57900 5.79000000e+03 5.72623080e-03 -3.68831353e-03 6.81126830e-03
58000 5.80000000e+03 5.94079960e-03 -3.82021163e-03 7.06308125e-03
58100 5.81000000e+03 5.76904370e-03 -3.56674148e-03 6.78258873e-03
58200 5.82000000e+03 5.86136477e-03 -4.06849012e-03 7.13499887e-03
58300 5.83000000e+03 5.88608114e-03 -4.23355913e-03 7.25044647e-03
58400 5.84000000e+03 5.88294817e-03 -4.04196000e-03 7.13768308e-03
58500 5.85000000e+03 6.01326860e-03 -3.95165617e-03 7.19548371e-03
58600 5.86000000e+03 5.80045441e-03 -3.79447080e-03 6.93132599e-03
58700 5.87000000e+03 5.76145900e-03 -3.66652058e-03 6.82918612e-03
58800 5.88000000e+03 5.66764455e-03 -3.65275051e-03 6.74275768e-03
58900 5.89000000e+03 5.78614557e-03 -3.87726538e-03 6.96510355e-03
59000 5.90000000e+03 5.52779110e-03 -3.70664708e-03 6.65550201e-03
59100 5.91000000e+03 5.39393863e-03 -3.60243255e-03 6.48630050e-03
59200 5.92000000e+03 5.26374113e-03 -4.07120399e-03 6.65444758e-03
59300 5.93000000e+03 5.45902504e-03 -3.97705473e-03 6.75410384e-03
59400 5.94000000e+03 5.58958203e-03 -3.84607422e-03 6.78496235e-03
59500 5.95000000e+03 5.40918717e-03 -3.86333186e-03 6.64715269e-03
59600 5.96000000e+03 5.31513197e-03 -3.66053497e-03 6.45369229e-03
59700 5.97000000e+03 5.17346710e-03 -3.60306702e-03 6.30451059e-03
59800 5.98000000e+03 5.08207642e-03 -3.51942400e-03 6.18173487e-03
59900 5.99000000e+03 5.13186026e-03 -3.53912963e-03 6.23389351e-03
60000 6.00000000e+03 5.16343070e-03 -3.95328738e-03 6.50303758e-03
60100 6.01000000e+03 5.17576141e-03 -3.82837257e-03 6.43777467e-03
60200 6.02000000e+03 5.44139743e-03 -4.14620526e-03 6.84103969e-03
60300 6.03000000e+03 5.42667182e-03 -4.17547533e-03 6.84714257e-03
60400 6.04000000e+03 5.46996482e-03 -4.00170637e-03 6.77747512e-03
60500 6.05000000e+03 5.47659490e-03 -4.11482388e-03 6.85017279e-03
60600 6.06000000e+03 5.70569979e-03 -4.07705363e-03 7.01265830e-03
60700 6.07000000e+03 5.88186830e-03 -4.15212009e-03 7.19975527e-03
60800 6.08000000e+03 5.83911734e-03 -3.99923744e-03 7.07737178e-03
60900 6.09000000e+03 5.82769420e-03 -3.76141351e-03 6.93615537e-03
61000 6.10000000e+03 5.89758297e-03 -3.61118326e-03 6.91535462e-03
61100 6.11000000e+03 5.73849073e-03 -3.69272218e-03 6.82396314e-03
61200 6.12000000e+03 5.69781056e-03 -3.65561107e-03 6.76967780e-03
61300 6.13000000e+03 5.66786854e-03 -3.51735228e-03 6.67056975e-03
61400 6.14000000e+03 6.00548042e-03 -3.90975317e-03 7.16602853e-03
61500 6.15000000e+03 5.96764544e-03 -3.56681645e-03 6.95233570e-03
61600 6.16000000e+03 5.87394089e-03 -3.36381048e-03 6.76892920e-03
61700 6.17000000e+03 5.76711353e-03 -3.79427755e-03 6.90334271e-03
61800 6.18000000e+03 5.67511097e-03 -3.77252116e-03 6.81460200e-03
61900 6.19000000e+03 5.55426488e-03 -3.92313674e-03 6.80006325e-03
62000 6.20000000e+03 5.55356918e-03 -3.99544835e-03 6.84147193e-03
62100 6.21000000e+03 5.47030335e-03 -3.90061759e-03 6.71855910e-03
62200 6.22000000e+03 5.79202175e-03 -4.17493656e-03 7.13986073e-03
62300 6.23000000e+03 5.89503301e-03 -4.23189253e-03 7.25674366e-03
62400 6.24000000e+03 5.82420081e-03 -3.96454427e-03 7.04548979e-03
62500 6.25000000e+03 5.86061785e-03 -4.22609691e-03 7.22542294e-03
62600 6.26000000e+03 5.83134126e-03 -3.99932079e-03 7.07100471e-03
62700 6.27000000e+03 5.71055897e-03 -3.90099641e-03 6.91579762e-03
62800 6.28000000e+03 5.55278035e-03 -3.95633094e-03 6.81805868e-03
62900 6.29000000e+03 5.53123979e-03 -3.74247623e-03 6.67837869e-03
63000 6.30000000e+03 5.73382434e-03 -3.99280619e-03 6.98707684e-03
63100 6.31000000e+03 5.77951875e-03 -3.75299342e-03 6.89113899e-03
63200 6.32000000e+03 5.92506863e-03 -3.97023233e-03 7.13226353e-03
63300 6.33000000e+03 5.77203743e-03 -3.74691747e-03 6.88155554e-03
63400 6.34000000e+03 5.69839682e-03 -3.63093615e-03 6.75687973e-03
63500 6.35000000e+03 5.90114668e-03 -3.75295174e-03 6.99343828e-03
63600 6.36000000e+03 5.80684235e-03 -4.34938073e-03 7.25510378e-03
63700 6.37000000e+03 5.73135400e-03 -4.40995814e-03 7.23160767e-03
63800 6.38000000e+03 5.71215944e-03 -4.33646096e-03 7.17172637e-03
63900 6.39000000e+03 5.68414759e-03 -4.03620116e-03 6.97140256e-03
64000 6.40000000e+03 5.76999504e-03 -3.97816580e-03 7.00846958e-03
64100 6.41000000e+03 5.72904712e-03 -4.02765395e-03 7.00314052e-03
64200 6.42000000e+03 5.88472653e-03 -3.99034796e-03 7.11005508e-03
64300 6.43000000e+03 6.06637262e-03 -4.06670058e-03 7.30335063e-03
64400 6.44000000e+03 6.15211111e-03 -4.42828797e-03 7.58011909e-03
64500 6.45000000e+03 6.02835510e-03 -4.20952262e-03 7.35262850e-03
64600 6.46000000e+03 5.76267578e-03 -3.67104681e-03 6.83264347e-03
64700 6.47000000e+03 5.53698465e-03 -3.85240698e-03 6.74531234e-03
64800 6.48000000e+03 5.83491521e-03 -4.09904635e-03 7.13080756e-03
64900 6.49000000e+03 5.64830797e-03 -3.66691896e-03 6.73421692e-03
65000 6.50000000e+03 5.68622164e-03 -3.68616148e-03 6.77649637e-03
65100 6.51000000e+03 5.59335947e-03 -3.73295322e-03 6.72462712e-03
65200 6.52000000e+03 5.57367690e-03 -3.84304137e-03 6.77014336e-03
65300 6.53000000e+03 5.45349438e-03 -3.76233598e-03 6.62538851e-03
65400 6.54000000e+03 5.36126923e-03 -3.66054149e-03 6.49174643e-03
65500 6.55000000e+03 5.26945526e-03 -3.33986641e-03 6.23873916e-03
65600 6.56000000e+03 5.56909572e-03 -3.68521526e-03 6.67799660e-03
65700 6.57000000e+03 5.66198118e-03 -3.60793807e-03 6.71381024e-03
65800 6.58000000e+03 5.58639411e-03 -3.69326724e-03 6.69686658e-03
65900 6.59000000e+03 5.68251545e-03 -3.71132302e-03 6.78711281e-03
66000 6.60000000e+03 5.44113945e-03 -3.39818513e-03 6.41511190e-03
66100 6.61000000e+03 5.60408551e-03 -3.35068558e-03 6.52938499e-03
66200 6.62000000e+03 5.38999448e-03 -3.35304043e-03 6.34782802e-03
66300 6.63000000e+03 5.60157467e-03 -3.66940326e-03 6.69642883e-03
66400 6.64000000e+03 5.61764278e-03 -3.42878699e-03 6.58137452e-03
66500 6.65000000e+03 5.56244468e-03 -3.36087891e-03 6.49894591e-03
66600 6.66000000e+03 5.82878944e-03 -3.62205994e-03 6.86251445e-03
66700 6.67000000e+03 5.85171254e-03 -3.87525395e-03 7.01855633e-03
66800 6.68000000e+03 5.75994933e-03 -3.36645427e-03 6.67158382e-03
66900 6.69000000e+03 5.91494981e-03 -3.64419771e-03 6.94743177e-03
67000 6.70000000e+03 5.78318071e-03 -3.65011557e-03 6.83875155e-03
67100 6.71000000e+03 5.61889075e-03 -3.67900520e-03 6.71617543e-03
67200 6.72000000e+03 5.63836796e-03 -3.66759114e-03 6.72624844e-03
67300 6.73000000e+03 5.78615814e-03 -4.00470151e-03 7.03685016e-03
67400 6.74000000e+03 5.74024767e-03 -3.66995228e-03 6.81314854e-03
67500 6.75000000e+03 5.74501418e-03 -3.79693368e-03 6.88635559e-03
67600 6.76000000e+03 5.86020434e-03 -3.90894897e-03 7.04427974e-03
67700 6.77000000e+03 6.05368195e-03 -4.17123269e-03 7.35161529e-03
67800 6.78000000e+03 5.92459319e-03 -3.87253030e-03 7.07794429e-03
67900 6.79000000e+03 6.06247596e-03 -4.17492213e-03 7.36095032e-03
68000 6.80000000e+03 5.90554625e-03 -3.93558061e-03 7.09677893e-03
68100 6.81000000e+03 5.85097261e-03 -3.68494517e-03 6.91467290e-03
68200 6.82000000e+03 5.74688613e-03 -3.93935200e-03 6.96743815e-03
68300 6.83000000e+03 5.95834153e-03 -4.12971387e-03 7.24957726e-03
68400 6.84000000e+03 5.95688913e-03 -3.79382167e-03 7.06240830e-03
68500 6.85000000e+03 5.97362220e-03 -3.82950855e-03 7.09572392e-03
68600 6.86000000e+03 6.11292059e-03 -3.95595701e-03 7.28130442e-03
68700 6.87000000e+03 5.93677117e-03 -3.92027060e-03 7.11433577e-03
68800 6.88000000e+03 6.10896572e-03 -4.10041679e-03 7.35750502e-03
68900 6.89000000e+03 5.92679158e-03 -4.18368727e-03 7.25466040e-03
69000 6.90000000e+03 5.83719602e-03 -3.92342126e-03 7.03321347e-03
69100 6.91000000e+03 5.83060086e-03 -3.91892111e-03 7.02522946e-03
69200 6.92000000e+03 5.79281803e-03 -4.01605759e-03 7.04879134e-03
69300 6.93000000e+03 5.93479676e-03 -4.22684848e-03 7.28615541e-03
69400 6.94000000e+03 5.96803334e-03 -4.39630868e-03 7.41248622e-03
69500 6.95000000e+03 5.79780247e-03 -4.22752276e-03 7.17540676e-03
69600 6.96000000e+03 5.91140334e-03 -4.19621915e-03 7.24934097e-03
69700 6.97000000e+03 5.98747283e-03 -4.33758367e-03 7.39354198e-03
69800 6.98000000e+03 5.71729755e-03 -4.30036243e-03 7.15406236e-03
69900 6.99000000e+03 5.71156759e-03 -4.35128482e-03 7.18022868e-03
70000 7.00000000e+03 5.67296008e-03 -3.96464346e-03 6.92104572e-03
70100 7.01000000e+03 5.55799762e-03 -4.43731342e-03 7.11203824e-03
70200 7.02000000e+03 5.69041166e-03 -4.34768666e-03 7.16122644e-03
70300 7.03000000e+03 5.82416728e-03 -4.21267981e-03 7.18801751e-03
70400 7.04000000e+03 5.93614392e-03 -4.09722980e-03 7.21284248e-03
70500 7.05000000e+03 6.11407403e-03 -3.92319728e-03 7.26452876e-03
70600 7.06000000e+03 6.17391430e-03 -4.03018808e-03 7.37289860e-03
70700 7.07000000e+03 6.01133611e-03 -3.84955085e-03 7.13829136e-03
70800 7.08000000e+03 6.14083325e-03 -3.66523489e-03 7.15148795e-03
70900 7.09000000e+03 6.29602280e-03 -3.99252772e-03 7.45521164e-03
71000 7.10000000e+03 6.49154698e-03 -4.05601924e-03 7.65450680e-03
71100 7.11000000e+03 6.39699632e-03 -3.64145450e-03 7.36082556e-03
71200 7.12000000e+03 6.24717446e-03 -3.41551704e-03 7.11989785e-03
71300 7.13000000e+03 6.24811323e-03 -3.56171024e-03 7.19198852e-03
71400 7.14000000e+03 5.95959276e-03 -3.61526525e-03 6.97042959e-03
71500 7.15000000e+03 5.85286785e-03 -3.75715573e-03 6.95501842e-03
71600 7.16000000e+03 5.90957236e-03 -3.51064513e-03 6.87369439e-03
71700 7.17000000e+03 5.80980675e-03 -3.52579774e-03 6.79596235e-03
71800 7.18000000e+03 5.80622396e-03 -3.25209880e-03 6.65495178e-03
71900 7.19000000e+03 5.70368953e-03 -3.36788851e-03 6.62380157e-03
72000 7.20000000e+03 5.60569484e-03 -3.21552879e-03 6.46246393e-03
72100 7.21000000e+03 5.50723169e-03 -3.36492318e-03 6.45386000e-03
72200 7.22000000e+03 5.53153828e-03 -3.38328211e-03 6.48417408e-03
72300 7.23000000e+03 5.73578943e-03 -3.65212024e-03 6.79979872e-03
72400 7.24000000e+03 5.61994035e-03 -3.69356619e-03 6.72503983e-03
72500 7.25000000e+03 5.61691448e-03 -4.02523438e-03 6.91029956e-03
72600 7.26000000e+03 5.61556639e-03 -3.89623409e-03 6.83485377e-03
72700 7.27000000e+03 5.68303978e-03 -3.91142257e-03 6.89899758e-03
72800 7.28000000e+03 5.71367797e-03 -3.82031151e-03 6.87320129e-03
72900 7.29000000e+03 5.74478554e-03 -3.61238932e-03 6.78615631e-03
73000 7.30000000e+03 5.67753799e-03 -3.71251535e-03 6.78359844e-03
73100 7.31000000e+03 5.53421304e-03 -3.95535212e-03 6.80237637e-03
73200 7.32000000e+03 5.63458679e-03 -3.80138680e-03 6.79699271e-03
73300 7.33000000e+03 5.52993966e-03 -3.39276530e-03 6.48776456e-03
73400 7.34000000e+03 5.81485126e-03 -3.72415432e-03 6.90520243e-03
73500 7.35000000e+03 5.83278527e-03 -3.83423828e-03 6.98016957e-03
73600 7.36000000e+03 6.04796177e-03 -3.76918865e-03 7.12633318e-03
73700 7.37000000e+03 6.11024816e-03 -3.73548688e-03 7.16163353e-03
73800 7.38000000e+03 5.97401941e-03 -3.68085410e-03 7.01695054e-03
73900 7.39000000e+03 5.95821906e-03 -3.81288165e-03 7.07378547e-03
74000 7.40000000e+03 5.82938269e-03 -3.85834253e-03 6.99060152e-03
74100 7.41000000e+03 5.75024029e-03 -3.67205078e-03 6.82269890e-03
74200 7.42000000e+03 5.93225099e-03 -3.58098769e-03 6.92929106e-03
74300 7.43000000e+03 6.12991676e-03 -3.63078760e-03 7.12449985e-03
74400 7.44000000e+03 6.29001390e-03 -3.91701516e-03 7.40994485e-03
74500 7.45000000e+03 6.27809763e-03 -3.97812109e-03 7.43235880e-03
74600 7.46000000e+03 6.19327603e-03 -4.00633225e-03 7.37613490e-03
74700 7.47000000e+03 6.44438015e-03 -4.28872975e-03 7.74101017e-03
74800 7.48000000e+03 6.27162447e-03 -4.16524522e-03 7.52878086e-03
74900 7.49000000e+03 6.21496281e-03 -3.88143118e-03 7.32743275e-03
75000 7.50000000e+03 5.98785421e-03 -4.01101122e-03 7.20712210e-03
75100 7.51000000e+03 5.98297920e-03 -4.06914065e-03 7.23560265e-03
75200 7.52000000e+03 6.09072298e-03 -3.96845629e-03 7.26949460e-03
75300 7.53000000e+03 5.80082415e-03 -4.17776499e-03 7.14865589e-03
75400 7.54000000e+03 5.74823469e-03 -4.13320819e-03 7.07994435e-03
75500 7.55000000e+03 5.58204297e-03 -4.00227727e-03 6.86858261e-03
75600 7.56000000e+03 5.53131569e-03 -3.86975706e-03 6.75059056e-03
75700 7.57000000e+03 5.54945646e-03 -3.89640778e-03 6.78074189e-03
75800 7.58000000e+03 5.62815135e-03 -3.82599235e-03 6.80546142e-03
75900 7.59000000e+03 5.64557407e-03 -3.89351416e-03 6.85798506e-03
76000 7.60000000e+03 5.68715949e-03 -3.78296315e-03 6.83041677e-03
76100 7.61000000e+03 5.85134840e-03 -3.77854984e-03 6.96532246e-03
76200 7.62000000e+03 6.03999384e-03 -3.90927959e-03 7.19471976e-03
76300 7.63000000e+03 5.91766555e-03 -3.57766775e-03 6.91509017e-03
76400 7.64000000e+03 6.00342732e-03 -3.39395925e-03 6.89638304e-03
76500 7.65000000e+03 6.04563113e-03 -3.56985605e-03 7.02093498e-03
76600 7.66000000e+03 5.84822800e-03 -3.62176262e-03 6.87887601e-03
76700 7.67000000e+03 6.12963550e-03 -4.03911667e-03 7.34076936e-03
76800 7.68000000e+03 6.20452035e-03 -4.11831727e-03 7.44691949e-03
76900 7.69000000e+03 6.29633758e-03 -4.14357753e-03 7.53744663e-03
77000 7.70000000e+03 6.29595853e-03 -3.95072019e-03 7.43285166e-03
77100 7.71000000e+03 6.11368846e-03 -3.67887435e-03 7.13521570e-03
77200 7.72000000e+03 6.28348254e-03 -3.96099500e-03 7.42776105e-03
77300 7.73000000e+03 6.16635429e-03 -3.71827628e-03 7.20065995e-03
77400 7.74000000e+03 6.13341760e-03 -3.63908103e-03 7.13174047e-03
77500 7.75000000e+03 6.05787663e-03 -3.87261156e-03 7.18992278e-03
77600 7.76000000e+03 5.92002785e-03 -3.71955568e-03 6.99155377e-03
77700 7.77000000e+03 5.74181695e-03 -3.74239008e-03 6.85375411e-03
77800 7.78000000e+03 5.69353811e-03 -3.65434797e-03 6.76539986e-03
77900 7.79000000e+03 5.81164891e-03 -3.49499239e-03 6.78161005e-03
78000 7.80000000e+03 5.65118156e-03 -3.81092867e-03 6.81608615e-03
78100 7.81000000e+03 5.73317753e-03 -3.90881067e-03 6.93888503e-03
78200 7.82000000e+03 5.76958107e-03 -3.90346581e-03 6.96599677e-03
78300 7.83000000e+03 5.85416052e-03 -3.93735152e-03 7.05506431e-03
78400 7.84000000e+03 5.79352863e-03 -3.74752353e-03 6.89992077e-03
78500 7.85000000e+03 5.67220477e-03 -3.55293532e-03 6.69307526e-03
78600 7.86000000e+03 5.64971473e-03 -3.86810163e-03 6.84700568e-03
78700 7.87000000e+03 5.53477742e-03 -4.10370529e-03 6.89014936e-03
78800 7.88000000e+03 5.50177181e-03 -4.10663895e-03 6.86541889e-03
78900 7.89000000e+03 5.45276329e-03 -3.86720616e-03 6.68490172e-03
79000 7.90000000e+03 5.44908410e-03 -3.65231978e-03 6.55987479e-03
79100 7.91000000e+03 5.55739924e-03 -3.55961849e-03 6.59966440e-03
79200 7.92000000e+03 5.58682764e-03 -3.80658056e-03 6.76037711e-03
79300 7.93000000e+03 5.57454536e-03 -3.85107938e-03 6.77542385e-03
79400 7.94000000e+03 5.82557777e-03 -4.01480868e-03 7.07502969e-03
79500 7.95000000e+03 5.76136168e-03 -3.71972099e-03 6.85781399e-03
79600 7.96000000e+03 5.76275773e-03 -3.61204287e-03 6.80119331e-03
79700 7.97000000e+03 5.76342689e-03 -3.83806112e-03 6.92443519e-03
79800 7.98000000e+03 5.66101028e-03 -3.48936347e-03 6.65001465e-03
79900 7.99000000e+03 5.66223869e-03 -3.44633148e-03 6.62858565e-03
80000 8.00000000e+03 5.65317739e-03 -3.66415363e-03 6.73679719e-03
80100 8.01000000e+03 5.85753983e-03 -3.98231670e-03 7.08305154e-03
80200 8.02000000e+03 5.84320584e-03 -3.94071639e-03 7.04785784e-03
80300 8.03000000e+03 5.83291892e-03 -3.99831915e-03 7.07173947e-03
80400 8.04000000e+03 5.98971685e-03 -4.03104303e-03 7.21983490e-03
80500 8.05000000e+03 6.10309793e-03 -4.18009469e-03 7.39736412e-03
80600 8.06000000e+03 6.05184725e-03 -4.38442966e-03 7.47315720e-03
80700 8.07000000e+03 5.94269577e-03 -4.44836682e-03 7.42317994e-03
80800 8.08000000e+03 5.92793338e-03 -4.47893981e-03 7.42975746e-03
80900 8.09000000e+03 5.81705756e-03 -4.54294076e-03 7.38081767e-03
81000 8.10000000e+03 5.57557959e-03 -4.36256314e-03 7.07948055e-03
81100 8.11000000e+03 5.52932080e-03 -4.22821147e-03 6.96068680e-03
81200 8.12000000e+03 5.57012530e-03 -3.96384485e-03 6.83654605e-03
81300 8.13000000e+03 5.65558532e-03 -3.63202486e-03 6.72140238e-03
81400 8.14000000e+03 5.70316426e-03 -3.82843846e-03 6.86899001e-03
81500 8.15000000e+03 5.50821051e-03 -3.40552232e-03 6.47595285e-03
81600 8.16000000e+03 5.51052671e-03 -3.71186319e-03 6.64408255e-03
81700 8.17000000e+03 5.55111561e-03 -3.84352030e-03 6.75185403e-03
81800 8.18000000e+03 5.53111127e-03 -3.47420247e-03 6.53171300e-03
81900 8.19000000e+03 5.54381870e-03 -3.51437856e-03 6.56389994e-03
82000 8.20000000e+03 5.52091794e-03 -3.65638826e-03 6.62191136e-03
82100 8.21000000e+03 5.76575659e-03 -3.48618580e-03 6.73776228e-03
82200 8.22000000e+03 5.93244843e-03 -3.40614375e-03 6.84074262e-03
82300 8.23000000e+03 6.06031017e-03 -3.55663383e-03 7.02687723e-03
82400 8.24000000e+03 6.07915502e-03 -3.58193321e-03 7.05594581e-03
82500 8.25000000e+03 6.00132812e-03 -3.47436010e-03 6.93448753e-03
82600 8.26000000e+03 5.94728161e-03 -3.45701072e-03 6.87903203e-03
82700 8.27000000e+03 5.89326862e-03 -3.85140255e-03 7.04016453e-03
82800 8.28000000e+03 5.93466032e-03 -3.88031872e-03 7.09063231e-03
82900 8.29000000e+03 5.97672816e-03 -3.98479355e-03 7.18330420e-03
83000 8.30000000e+03 5.76753030e-03 -3.78596084e-03 6.89912351e-03
83100 8.31000000e+03 5.92248654e-03 -3.76365869e-03 7.01719129e-03
83200 8.32000000e+03 5.96513227e-03 -3.92357027e-03 7.13983240e-03
83300 8.33000000e+03 5.73402317e-03 -4.03974438e-03 7.01416826e-03
83400 8.34000000e+03 5.83770406e-03 -3.86104709e-03 6.99903374e-03
83500 8.35000000e+03 5.88313211e-03 -3.95152206e-03 7.08701418e-03
83600 8.36000000e+03 5.84584894e-03 -3.79749038e-03 6.97100301e-03
83700 8.37000000e+03 5.66290459e-03 -3.55745759e-03 6.68759993e-03
83800 8.38000000e+03 5.76204527e-03 -3.80245387e-03 6.90360928e-03
83900 8.39000000e+03 5.86740021e-03 -3.82212410e-03 7.00250082e-03
84000 8.40000000e+03 5.76509535e-03 -3.78674315e-03 6.89751753e-03
84100 8.41000000e+03 5.70177147e-03 -3.73823987e-03 6.81796416e-03
84200 8.42000000e+03 5.81915118e-03 -3.80278891e-03 6.95152673e-03
84300 8.43000000e+03 5.78088034e-03 -3.76960915e-03 6.90134267e-03
84400 8.44000000e+03 5.92358923e-03 -4.15835436e-03 7.23745952e-03
84500 8.45000000e+03 5.97552303e-03 -4.26377915e-03 7.34075528e-03
84600 8.46000000e+03 5.86133497e-03 -3.99925793e-03 7.09572488e-03
84700 8.47000000e+03 5.85767720e-03 -3.94653855e-03 7.06311183e-03
84800 8.48000000e+03 5.82161453e-03 -3.63074755e-03 6.86101476e-03
84900 8.49000000e+03 5.62840421e-03 -3.77569138e-03 6.77752015e-03
85000 8.50000000e+03 5.73677476e-03 -3.84806190e-03 6.90783360e-03
85100 8.51000000e+03 5.65786241e-03 -3.78025300e-03 6.80453670e-03
85200 8.52000000e+03 5.40851289e-03 -3.56139522e-03 6.47576618e-03
85300 8.53000000e+03 5.39394328e-03 -3.52598494e-03 6.44415968e-03
85400 8.54000000e+03 5.53623773e-03 -4.03084327e-03 6.84818411e-03
85500 8.55000000e+03 5.40142925e-03 -3.79404286e-03 6.60077262e-03
85600 8.56000000e+03 5.44826034e-03 -3.64421587e-03 6.55468154e-03
85700 8.57000000e+03 5.32593857e-03 -3.66769312e-03 6.46665250e-03
85800 8.58000000e+03 5.26726758e-03 -3.47413216e-03 6.30980998e-03
85900 8.59000000e+03 5.05591836e-03 -3.44352843e-03 6.11720512e-03
86000 8.60000000e+03 4.97747352e-03 -3.44485720e-03 6.05328702e-03
86100 8.61000000e+03 5.19962981e-03 -3.85925313e-03 6.47533667e-03
86200 8.62000000e+03 5.14562335e-03 -3.81831080e-03 6.40756873e-03
86300 8.63000000e+03 5.44466451e-03 -3.97884194e-03 6.74355654e-03
86400 8.64000000e+03 5.55042736e-03 -4.20240499e-03 6.96185691e-03
86500 8.65000000e+03 5.47089288e-03 -4.16167127e-03 6.87387639e-03
86600 8.66000000e+03 5.59718441e-03 -4.13540285e-03 6.95916878e-03
86700 8.67000000e+03 5.65847941e-03 -4.36709775e-03 7.14772215e-03
86800 8.68000000e+03 5.76655008e-03 -4.09952458e-03 7.07525276e-03
86900 8.69000000e+03 5.86884189e-03 -4.16893419e-03 7.19884140e-03
87000 8.70000000e+03 5.70982601e-03 -3.89592559e-03 6.91233313e-03
87100 8.71000000e+03 5.84187824e-03 -3.71772377e-03 6.92452247e-03
87200 8.72000000e+03 5.75543102e-03 -3.56231490e-03 6.76868330e-03
87300 8.73000000e+03 5.66728693e-03 -3.48634506e-03 6.65377659e-03
87400 8.74000000e+03 5.58203273e-03 -3.52397840e-03 6.60132662e-03
87500 8.75000000e+03 5.87057183e-03 -3.92443081e-03 7.06149919e-03
87600 8.76000000e+03 5.72978565e-03 -3.80186271e-03 6.87638013e-03
87700 8.77000000e+03 5.84368128e-03 -3.49143171e-03 6.80725395e-03
87800 8.78000000e+03 5.96999377e-03 -3.50805419e-03 6.92439671e-03
87900 8.79000000e+03 5.70411608e-03 -3.55819729e-03 6.72292408e-03
88000 8.80000000e+03 5.62788313e-03 -3.65475030e-03 6.71045962e-03
88100 8.81000000e+03 5.57258073e-03 -3.74918804e-03 6.71640283e-03
88200 8.82000000e+03 5.55538246e-03 -3.88251478e-03 6.77762461e-03
88300 8.83000000e+03 5.50373504e-03 -3.87585931e-03 6.73152173e-03
88400 8.84000000e+03 5.75371971e-03 -4.23530582e-03 7.14444581e-03
88500 8.85000000e+03 5.72898053e-03 -4.10971511e-03 7.05060112e-03
88600 8.86000000e+03 5.71273686e-03 -4.07212693e-03 7.01552423e-03
88700 8.87000000e+03 5.65667264e-03 -3.95577028e-03 6.90261283e-03
88800 8.88000000e+03 5.65211661e-03 -3.94736882e-03 6.89406577e-03
88900 8.89000000e+03 5.57670882e-03 -3.82299582e-03 6.76128525e-03
89000 8.90000000e+03 5.46647981e-03 -3.84712755e-03 6.68451882e-03
89100 8.91000000e+03 5.47411386e-03 -3.84390354e-03 6.68891000e-03
89200 8.92000000e+03 5.66255162e-03 -3.87345767e-03 6.86062425e-03
89300 8.93000000e+03 5.73578663e-03 -3.96777503e-03 6.97441661e-03
89400 8.94000000e+03 5.66832256e-03 -3.98360239e-03 6.92812880e-03
89500 8.95000000e+03 5.67807630e-03 -3.81429819e-03 6.84027932e-03
89600 8.96000000e+03 5.97990770e-03 -3.76661797e-03 7.06729842e-03
89700 8.97000000e+03 5.90127148e-03 -3.99333891e-03 7.12543056e-03
89800 8.98000000e+03 5.90223121e-03 -4.25422937e-03 7.27563061e-03
89900 8.99000000e+03 5.87167311e-03 -4.34825057e-03 7.30642376e-03
90000 9.00000000e+03 5.71952993e-03 -4.36348654e-03 7.19395840e-03
90100 9.01000000e+03 5.63512277e-03 -4.03927360e-03 6.93327771e-03
90200 9.02000000e+03 5.75187430e-03 -4.05947072e-03 7.04012503e-03
90300 9.03000000e+03 5.79568883e-03 -4.04912559e-03 7.07003728e-03
90400 9.04000000e+03 6.37030508e-03 -4.22001863e-03 7.64129204e-03
90500 9.05000000e+03 6.23888522e-03 -4.11053002e-03 7.47128810e-03
90600 9.06000000e+03 6.12792559e-03 -4.13325522e-03 7.39156754e-03
90700 9.07000000e+03 5.83582930e-03 -4.00055433e-03 7.07540377e-03
90800 9.08000000e+03 5.65397507e-03 -3.86738149e-03 6.85011486e-03
90900 9.09000000e+03 5.81062678e-03 -3.97716742e-03 7.04139505e-03
91000 9.10000000e+03 5.92358876e-03 -3.81664513e-03 7.04667892e-03
91100 9.11000000e+03 5.71218086e-03 -3.60688218e-03 6.75563537e-03
91200 9.12000000e+03 5.75350458e-03 -3.78589658e-03 6.88736727e-03
91300 9.13000000e+03 5.73071605e-03 -3.65473120e-03 6.79692332e-03
91400 9.14000000e+03 5.75018581e-03 -3.85567499e-03 6.92321215e-03
91500 9.15000000e+03 5.45751071e-03 -3.76042607e-03 6.62761098e-03
91600 9.16000000e+03 5.37814200e-03 -3.33654997e-03 6.32905815e-03
91700 9.17000000e+03 5.69633115e-03 -3.47185554e-03 6.67097965e-03
91800 9.18000000e+03 5.99659188e-03 -3.52329621e-03 6.95505071e-03
91900 9.19000000e+03 5.87906642e-03 -3.77377216e-03 6.98604167e-03
92000 9.20000000e+03 5.67410653e-03 -3.75093520e-03 6.80183797e-03
92100 9.21000000e+03 5.33521175e-03 -3.57829896e-03 6.42407253e-03
92200 9.22000000e+03 5.30651305e-03 -3.44466814e-03 6.32651716e-03
92300 9.23000000e+03 5.40087186e-03 -3.44321970e-03 6.40509006e-03
92400 9.24000000e+03 5.35409059e-03 -3.65080824e-03 6.48033077e-03
92500 9.25000000e+03 5.50662493e-03 -3.61278560e-03 6.58598041e-03
92600 9.26000000e+03 5.57573047e-03 -3.58924433e-03 6.63109682e-03
92700 9.27000000e+03 5.65383816e-03 -3.37184453e-03 6.58294930e-03
92800 9.28000000e+03 5.72495628e-03 -3.58644407e-03 6.75556848e-03
92900 9.29000000e+03 5.61758224e-03 -3.52634280e-03 6.63267094e-03
93000 9.30000000e+03 5.68738114e-03 -3.57121020e-03 6.71564193e-03
93100 9.31000000e+03 5.77778136e-03 -3.51597066e-03 6.76349075e-03
93200 9.32000000e+03 5.66765107e-03 -3.65398591e-03 6.74343249e-03
93300 9.33000000e+03 5.64259570e-03 -3.49676609e-03 6.63824219e-03
93400 9.34000000e+03 5.69260307e-03 -3.60014034e-03 6.73548366e-03
93500 9.35000000e+03 5.77508658e-03 -3.81816458e-03 6.92314999e-03
93600 9.36000000e+03 5.99368615e-03 -3.79836140e-03 7.09590185e-03
93700 9.37000000e+03 5.92831243e-03 -3.95154534e-03 7.12457710e-03
93800 9.38000000e+03 6.06565643e-03 -4.23901854e-03 7.40009906e-03
93900 9.39000000e+03 5.91211254e-03 -4.06325702e-03 7.17378089e-03
94000 9.40000000e+03 5.77044347e-03 -4.21480834e-03 7.14581187e-03
94100 9.41000000e+03 5.84207382e-03 -4.15223371e-03 7.16734758e-03
94200 9.42000000e+03 5.72994864e-03 -3.98067059e-03 6.97696565e-03
94300 9.43000000e+03 5.79914823e-03 -3.84478248e-03 6.95790719e-03
94400 9.44000000e+03 5.87675069e-03 -4.06924356e-03 7.14807259e-03
94500 9.45000000e+03 6.03859639e-03 -4.08132607e-03 7.28847507e-03
94600 9.46000000e+03 5.82165178e-03 -3.84992966e-03 6.97951201e-03
94700 9.47000000e+03 6.24545803e-03 -4.07632627e-03 7.45802801e-03
94800 9.48000000e+03 6.07922999e-03 -3.87484510e-03 7.20912352e-03
94900 9.49000000e+03 5.98523440e-03 -4.00657207e-03 7.20247531e-03
95000 9.50000000e+03 6.07415382e-03 -3.98416258e-03 7.26422027e-03
95100 9.51000000e+03 5.85582852e-03 -4.03285073e-03 7.11017670e-03
95200 9.52000000e+03 5.78915607e-03 -3.79247731e-03 6.92078118e-03
95300 9.53000000e+03 5.83174359e-03 -3.67525592e-03 6.89323867e-03
95400 9.54000000e+03 5.82476147e-03 -3.87163344e-03 6.99409691e-03
95500 9.55000000e+03 5.87799074e-03 -4.30410868e-03 7.28533641e-03
95600 9.56000000e+03 5.80060715e-03 -4.24356898e-03 7.18713580e-03
95700 9.57000000e+03 5.69533091e-03 -4.25149966e-03 7.10718253e-03
95800 9.58000000e+03 5.96918166e-03 -4.19847202e-03 7.29782823e-03
95900 9.59000000e+03 5.92178246e-03 -4.15202416e-03 7.23234486e-03
96000 9.60000000e+03 5.80450427e-03 -4.03468683e-03 7.06901462e-03
96100 9.61000000e+03 5.69709763e-03 -4.26597986e-03 7.11726813e-03
96200 9.62000000e+03 5.56392595e-03 -3.82294971e-03 6.75071970e-03
96300 9.63000000e+03 5.71401604e-03 -4.34605265e-03 7.17900779e-03
96400 9.64000000e+03 5.75623987e-03 -4.34194878e-03 7.21018839e-03
96500 9.65000000e+03 5.68260252e-03 -4.02941415e-03 6.96621489e-03
96600 9.66000000e+03 6.01359736e-03 -4.12292546e-03 7.29121852e-03
96700 9.67000000e+03 5.98767912e-03 -3.81630450e-03 7.10045641e-03
96800 9.68000000e+03 5.93223237e-03 -3.83335748e-03 7.06300293e-03
96900 9.69000000e+03 5.89772640e-03 -3.97322560e-03 7.11123747e-03
97000 9.70000000e+03 6.15336746e-03 -3.68163222e-03 7.17065875e-03
97100 9.71000000e+03 6.26826566e-03 -4.13939450e-03 7.51170694e-03
97200 9.72000000e+03 6.46281987e-03 -4.25472436e-03 7.73761721e-03
97300 9.73000000e+03 6.37059147e-03 -3.82999377e-03 7.43325554e-03
97400 9.74000000e+03 6.19152468e-03 -3.45387263e-03 7.08972595e-03
97500 9.75000000e+03 6.08309358e-03 -3.42207472e-03 6.97958616e-03
97600 9.76000000e+03 5.92852663e-03 -3.36181745e-03 6.81536827e-03
97700 9.77000000e+03 5.89006953e-03 -3.61482752e-03 6.91085357e-03
97800 9.78000000e+03 5.87503146e-03 -3.60815017e-03 6.89454439e-03
97900 9.79000000e+03 5.63752232e-03 -3.36532155e-03 6.56559571e-03
98000 9.80000000e+03 5.73718408e-03 -3.24404310e-03 6.59083430e-03
98100 9.81000000e+03 5.75924385e-03 -3.27907922e-03 6.62731094e-03
98200 9.82000000e+03 5.64185763e-03 -3.12991324e-03 6.45189231e-03
98300 9.83000000e+03 5.64281270e-03 -3.29116243e-03 6.53246395e-03
98400 9.84000000e+03 5.69108129e-03 -3.37307248e-03 6.61558948e-03
98500 9.85000000e+03 5.72893023e-03 -3.54198739e-03 6.73545220e-03
98600 9.86000000e+03 5.66640031e-03 -3.51339439e-03 6.66723575e-03
98700 9.87000000e+03 5.81070362e-03 -3.93627770e-03 7.01844418e-03
98800 9.88000000e+03 5.81884431e-03 -3.98161588e-03 7.05068891e-03
98900 9.89000000e+03 5.78876026e-03 -3.86484549e-03 6.96037183e-03
99000 9.90000000e+03 5.78805851e-03 -3.90316918e-03 6.98114253e-03
99100 9.91000000e+03 5.77265583e-03 -3.42175225e-03 6.71058446e-03
99200 9.92000000e+03 5.70765091e-03 -3.81086045e-03 6.86293933e-03
99300 9.93000000e+03 5.72564779e-03 -3.80038144e-03 6.87211334e-03
99400 9.94000000e+03 5.58741344e-03 -3.83887067e-03 6.77909411e-03
99500 9.95000000e+03 5.75420354e-03 -3.70193319e-03 6.84216104e-03
99600 9.96000000e+03 6.02459488e-03 -4.00353409e-03 7.23353501e-03
99700 9.97000000e+03 6.03724597e-03 -4.08600271e-03 7.28997648e-03
99800 9.98000000e+03 5.99955721e-03 -3.91418859e-03 7.16348791e-03
99900 9.99000000e+03 5.98485488e-03 -3.78467701e-03 7.08112054e-03
100000 1.00000000e+04 5.86218853e-03 -3.63925565e-03 6.89995913e-03
