# step  t  vx_mean  vy_mean  vmag_mean
0 0.00000000e+00 3.85775534e-03 -3.13574122e-03 4.97143332e-03
100 1.00000000e+01 3.85377742e-03 -3.10152210e-03 4.94682118e-03
200 2.00000000e+01 3.79539747e-03 -3.15692509e-03 4.93672138e-03
300 3.00000000e+01 3.68377869e-03 -3.03172087e-03 4.77090734e-03
400 4.00000000e+01 3.72858951e-03 -3.02809384e-03 4.80330428e-03
500 5.00000000e+01 3.62853869e-03 -2.69405055e-03 4.51931426e-03
600 6.00000000e+01 3.57128284e-03 -2.43543694e-03 4.32266286e-03
700 7.00000000e+01 3.55761079e-03 -2.26845522e-03 4.21929895e-03
800 8.00000000e+01 3.47429048e-03 -2.28121644e-03 4.15627752e-03
900 9.00000000e+01 3.41951847e-03 -2.11080373e-03 4.01853194e-03
1000 1.00000000e+02 3.30518675e-03 -2.09314493e-03 3.91222637e-03
1100 1.10000000e+02 3.40821827e-03 -2.28183111e-03 4.10154910e-03
1200 1.20000000e+02 3.40026524e-03 -2.05712602e-03 3.97411263e-03
1300 1.30000000e+02 3.32776899e-03 -2.02326546e-03 3.89456668e-03
1400 1.40000000e+02 3.30753438e-03 -1.93476852e-03 3.83185502e-03
1500 1.50000000e+02 3.37303849e-03 -2.02703034e-03 3.93525611e-03
1600 1.60000000e+02 3.33290640e-03 -1.88868889e-03 3.83084988e-03
1700 1.70000000e+02 3.34844505e-03 -1.81844225e-03 3.81035648e-03
1800 1.80000000e+02 3.41792195e-03 -1.91231340e-03 3.91652052e-03
1900 1.90000000e+02 3.42307985e-03 -1.79473474e-03 3.86504184e-03
2000 2.00000000e+02 3.15979728e-03 -2.05370458e-03 3.76855694e-03
2100 2.10000000e+02 3.11185280e-03 -1.91700971e-03 3.65493558e-03
2200 2.20000000e+02 3.10254097e-03 -2.07868661e-03 3.73452788e-03
2300 2.30000000e+02 3.01394542e-03 -1.81966438e-03 3.52065980e-03
2400 2.40000000e+02 2.86207115e-03 -1.90561521e-03 3.43843287e-03
2500 2.50000000e+02 2.85464292e-03 -1.83397857e-03 3.39300216e-03
2600 2.60000000e+02 2.84494134e-03 -1.81441556e-03 3.37428437e-03
2700 2.70000000e+02 2.97415024e-03 -1.86613016e-03 3.51112680e-03
2800 2.80000000e+02 3.15707712e-03 -1.79086754e-03 3.62964771e-03
2900 2.90000000e+02 3.34585202e-03 -1.86816277e-03 3.83206966e-03
3000 3.00000000e+02 3.37614701e-03 -1.78032205e-03 3.81679385e-03
3100 3.10000000e+02 3.39274062e-03 -1.91680656e-03 3.89677255e-03
3200 3.20000000e+02 3.45475948e-03 -2.16792151e-03 4.07863295e-03
3300 3.30000000e+02 3.47654801e-03 -2.24385806e-03 4.13778746e-03
3400 3.40000000e+02 3.55817890e-03 -2.47181021e-03 4.33249152e-03
3500 3.50000000e+02 3.78499692e-03 -2.44111032e-03 4.50391178e-03
3600 3.60000000e+02 3.81684629e-03 -2.44623981e-03 4.53347602e-03
3700 3.70000000e+02 3.83807230e-03 -2.40000151e-03 4.52667717e-03
3800 3.80000000e+02 3.91706964e-03 -2.35863240e-03 4.57237152e-03
3900 3.90000000e+02 3.79337906e-03 -2.50394526e-03 4.54526859e-03
4000 4.00000000e+02 3.56420036e-03 -2.50318041e-03 4.35539165e-03
4100 4.10000000e+02 3.59616801e-03 -2.32266658e-03 4.28102843e-03
4200 4.20000000e+02 3.62972263e-03 -2.39632512e-03 4.34939771e-03
4300 4.30000000e+02 3.44932824e-03 -2.11747084e-03 4.04741252e-03
4400 4.40000000e+02 3.60566773e-03 -2.08790298e-03 4.16655477e-03
4500 4.50000000e+02 3.52858333e-03 -2.01346632e-03 4.06262808e-03
4600 4.60000000e+02 3.45404702e-03 -1.75924005e-03 3.87625675e-03
4700 4.70000000e+02 3.30452761e-03 -1.59506011e-03 3.66934864e-03
4800 4.80000000e+02 3.42074037e-03 -1.62850460e-03 3.78860025e-03
4900 4.90000000e+02 3.29143670e-03 -1.46594422e-03 3.60313031e-03
5000 5.00000000e+02 3.13609373e-03 -1.21109816e-03 3.36182133e-03
5100 5.10000000e+02 3.13751260e-03 -1.45161489e-03 3.45704659e-03
5200 5.20000000e+02 3.06477956e-03 -1.29618554e-03 3.32760736e-03
5300 5.30000000e+02 3.01792147e-03 -1.16983405e-03 3.23672082e-03
5400 5.40000000e+02 3.24859051e-03 -1.45210407e-03 3.55836290e-03
5500 5.50000000e+02 3.31710628e-03 -1.34932436e-03 3.58104319e-03
5600 5.60000000e+02 3.26155522e-03 -1.49389659e-03 3.58740428e-03
5700 5.70000000e+02 3.24693974e-03 -1.44269585e-03 3.55302533e-03
5800 5.80000000e+02 3.35086882e-03 -1.43024500e-03 3.64333949e-03
5900 5.90000000e+02 3.32928961e-03 -1.50637515e-03 3.65422159e-03
6000 6.00000000e+02 3.38154985e-03 -1.46428379e-03 3.68497034e-03
6100 6.10000000e+02 3.43773654e-03 -1.51154515e-03 3.75536966e-03
6200 6.20000000e+02 3.82800773e-03 -1.68059638e-03 4.18067547e-03
6300 6.30000000e+02 3.93870752e-03 -1.61873433e-03 4.25837032e-03
6400 6.40000000e+02 3.91285494e-03 -1.72768394e-03 4.27730354e-03
6500 6.50000000e+02 3.85771203e-03 -1.63830863e-03 4.19118089e-03
6600 6.60000000e+02 3.83758661e-03 -1.63897267e-03 4.17292492e-03
6700 6.70000000e+02 3.90760088e-03 -1.68419234e-03 4.25509677e-03
6800 6.80000000e+02 3.83568485e-03 -1.64253335e-03 4.17257643e-03
6900 6.90000000e+02 3.72428657e-03 -1.57224771e-03 4.04255777e-03
7000 7.00000000e+02 3.61477956e-03 -1.65395031e-03 3.97519596e-03
7100 7.10000000e+02 3.84605443e-03 -1.93475140e-03 4.30527556e-03
7200 7.20000000e+02 3.82315344e-03 -2.11605825e-03 4.36969161e-03
7300 7.30000000e+02 4.06591082e-03 -2.38118158e-03 4.71186338e-03
7400 7.40000000e+02 4.05544462e-03 -2.37008743e-03 4.69722742e-03
7500 7.50000000e+02 4.13221167e-03 -2.37856572e-03 4.76788719e-03
7600 7.60000000e+02 4.00666054e-03 -2.17352738e-03 4.55823979e-03
7700 7.70000000e+02 3.95446084e-03 -2.14376627e-03 4.49816567e-03
7800 7.80000000e+02 3.93683137e-03 -1.94299617e-03 4.39020220e-03
7900 7.90000000e+02 3.77326063e-03 -1.82342494e-03 4.19074866e-03
8000 8.00000000e+02 3.85617791e-03 -1.91130931e-03 4.30386005e-03
8100 8.10000000e+02 3.98696633e-03 -2.05735932e-03 4.48649394e-03
8200 8.20000000e+02 3.81912151e-03 -2.05734628e-03 4.33801370e-03
8300 8.30000000e+02 3.75570077e-03 -2.00261991e-03 4.25626301e-03
8400 8.40000000e+02 3.68641852e-03 -2.01373035e-03 4.20057037e-03
8500 8.50000000e+02 3.81648960e-03 -2.01046513e-03 4.31364844e-03
8600 8.60000000e+02 3.73334857e-03 -1.87163462e-03 4.17623128e-03
8700 8.70000000e+02 3.66984913e-03 -1.84074650e-03 4.10562301e-03
8800 8.80000000e+02 3.49394325e-03 -1.77987758e-03 3.92117376e-03
8900 8.90000000e+02 3.35281342e-03 -1.64461939e-03 3.73445187e-03
9000 9.00000000e+02 3.58907809e-03 -2.13485863e-03 4.17601519e-03
9100 9.10000000e+02 3.63311009e-03 -2.09071720e-03 4.19172844e-03
9200 9.20000000e+02 3.55136488e-03 -1.95871526e-03 4.05570684e-03
9300 9.30000000e+02 3.67175299e-03 -1.97617360e-03 4.16977603e-03
9400 9.40000000e+02 3.59196821e-03 -2.01552967e-03 4.11880996e-03
9500 9.50000000e+02 3.57098621e-03 -1.83621841e-03 4.01542533e-03
9600 9.60000000e+02 3.57807637e-03 -1.96821475e-03 4.08368704e-03
9700 9.70000000e+02 3.50160105e-03 -1.98214455e-03 4.02369319e-03
9800 9.80000000e+02 3.60445702e-03 -2.21105013e-03 4.22857577e-03
9900 9.90000000e+02 3.59563110e-03 -2.15281011e-03 4.19084173e-03
10000 1.00000000e+03 3.46667762e-03 -1.86564319e-03 3.93681067e-03
10100 1.01000000e+03 3.31693166e-03 -1.94259081e-03 3.84391658e-03
10200 1.02000000e+03 3.30739073e-03 -1.85012107e-03 3.78969410e-03
10300 1.03000000e+03 3.47143877e-03 -2.02441961e-03 4.01860198e-03
10400 1.04000000e+03 3.37789883e-03 -2.12132512e-03 3.98876181e-03
10500 1.05000000e+03 3.32277035e-03 -2.04225187e-03 3.90020455e-03
10600 1.06000000e+03 3.19632632e-03 -1.92565192e-03 3.73157302e-03
10700 1.07000000e+03 3.09585175e-03 -1.98999327e-03 3.68026782e-03
10800 1.08000000e+03 3.21896723e-03 -2.07540789e-03 3.83002193e-03
10900 1.09000000e+03 3.16680642e-03 -1.84097793e-03 3.66304008e-03
11000 1.10000000e+03 3.33240628e-03 -1.76896632e-03 3.77282036e-03
11100 1.11000000e+03 3.23714246e-03 -1.59459002e-03 3.60857432e-03
11200 1.12000000e+03 3.34803201e-03 -1.68422959e-03 3.74779237e-03
11300 1.13000000e+03 3.36049846e-03 -1.53966830e-03 3.69642103e-03
11400 1.14000000e+03 3.45027680e-03 -1.94645138e-03 3.96144960e-03
11500 1.15000000e+03 3.45394481e-03 -1.79774954e-03 3.89379483e-03
11600 1.16000000e+03 3.41432053e-03 -1.81852863e-03 3.86841454e-03
11700 1.17000000e+03 3.44605302e-03 -1.74363866e-03 3.86206643e-03
11800 1.18000000e+03 3.78939556e-03 -2.08543357e-03 4.32533836e-03
11900 1.19000000e+03 3.63639090e-03 -1.95158098e-03 4.12698523e-03
12000 1.20000000e+03 3.59875569e-03 -1.88622368e-03 4.06311239e-03
12100 1.21000000e+03 3.53835127e-03 -1.80800119e-03 3.97351205e-03
12200 1.22000000e+03 3.37382033e-03 -1.73306768e-03 3.79291276e-03
12300 1.23000000e+03 3.49583034e-03 -1.73026510e-03 3.90059574e-03
12400 1.24000000e+03 3.42247658e-03 -1.66373013e-03 3.80543610e-03
12500 1.25000000e+03 3.47771496e-03 -1.68157322e-03 3.86292503e-03
12600 1.26000000e+03 3.55793210e-03 -1.77139172e-03 3.97450745e-03
12700 1.27000000e+03 3.65160126e-03 -1.76993059e-03 4.05793618e-03
12800 1.28000000e+03 3.74468369e-03 -1.69118214e-03 4.10886274e-03
12900 1.29000000e+03 3.86732537e-03 -1.79680518e-03 4.26435393e-03
13000 1.30000000e+03 3.88975907e-03 -1.96354860e-03 4.35726390e-03
13100 1.31000000e+03 4.05006669e-03 -2.10880488e-03 4.56619078e-03
13200 1.32000000e+03 4.05732356e-03 -2.07930151e-03 4.55909742e-03
13300 1.33000000e+03 3.96309886e-03 -2.23288476e-03 4.54883797e-03
13400 1.34000000e+03 3.96343833e-03 -2.25804863e-03 4.56153779e-03
13500 1.35000000e+03 4.03845264e-03 -2.46580504e-03 4.73173268e-03
13600 1.36000000e+03 4.15990129e-03 -2.45603430e-03 4.83082635e-03
13700 1.37000000e+03 4.26716777e-03 -2.33286317e-03 4.86322643e-03
13800 1.38000000e+03 4.02971357e-03 -2.30645784e-03 4.64309587e-03
13900 1.39000000e+03 3.90421832e-03 -2.48790230e-03 4.62953329e-03
14000 1.40000000e+03 3.74733657e-03 -2.42306897e-03 4.46248749e-03
14100 1.41000000e+03 3.77390883e-03 -2.42513302e-03 4.48594004e-03
14200 1.42000000e+03 3.74520198e-03 -2.44785659e-03 4.47420828e-03
14300 1.43000000e+03 3.68552865e-03 -2.37602904e-03 4.38504679e-03
14400 1.44000000e+03 3.66640533e-03 -2.19151611e-03 4.27144834e-03
14500 1.45000000e+03 3.72145209e-03 -2.25502416e-03 4.35136066e-03
14600 1.46000000e+03 3.55964084e-03 -2.14728387e-03 4.15714697e-03
14700 1.47000000e+03 3.26106790e-03 -2.23797886e-03 3.95513758e-03
14800 1.48000000e+03 3.28937173e-03 -2.09819712e-03 3.90158910e-03
14900 1.49000000e+03 3.20852315e-03 -1.90025056e-03 3.72901770e-03
15000 1.50000000e+03 3.29863490e-03 -2.01022811e-03 3.86290166e-03
15100 1.51000000e+03 3.44337663e-03 -2.04447960e-03 4.00458979e-03
15200 1.52000000e+03 3.47769447e-03 -1.94305729e-03 3.98369557e-03
15300 1.53000000e+03 3.38949426e-03 -1.98792922e-03 3.92944448e-03
15400 1.54000000e+03 3.20941233e-03 -1.97414123e-03 3.76796511e-03
15500 1.55000000e+03 3.19584995e-03 -1.79347303e-03 3.66469676e-03
15600 1.56000000e+03 3.21500842e-03 -1.66547275e-03 3.62078425e-03
15700 1.57000000e+03 3.30390409e-03 -1.73918763e-03 3.73370538e-03
15800 1.58000000e+03 3.36843496e-03 -1.73958624e-03 3.79110991e-03
15900 1.59000000e+03 3.36803659e-03 -1.79183413e-03 3.81501507e-03
16000 1.60000000e+03 3.81894549e-03 -1.88186637e-03 4.25743652e-03
16100 1.61000000e+03 4.04002657e-03 -2.21050531e-03 4.60523055e-03
16200 1.62000000e+03 4.02752170e-03 -2.06693984e-03 4.52693841e-03
16300 1.63000000e+03 3.86770605e-03 -1.83585240e-03 4.28129701e-03
16400 1.64000000e+03 3.72957205e-03 -1.63809094e-03 4.07345672e-03
16500 1.65000000e+03 3.64150479e-03 -1.42557314e-03 3.91060301e-03
16600 1.66000000e+03 3.60834552e-03 -1.53129955e-03 3.91982598e-03
16700 1.67000000e+03 3.58117674e-03 -1.55576179e-03 3.90451298e-03
16800 1.68000000e+03 3.55247944e-03 -1.78084977e-03 3.97385657e-03
16900 1.69000000e+03 3.71499034e-03 -1.89029216e-03 4.16825595e-03
17000 1.70000000e+03 3.80175794e-03 -1.98017084e-03 4.28654172e-03
17100 1.71000000e+03 3.88858118e-03 -2.02954607e-03 4.38635622e-03
17200 1.72000000e+03 3.87847424e-03 -2.29904638e-03 4.50867793e-03
17300 1.73000000e+03 3.81996296e-03 -2.19366187e-03 4.40502775e-03
17400 1.74000000e+03 3.75435431e-03 -2.22779857e-03 4.36557703e-03
17500 1.75000000e+03 3.66916391e-03 -2.11182237e-03 4.23350416e-03
17600 1.76000000e+03 3.66863911e-03 -2.22456874e-03 4.29041012e-03
17700 1.77000000e+03 3.79201118e-03 -2.04159087e-03 4.30667413e-03
17800 1.78000000e+03 3.77225410e-03 -2.07587425e-03 4.30571189e-03
17900 1.79000000e+03 3.80037632e-03 -2.12995848e-03 4.35655636e-03
18000 1.80000000e+03 3.81608959e-03 -2.20372272e-03 4.40669191e-03
18100 1.81000000e+03 3.68304132e-03 -1.96380098e-03 4.17388400e-03
18200 1.82000000e+03 3.74540593e-03 -1.92465563e-03 4.21098147e-03
18300 1.83000000e+03 3.62491305e-03 -1.92662783e-03 4.10510528e-03
18400 1.84000000e+03 3.61985294e-03 -1.84503850e-03 4.06294258e-03
18500 1.85000000e+03 3.41863069e-03 -1.78066350e-03 3.85458147e-03
18600 1.86000000e+03 3.22401291e-03 -1.77239953e-03 3.67908403e-03
18700 1.87000000e+03 3.14392080e-03 -1.65473821e-03 3.55280122e-03
18800 1.88000000e+03 3.48843588e-03 -1.79185532e-03 3.92172543e-03
18900 1.89000000e+03 3.35615641e-03 -1.93418539e-03 3.87361058e-03
19000 1.90000000e+03 3.49519774e-03 -2.29687430e-03 4.18234848e-03
19100 1.91000000e+03 3.51199391e-03 -2.19721044e-03 4.14268451e-03
19200 1.92000000e+03 3.44617129e-03 -2.11028871e-03 4.04096709e-03
19300 1.93000000e+03 3.34453513e-03 -1.97324203e-03 3.88324598e-03
19400 1.94000000e+03 3.57801327e-03 -1.97273865e-03 4.08581409e-03
19500 1.95000000e+03 3.56639014e-03 -1.97673170e-03 4.07757364e-03
19600 1.96000000e+03 3.60036804e-03 -2.07889220e-03 4.15745629e-03
19700 1.97000000e+03 3.61338118e-03 -2.25732545e-03 4.26052130e-03
19800 1.98000000e+03 3.49028641e-03 -1.95617741e-03 4.00109101e-03
19900 1.99000000e+03 3.31684970e-03 -1.84690789e-03 3.79638785e-03
20000 2.00000000e+03 3.33315320e-03 -1.79175404e-03 3.78421627e-03
20100 2.01000000e+03 3.26773454e-03 -1.88782369e-03 3.77385311e-03
20200 2.02000000e+03 3.28424154e-03 -1.87200750e-03 3.78029821e-03
20300 2.03000000e+03 3.33647197e-03 -1.91274332e-03 3.84585910e-03
20400 2.04000000e+03 3.33157252e-03 -1.81454117e-03 3.79367040e-03
20500 2.05000000e+03 3.29548144e-03 -1.75089063e-03 3.73173095e-03
20600 2.06000000e+03 3.29900463e-03 -1.82790507e-03 3.77156049e-03
20700 2.07000000e+03 3.42837698e-03 -1.91308081e-03 3.92602176e-03
20800 2.08000000e+03 3.49204335e-03 -1.79799576e-03 3.92774179e-03
20900 2.09000000e+03 3.40724760e-03 -1.87272835e-03 3.88798761e-03
21000 2.10000000e+03 3.45157948e-03 -1.84740243e-03 3.91488144e-03
21100 2.11000000e+03 3.43710161e-03 -1.90872815e-03 3.93152777e-03
21200 2.12000000e+03 3.57719068e-03 -1.99353904e-03 4.09517901e-03
21300 2.13000000e+03 3.53265158e-03 -1.81013648e-03 3.96941070e-03
21400 2.14000000e+03 3.65822227e-03 -1.95171102e-03 4.14629546e-03
21500 2.15000000e+03 3.71076097e-03 -2.06609070e-03 4.24717291e-03
21600 2.16000000e+03 3.69239273e-03 -2.02659145e-03 4.21198729e-03
21700 2.17000000e+03 3.79299070e-03 -2.03920738e-03 4.30640745e-03
21800 2.18000000e+03 3.72990686e-03 -2.05551367e-03 4.25879580e-03
21900 2.19000000e+03 3.65869608e-03 -1.86461862e-03 4.10644123e-03
22000 2.20000000e+03 3.64898029e-03 -1.82077661e-03 4.07802460e-03
22100 2.21000000e+03 3.50846769e-03 -1.60492933e-03 3.85812697e-03
22200 2.22000000e+03 3.58800031e-03 -1.75841816e-03 3.99572029e-03
22300 2.23000000e+03 3.67194321e-03 -1.70574954e-03 4.04879592e-03
22400 2.24000000e+03 3.82399606e-03 -1.83039077e-03 4.23949009e-03
22500 2.25000000e+03 3.96848004e-03 -1.87185127e-03 4.38778544e-03
22600 2.26000000e+03 3.95917008e-03 -1.96493184e-03 4.41995304e-03
22700 2.27000000e+03 4.00932552e-03 -2.17839563e-03 4.56290463e-03
22800 2.28000000e+03 3.97399254e-03 -1.97908957e-03 4.43952838e-03
22900 2.29000000e+03 4.03783470e-03 -2.27362523e-03 4.63394872e-03
23000 2.30000000e+03 4.00540465e-03 -2.14380468e-03 4.54303477e-03
23100 2.31000000e+03 3.96427140e-03 -2.30320962e-03 4.58478159e-03
23200 2.32000000e+03 4.25657304e-03 -2.45352788e-03 4.91306555e-03
23300 2.33000000e+03 4.14823601e-03 -2.22759205e-03 4.70850596e-03
23400 2.34000000e+03 4.24963096e-03 -2.31837574e-03 4.84089138e-03
23500 2.35000000e+03 4.13624197e-03 -2.25408585e-03 4.71056267e-03
23600 2.36000000e+03 3.91982123e-03 -2.23455788e-03 4.51201146e-03
23700 2.37000000e+03 3.78664373e-03 -2.18285504e-03 4.37075816e-03
23800 2.38000000e+03 3.84797668e-03 -2.50018341e-03 4.58888240e-03
23900 2.39000000e+03 3.80649394e-03 -2.36164220e-03 4.47959262e-03
24000 2.40000000e+03 3.89049738e-03 -2.35160370e-03 4.54598832e-03
24100 2.41000000e+03 3.69878416e-03 -2.25843792e-03 4.33376812e-03
24200 2.42000000e+03 3.61141656e-03 -2.40054773e-03 4.33646849e-03
24300 2.43000000e+03 3.53024458e-03 -2.61840085e-03 4.39529860e-03
24400 2.44000000e+03 3.49575444e-03 -2.40809796e-03 4.24490694e-03
24500 2.45000000e+03 3.65202874e-03 -2.25300575e-03 4.29107781e-03
24600 2.46000000e+03 3.55708459e-03 -2.05363845e-03 4.10734485e-03
24700 2.47000000e+03 3.68944742e-03 -2.33034301e-03 4.36377369e-03
24800 2.48000000e+03 3.65656218e-03 -2.11005798e-03 4.22170483e-03
24900 2.49000000e+03 3.66435666e-03 -2.24010157e-03 4.29483000e-03
25000 2.50000000e+03 3.52223031e-03 -2.11311621e-03 4.10747690e-03
25100 2.51000000e+03 3.70883849e-03 -2.22880533e-03 4.32701469e-03
25200 2.52000000e+03 3.64848971e-03 -1.94133318e-03 4.13282611e-03
25300 2.53000000e+03 3.51181836e-03 -2.02145893e-03 4.05205681e-03
25400 2.54000000e+03 3.59171163e-03 -2.00095191e-03 4.11147188e-03
25500 2.55000000e+03 3.65184178e-03 -1.95898162e-03 4.14409910e-03
25600 2.56000000e+03 3.70921521e-03 -2.00389279e-03 4.21590604e-03
25700 2.57000000e+03 3.60955275e-03 -1.86337787e-03 4.06214821e-03
25800 2.58000000e+03 3.67090805e-03 -1.81916158e-03 4.09693968e-03
25900 2.59000000e+03 3.85683635e-03 -1.82731880e-03 4.26781919e-03
26000 2.60000000e+03 3.73138255e-03 -1.70666713e-03 4.10316078e-03
26100 2.61000000e+03 3.68893053e-03 -1.53232832e-03 3.99452607e-03
26200 2.62000000e+03 3.50011792e-03 -1.39186275e-03 3.76671042e-03
26300 2.63000000e+03 3.53381876e-03 -1.44463265e-03 3.81770069e-03
26400 2.64000000e+03 3.59132886e-03 -1.55502465e-03 3.91353352e-03
26500 2.65000000e+03 3.78063158e-03 -1.93848519e-03 4.24863507e-03
26600 2.66000000e+03 3.77443270e-03 -1.80165865e-03 4.18238163e-03
26700 2.67000000e+03 4.04238142e-03 -2.14185659e-03 4.57475652e-03
26800 2.68000000e+03 4.30220226e-03 -2.11279280e-03 4.79299882e-03
26900 2.69000000e+03 4.12921747e-03 -2.09893263e-03 4.63205733e-03
27000 2.70000000e+03 3.99443228e-03 -2.12573609e-03 4.52484731e-03
27100 2.71000000e+03 3.81524651e-03 -1.78488204e-03 4.21211465e-03
27200 2.72000000e+03 3.83066805e-03 -1.78736681e-03 4.22713826e-03
27300 2.73000000e+03 3.82637186e-03 -1.68242306e-03 4.17991255e-03
27400 2.74000000e+03 3.73433530e-03 -1.65037345e-03 4.08276777e-03
27500 2.75000000e+03 3.64171690e-03 -1.87800149e-03 4.09743720e-03
27600 2.76000000e+03 3.65365995e-03 -1.81885378e-03 4.08135518e-03
27700 2.77000000e+03 3.69082089e-03 -1.84759067e-03 4.12743868e-03
27800 2.78000000e+03 3.72107304e-03 -1.65149814e-03 4.07109698e-03
27900 2.79000000e+03 3.63192102e-03 -1.78658357e-03 4.04755866e-03
28000 2.80000000e+03 3.80412443e-03 -1.68763206e-03 4.16166609e-03
28100 2.81000000e+03 3.50308348e-03 -1.66431477e-03 3.87834211e-03
28200 2.82000000e+03 3.29996971e-03 -1.39884604e-03 3.58421126e-03
28300 2.83000000e+03 3.44289094e-03 -1.41112180e-03 3.72085511e-03
28400 2.84000000e+03 3.38366418e-03 -1.24092808e-03 3.60403743e-03
28500 2.85000000e+03 3.22203687e-03 -1.37848372e-03 3.50453121e-03
28600 2.86000000e+03 3.33412830e-03 -1.59880682e-03 3.69764719e-03
28700 2.87000000e+03 3.35075753e-03 -1.78285199e-03 3.79554176e-03
28800 2.88000000e+03 3.28529673e-03 -1.75018935e-03 3.72241015e-03
28900 2.89000000e+03 3.27463122e-03 -1.96588435e-03 3.81941238e-03
29000 2.90000000e+03 3.25952354e-03 -1.99015555e-03 3.81905915e-03
29100 2.91000000e+03 3.34788626e-03 -2.00770143e-03 3.90374275e-03
29200 2.92000000e+03 3.23852152e-03 -2.12362641e-03 3.87270071e-03
29300 2.93000000e+03 3.30383983e-03 -2.08831299e-03 3.90850467e-03
29400 2.94000000e+03 3.26467492e-03 -1.85085705e-03 3.75283548e-03
29500 2.95000000e+03 3.23013635e-03 -1.86954066e-03 3.73215262e-03
29600 2.96000000e+03 3.45307612e-03 -2.07789661e-03 4.03006067e-03
29700 2.97000000e+03 3.31566925e-03 -2.03755335e-03 3.89169452e-03
29800 2.98000000e+03 3.41476197e-03 -1.99905946e-03 3.95687226e-03
29900 2.99000000e+03 3.48421186e-03 -1.88084552e-03 3.95945857e-03
30000 3.00000000e+03 3.44842370e-03 -1.85153994e-03 3.91405495e-03
30100 3.01000000e+03 3.48869199e-03 -1.71604101e-03 3.88790027e-03
30200 3.02000000e+03 3.46162054e-03 -1.72110158e-03 3.86587731e-03
30300 3.03000000e+03 3.54078133e-03 -1.83403376e-03 3.98758225e-03
30400 3.04000000e+03 3.57034989e-03 -1.88855862e-03 4.03906573e-03
30500 3.05000000e+03 3.44447698e-03 -1.73279620e-03 3.85577545e-03
30600 3.06000000e+03 3.31460033e-03 -1.87586993e-03 3.80860385e-03
30700 3.07000000e+03 3.41452821e-03 -1.86508999e-03 3.89070219e-03
30800 3.08000000e+03 3.39746289e-03 -1.88054016e-03 3.88319268e-03
30900 3.09000000e+03 3.42347194e-03 -1.98379997e-03 3.95671864e-03
31000 3.10000000e+03 3.66727472e-03 -2.10843887e-03 4.23017947e-03
31100 3.11000000e+03 3.70666711e-03 -2.33348715e-03 4.38001636e-03
31200 3.12000000e+03 3.80899548e-03 -2.35262536e-03 4.47697360e-03
31300 3.13000000e+03 3.78119014e-03 -2.10209470e-03 4.32622249e-03
31400 3.14000000e+03 3.65117029e-03 -1.94872054e-03 4.13866600e-03
31500 3.15000000e+03 3.68500198e-03 -2.08859961e-03 4.23573936e-03
31600 3.16000000e+03 3.63867194e-03 -1.92923332e-03 4.11847966e-03
31700 3.17000000e+03 3.47115798e-03 -2.07374129e-03 4.04343179e-03
31800 3.18000000e+03 3.40048503e-03 -1.97103200e-03 3.93042817e-03
31900 3.19000000e+03 3.36413062e-03 -2.12248578e-03 3.97772808e-03
32000 3.20000000e+03 3.46607319e-03 -2.00565299e-03 4.00453584e-03
32100 3.21000000e+03 3.57835973e-03 -1.90064975e-03 4.05180550e-03
32200 3.22000000e+03 3.60744051e-03 -1.92935008e-03 4.09096795e-03
32300 3.23000000e+03 3.78756085e-03 -2.06501898e-03 4.31392172e-03
32400 3.24000000e+03 3.94162582e-03 -2.15179054e-03 4.49072563e-03
32500 3.25000000e+03 3.92952794e-03 -2.10981164e-03 4.46010034e-03
32600 3.26000000e+03 3.92039027e-03 -2.21894309e-03 4.50479393e-03
32700 3.27000000e+03 3.85427056e-03 -2.21478147e-03 4.44529622e-03
32800 3.28000000e+03 3.92333977e-03 -2.29540467e-03 4.54548980e-03
32900 3.29000000e+03 3.92876705e-03 -2.29036459e-03 4.54763460e-03
33000 3.30000000e+03 3.96158220e-03 -2.52325344e-03 4.69690765e-03
33100 3.31000000e+03 3.86119168e-03 -2.34711613e-03 4.51860104e-03
33200 3.32000000e+03 3.77140800e-03 -2.11134669e-03 4.32218731e-03
33300 3.33000000e+03 3.68540036e-03 -2.16038455e-03 4.27193600e-03
33400 3.34000000e+03 3.73583892e-03 -2.23675091e-03 4.35425620e-03
33500 3.35000000e+03 3.65087111e-03 -2.10142648e-03 4.21246401e-03
33600 3.36000000e+03 3.70832579e-03 -2.26705428e-03 4.34640257e-03
33700 3.37000000e+03 3.71176004e-03 -2.33572861e-03 4.38552058e-03
33800 3.38000000e+03 3.60284047e-03 -2.26853299e-03 4.25754641e-03
33900 3.39000000e+03 3.52234254e-03 -2.29674811e-03 4.20499094e-03
34000 3.40000000e+03 3.50891659e-03 -2.42871186e-03 4.26745087e-03
34100 3.41000000e+03 3.35335918e-03 -2.43694475e-03 4.14532477e-03
34200 3.42000000e+03 3.49653978e-03 -2.54375394e-03 4.32394202e-03
34300 3.43000000e+03 3.31529998e-03 -2.43949518e-03 4.11610868e-03
34400 3.44000000e+03 3.44475009e-03 -2.36887578e-03 4.18065493e-03
34500 3.45000000e+03 3.35472450e-03 -2.22123880e-03 4.02344110e-03
34600 3.46000000e+03 3.44151258e-03 -2.32587592e-03 4.15375826e-03
34700 3.47000000e+03 3.49613768e-03 -2.32239487e-03 4.19720104e-03
34800 3.48000000e+03 3.51036945e-03 -2.27687065e-03 4.18411683e-03
34900 3.49000000e+03 3.42868781e-03 -2.20287149e-03 4.07535801e-03
35000 3.50000000e+03 3.34713887e-03 -2.44025886e-03 4.14224600e-03
35100 3.51000000e+03 3.26433592e-03 -2.26018834e-03 3.97043326e-03
35200 3.52000000e+03 3.38976458e-03 -2.23507290e-03 4.06030230e-03
35300 3.53000000e+03 3.39769665e-03 -2.16926867e-03 4.03113745e-03
35400 3.54000000e+03 3.38154240e-03 -2.11262982e-03 3.98723385e-03
35500 3.55000000e+03 3.30744381e-03 -2.05125613e-03 3.89189366e-03
35600 3.56000000e+03 3.68448673e-03 -2.03378778e-03 4.20853124e-03
35700 3.57000000e+03 3.69042624e-03 -1.93909951e-03 4.16885509e-03
35800 3.58000000e+03 3.75659624e-03 -1.76042307e-03 4.14862684e-03
35900 3.59000000e+03 3.58554185e-03 -1.64066022e-03 3.94307955e-03
36000 3.60000000e+03 3.57856834e-03 -1.61148189e-03 3.92466881e-03
36100 3.61000000e+03 3.72020015e-03 -1.56286184e-03 4.03514886e-03
36200 3.62000000e+03 3.94340325e-03 -1.85372517e-03 4.35737607e-03
36300 3.63000000e+03 3.94913554e-03 -1.96576212e-03 4.41133678e-03
36400 3.64000000e+03 4.11670562e-03 -2.05704803e-03 4.60203343e-03
36500 3.65000000e+03 4.22069570e-03 -2.14152085e-03 4.73290437e-03
36600 3.66000000e+03 4.15155245e-03 -2.17107171e-03 4.68496960e-03
36700 3.67000000e+03 4.02642740e-03 -2.03917548e-03 4.51335288e-03
36800 3.68000000e+03 3.86843458e-03 -1.90921756e-03 4.31391908e-03
36900 3.69000000e+03 3.75326956e-03 -1.85991463e-03 4.18883215e-03
37000 3.70000000e+03 3.64385592e-03 -1.74727198e-03 4.04111931e-03
37100 3.71000000e+03 3.59756500e-03 -1.73521147e-03 3.99417485e-03
37200 3.72000000e+03 3.44521925e-03 -1.63602235e-03 3.81393561e-03
37300 3.73000000e+03 3.34612885e-03 -1.69522141e-03 3.75104704e-03
37400 3.74000000e+03 3.52194323e-03 -1.84261077e-03 3.97483315e-03
37500 3.75000000e+03 3.54413548e-03 -1.94410211e-03 4.04232970e-03
37600 3.76000000e+03 3.68216611e-03 -1.85977656e-03 4.12518073e-03
37700 3.77000000e+03 3.69000738e-03 -1.84551696e-03 4.12578323e-03
37800 3.78000000e+03 3.50022200e-03 -1.71014562e-03 3.89565810e-03
37900 3.79000000e+03 3.40049784e-03 -1.63017178e-03 3.77105364e-03
38000 3.80000000e+03 3.36853601e-03 -1.42433005e-03 3.65728738e-03
38100 3.81000000e+03 3.29317455e-03 -1.25483028e-03 3.52414495e-03
38200 3.82000000e+03 3.04699363e-03 -1.05640711e-03 3.22492886e-03
38300 3.83000000e+03 3.18106986e-03 -1.37732876e-03 3.46644486e-03
38400 3.84000000e+03 3.34816799e-03 -1.39230967e-03 3.62612122e-03
38500 3.85000000e+03 3.31752724e-03 -1.46597740e-03 3.62699279e-03
38600 3.86000000e+03 3.27923708e-03 -1.54930202e-03 3.62680749e-03
38700 3.87000000e+03 3.25435353e-03 -1.77847850e-03 3.70861196e-03
38800 3.88000000e+03 3.41233448e-03 -1.81683525e-03 3.86586562e-03
38900 3.89000000e+03 3.37973679e-03 -2.25942396e-03 4.06541725e-03
39000 3.90000000e+03 3.26615619e-03 -2.11507548e-03 3.89118497e-03
39100 3.91000000e+03 3.23811988e-03 -2.05223728e-03 3.83367946e-03
39200 3.92000000e+03 3.49906506e-03 -2.06491142e-03 4.06291957e-03
39300 3.93000000e+03 3.40670487e-03 -1.86837593e-03 3.88541718e-03
39400 3.94000000e+03 3.56714102e-03 -1.93468737e-03 4.05801802e-03
39500 3.95000000e+03 3.56403994e-03 -1.95216644e-03 4.06366024e-03
39600 3.96000000e+03 3.65451491e-03 -1.99840334e-03 4.16522450e-03
39700 3.97000000e+03 3.66949569e-03 -1.96506828e-03 4.16253432e-03
39800 3.98000000e+03 3.62494634e-03 -1.79802510e-03 4.04637248e-03
39900 3.99000000e+03 3.60849965e-03 -1.80230080e-03 4.03355401e-03
40000 4.00000000e+03 3.71696008e-03 -1.85286975e-03 4.15318174e-03
40100 4.01000000e+03 3.65433097e-03 -1.87627983e-03 4.10786573e-03
40200 4.02000000e+03 3.79428081e-03 -1.93719042e-03 4.26019643e-03
40300 4.03000000e+03 3.72864865e-03 -1.81194069e-03 4.14559402e-03
40400 4.04000000e+03 3.65267741e-03 -1.86615740e-03 4.10177957e-03
40500 4.05000000e+03 3.70785431e-03 -1.93444919e-03 4.18213788e-03
40600 4.06000000e+03 3.71075748e-03 -2.09569978e-03 4.26165210e-03
40700 4.07000000e+03 3.76624381e-03 -2.01411941e-03 4.27097992e-03
40800 4.08000000e+03 3.60444747e-03 -2.14269524e-03 4.19323079e-03
40900 4.09000000e+03 3.79442866e-03 -2.14823941e-03 4.36034648e-03
41000 4.10000000e+03 3.72716784e-03 -2.04604771e-03 4.25183388e-03
41100 4.11000000e+03 3.71344760e-03 -1.87757157e-03 4.16112582e-03
41200 4.12000000e+03 3.64441308e-03 -1.94175518e-03 4.12942610e-03
41300 4.13000000e+03 3.47514357e-03 -1.83553190e-03 3.93011453e-03
41400 4.14000000e+03 3.43934796e-03 -2.18049251e-03 4.07230425e-03
41500 4.15000000e+03 3.45164258e-03 -2.07429915e-03 4.02697820e-03
41600 4.16000000e+03 3.46629950e-03 -2.19517294e-03 4.10292779e-03
41700 4.17000000e+03 3.48824123e-03 -2.09623901e-03 4.06964923e-03
41800 4.18000000e+03 3.52324499e-03 -2.12903088e-03 4.11655532e-03
41900 4.19000000e+03 3.53335496e-03 -1.93983375e-03 4.03082526e-03
42000 4.20000000e+03 3.66456527e-03 -1.97894918e-03 4.16476632e-03
42100 4.21000000e+03 3.89279472e-03 -2.13732431e-03 4.44094651e-03
42200 4.22000000e+03 3.81677318e-03 -1.99486618e-03 4.30665167e-03
42300 4.23000000e+03 3.77110252e-03 -2.16394523e-03 4.34785846e-03
42400 4.24000000e+03 3.73003888e-03 -2.25783954e-03 4.36016392e-03
42500 4.25000000e+03 3.84148327e-03 -2.31352681e-03 4.48435057e-03
42600 4.26000000e+03 3.82144540e-03 -2.36046826e-03 4.49168736e-03
42700 4.27000000e+03 3.91402980e-03 -2.41427077e-03 4.59873163e-03
42800 4.28000000e+03 3.79710365e-03 -2.45258538e-03 4.52030654e-03
42900 4.29000000e+03 3.69580928e-03 -2.24237517e-03 4.32287551e-03
43000 4.30000000e+03 3.56909446e-03 -2.07518227e-03 4.12853688e-03
43100 4.31000000e+03 3.62345017e-03 -2.17850297e-03 4.22791513e-03
43200 4.32000000e+03 3.55531718e-03 -2.09328625e-03 4.12578811e-03
43300 4.33000000e+03 3.58088897e-03 -2.21243268e-03 4.20923083e-03
43400 4.34000000e+03 3.48543655e-03 -2.45237467e-03 4.26173785e-03
43500 4.35000000e+03 3.60961026e-03 -2.51204357e-03 4.39768679e-03
43600 4.36000000e+03 3.55624547e-03 -2.33419565e-03 4.25386309e-03
43700 4.37000000e+03 3.60154081e-03 -2.34935828e-03 4.30006751e-03
43800 4.38000000e+03 3.47505789e-03 -2.41587474e-03 4.23231357e-03
43900 4.39000000e+03 3.38804931e-03 -2.33306130e-03 4.11364233e-03
44000 4.40000000e+03 3.51037225e-03 -2.50715273e-03 4.31376033e-03
44100 4.41000000e+03 3.47342063e-03 -2.66905245e-03 4.38046708e-03
44200 4.42000000e+03 3.47203156e-03 -2.52903439e-03 4.29546483e-03
44300 4.43000000e+03 3.28051066e-03 -2.38113524e-03 4.05358548e-03
44400 4.44000000e+03 3.34178144e-03 -2.64043873e-03 4.25903979e-03
44500 4.45000000e+03 3.41820065e-03 -2.51122192e-03 4.24150105e-03
44600 4.46000000e+03 3.43611487e-03 -2.36347225e-03 4.17047797e-03
44700 4.47000000e+03 3.27862310e-03 -2.46830308e-03 4.10388713e-03
44800 4.48000000e+03 3.22396285e-03 -2.46423483e-03 4.05787996e-03
44900 4.49000000e+03 3.31281009e-03 -2.55239755e-03 4.18203825e-03
45000 4.50000000e+03 3.35756410e-03 -2.38939864e-03 4.12097835e-03
45100 4.51000000e+03 3.19385901e-03 -2.14914815e-03 3.84961987e-03
45200 4.52000000e+03 3.32207279e-03 -2.24147900e-03 4.00754236e-03
45300 4.53000000e+03 3.41994921e-03 -2.14120373e-03 4.03494808e-03
45400 4.54000000e+03 3.58057301e-03 -2.26383307e-03 4.23620624e-03
45500 4.55000000e+03 3.43633397e-03 -2.00541574e-03 3.97870373e-03
45600 4.56000000e+03 3.51257902e-03 -1.87243999e-03 3.98048274e-03
45700 4.57000000e+03 3.57270590e-03 -1.81196863e-03 4.00592783e-03
45800 4.58000000e+03 3.46768764e-03 -1.68716547e-03 3.85634346e-03
45900 4.59000000e+03 3.52269551e-03 -1.66485680e-03 3.89629719e-03
46000 4.60000000e+03 3.79411038e-03 -1.81984773e-03 4.20798281e-03
46100 4.61000000e+03 3.86954192e-03 -1.95400766e-03 4.33491645e-03
46200 4.62000000e+03 3.89960269e-03 -2.18623853e-03 4.47063083e-03
46300 4.63000000e+03 4.13759286e-03 -2.24037073e-03 4.70520304e-03
46400 4.64000000e+03 4.07833327e-03 -2.11624149e-03 4.59470133e-03
46500 4.65000000e+03 3.95498006e-03 -2.11140164e-03 4.48328943e-03
46600 4.66000000e+03 3.82726709e-03 -1.92354876e-03 4.28345809e-03
46700 4.67000000e+03 3.60434386e-03 -1.94091699e-03 4.09370901e-03
46800 4.68000000e+03 3.52298049e-03 -1.69542024e-03 3.90971116e-03
46900 4.69000000e+03 3.56102036e-03 -1.83596963e-03 4.00645111e-03
47000 4.70000000e+03 3.37908510e-03 -1.60323305e-03 3.74012999e-03
47100 4.71000000e+03 3.31843738e-03 -1.67250971e-03 3.71608871e-03
47200 4.72000000e+03 3.47239338e-03 -1.91829691e-03 3.96703653e-03
47300 4.73000000e+03 3.41119710e-03 -1.83718605e-03 3.87447006e-03
47400 4.74000000e+03 3.72009492e-03 -2.01991294e-03 4.23310223e-03
47500 4.75000000e+03 3.58355022e-03 -1.78511837e-03 4.00355839e-03
47600 4.76000000e+03 3.63489287e-03 -1.67808041e-03 4.00354843e-03
47700 4.77000000e+03 3.36367055e-03 -1.58737402e-03 3.71941337e-03
47800 4.78000000e+03 3.25731980e-03 -1.46170089e-03 3.57025234e-03
47900 4.79000000e+03 3.23695806e-03 -1.37356960e-03 3.51633203e-03
48000 4.80000000e+03 3.05552734e-03 -1.10490632e-03 3.24916378e-03
48100 4.81000000e+03 3.04484996e-03 -1.06488669e-03 3.22569294e-03
48200 4.82000000e+03 3.19567416e-03 -1.38775469e-03 3.48399145e-03
48300 4.83000000e+03 3.08351754e-03 -1.21718412e-03 3.31505922e-03
48400 4.84000000e+03 3.19400779e-03 -1.39256171e-03 3.48438142e-03
48500 4.85000000e+03 3.23714805e-03 -1.56710763e-03 3.59651968e-03
48600 4.86000000e+03 3.31267691e-03 -1.78690779e-03 3.76388998e-03
48700 4.87000000e+03 3.38344718e-03 -2.09738174e-03 3.98079452e-03
48800 4.88000000e+03 3.27068404e-03 -2.21197121e-03 3.94844156e-03
48900 4.89000000e+03 3.14121810e-03 -2.16410682e-03 3.81452611e-03
49000 4.90000000e+03 3.36656207e-03 -2.06808397e-03 3.95103929e-03
49100 4.91000000e+03 3.51480697e-03 -2.11075670e-03 4.09989779e-03
49200 4.92000000e+03 3.51547427e-03 -1.93641486e-03 4.01350991e-03
49300 4.93000000e+03 3.59031837e-03 -1.91462494e-03 4.06892795e-03
49400 4.94000000e+03 3.49797681e-03 -1.84046326e-03 3.95261265e-03
49500 4.95000000e+03 3.60440998e-03 -2.01570499e-03 4.12975035e-03
49600 4.96000000e+03 3.63571243e-03 -1.88271760e-03 4.09426800e-03
49700 4.97000000e+03 3.59176099e-03 -1.84047897e-03 4.03585306e-03
49800 4.98000000e+03 3.55350832e-03 -1.78087445e-03 3.97478743e-03
49900 4.99000000e+03 3.68718291e-03 -1.83511712e-03 4.11861295e-03
50000 5.00000000e+03 3.72029794e-03 -1.91017496e-03 4.18203123e-03
50100 5.01000000e+03 3.83149763e-03 -1.87769416e-03 4.26686178e-03
50200 5.02000000e+03 3.65703879e-03 -1.78986927e-03 4.07155557e-03
50300 5.03000000e+03 3.66330263e-03 -1.78707496e-03 4.07595671e-03
50400 5.04000000e+03 3.78826051e-03 -2.03691376e-03 4.30115512e-03
50500 5.05000000e+03 3.77457938e-03 -2.02715676e-03 4.28448527e-03
50600 5.06000000e+03 3.74538894e-03 -2.05347058e-03 4.27137914e-03
50700 5.07000000e+03 3.69139528e-03 -1.94767246e-03 4.17370664e-03
50800 5.08000000e+03 3.82281095e-03 -2.10738694e-03 4.36519911e-03
50900 5.09000000e+03 3.78865935e-03 -1.97280222e-03 4.27152060e-03
51000 5.10000000e+03 3.65279848e-03 -1.88783719e-03 4.11179596e-03
51100 5.11000000e+03 3.50996340e-03 -1.96986087e-03 4.02494657e-03
51200 5.12000000e+03 3.45902680e-03 -2.04559183e-03 4.01862070e-03
51300 5.13000000e+03 3.46883736e-03 -2.16546957e-03 4.08926535e-03
51400 5.14000000e+03 3.40913842e-03 -2.07436038e-03 3.99063851e-03
51500 5.15000000e+03 3.43963574e-03 -2.01723981e-03 3.98752435e-03
51600 5.16000000e+03 3.62081174e-03 -2.37897271e-03 4.33241143e-03
51700 5.17000000e+03 3.56821599e-03 -2.14288570e-03 4.16222591e-03
51800 5.18000000e+03 3.57930176e-03 -1.98804098e-03 4.09435075e-03
51900 5.19000000e+03 3.68219195e-03 -2.03986838e-03 4.20946559e-03
52000 5.20000000e+03 3.85684147e-03 -2.12532771e-03 4.40366257e-03
52100 5.21000000e+03 3.82219441e-03 -2.44635832e-03 4.53804354e-03
52200 5.22000000e+03 3.75298387e-03 -2.18626903e-03 4.34334666e-03
52300 5.23000000e+03 3.79736652e-03 -2.27897195e-03 4.42873635e-03
52400 5.24000000e+03 3.79292248e-03 -2.34121364e-03 4.45730212e-03
52500 5.25000000e+03 3.73653090e-03 -2.35963054e-03 4.41922159e-03
52600 5.26000000e+03 3.77968675e-03 -2.52346508e-03 4.54465708e-03
52700 5.27000000e+03 3.71906720e-03 -2.48137955e-03 4.47087299e-03
52800 5.28000000e+03 3.60948942e-03 -2.18611769e-03 4.21989626e-03
52900 5.29000000e+03 3.51313618e-03 -2.11926876e-03 4.10285582e-03
53000 5.30000000e+03 3.55828460e-03 -2.13576690e-03 4.15004694e-03
53100 5.31000000e+03 3.43876029e-03 -2.12339219e-03 4.04151788e-03
53200 5.32000000e+03 3.44276405e-03 -2.21189996e-03 4.09208086e-03
53300 5.33000000e+03 3.51279229e-03 -2.54368340e-03 4.33705371e-03
53400 5.34000000e+03 3.54521582e-03 -2.46413122e-03 4.31746429e-03
53500 5.35000000e+03 3.64366570e-03 -2.38456135e-03 4.35458753e-03
53600 5.36000000e+03 3.53365252e-03 -2.30251369e-03 4.21761418e-03
53700 5.37000000e+03 3.49639123e-03 -2.34446605e-03 4.20966420e-03
53800 5.38000000e+03 3.47670354e-03 -2.32215924e-03 4.18089596e-03
53900 5.39000000e+03 3.50505346e-03 -2.61108857e-03 4.37071885e-03
54000 5.40000000e+03 3.41918366e-03 -2.60459376e-03 4.29822353e-03
54100 5.41000000e+03 3.39328172e-03 -2.55523925e-03 4.24777688e-03
54200 5.42000000e+03 3.29647912e-03 -2.30325991e-03 4.02141527e-03
54300 5.43000000e+03 3.28893634e-03 -2.66641355e-03 4.23401269e-03
54400 5.44000000e+03 3.36359837e-03 -2.54566455e-03 4.21831744e-03
54500 5.45000000e+03 3.37146386e-03 -2.31142086e-03 4.08771757e-03
54600 5.46000000e+03 3.22969258e-03 -2.41687731e-03 4.03388275e-03
54700 5.47000000e+03 3.17871617e-03 -2.40658526e-03 3.98696490e-03
54800 5.48000000e+03 3.32493382e-03 -2.63177650e-03 4.24045191e-03
54900 5.49000000e+03 3.38126672e-03 -2.32360745e-03 4.10269622e-03
55000 5.50000000e+03 3.42740072e-03 -2.33985530e-03 4.14993958e-03
55100 5.51000000e+03 3.45655205e-03 -2.13730615e-03 4.06396723e-03
55200 5.52000000e+03 3.56791029e-03 -2.24455376e-03 4.21521119e-03
55300 5.53000000e+03 3.59336287e-03 -2.12900992e-03 4.17671401e-03
55400 5.54000000e+03 3.58564174e-03 -1.98154501e-03 4.09674838e-03
55500 5.55000000e+03 3.57447402e-03 -1.91571389e-03 4.05546843e-03
55600 5.56000000e+03 3.62977758e-03 -1.71566452e-03 4.01482129e-03
55700 5.57000000e+03 3.60743050e-03 -1.72772445e-03 3.99982331e-03
55800 5.58000000e+03 3.57974390e-03 -1.75499334e-03 3.98679922e-03
55900 5.59000000e+03 3.76097718e-03 -1.83090405e-03 4.18296055e-03
56000 5.60000000e+03 3.98760056e-03 -2.28395150e-03 4.59536644e-03
56100 5.61000000e+03 4.07582941e-03 -2.23235670e-03 4.64712833e-03
56200 5.62000000e+03 4.09974018e-03 -2.11410504e-03 4.61273343e-03
56300 5.63000000e+03 3.99670098e-03 -1.94802135e-03 4.44616755e-03
56400 5.64000000e+03 3.82668455e-03 -2.03245296e-03 4.33294123e-03
56500 5.65000000e+03 3.75306979e-03 -1.85084366e-03 4.18463321e-03
56600 5.66000000e+03 3.59017402e-03 -1.83989527e-03 4.03417452e-03
56700 5.67000000e+03 3.57284117e-03 -1.72567915e-03 3.96776544e-03
56800 5.68000000e+03 3.41764418e-03 -1.59718690e-03 3.77243923e-03
56900 5.69000000e+03 3.31969722e-03 -1.61646982e-03 3.69233860e-03
57000 5.70000000e+03 3.45162768e-03 -1.54049858e-03 3.77979755e-03
57100 5.71000000e+03 3.50222434e-03 -1.83378649e-03 3.95327057e-03
57200 5.72000000e+03 3.62432818e-03 -1.79129757e-03 4.04283338e-03
57300 5.73000000e+03 3.62512842e-03 -1.96809741e-03 4.12491981e-03
57400 5.74000000e+03 3.47204017e-03 -1.94003363e-03 3.97728468e-03
57500 5.75000000e+03 3.50195030e-03 -1.66364550e-03 3.87703137e-03
57600 5.76000000e+03 3.26653849e-03 -1.56144029e-03 3.62054824e-03
57700 5.77000000e+03 3.13125644e-03 -1.36979844e-03 3.41776457e-03
57800 5.78000000e+03 3.06881778e-03 -1.35721767e-03 3.35554502e-03
57900 5.79000000e+03 2.95273773e-03 -1.16040709e-03 3.17257068e-03
58000 5.80000000e+03 3.05594644e-03 -1.23849942e-03 3.29737614e-03
58100 5.81000000e+03 3.09585966e-03 -1.29135104e-03 3.35439034e-03
58200 5.82000000e+03 3.27092758e-03 -1.50424044e-03 3.60023701e-03
58300 5.83000000e+03 3.22429300e-03 -1.36958528e-03 3.50311707e-03
58400 5.84000000e+03 3.22518172e-03 -1.65046542e-03 3.62295918e-03
58500 5.85000000e+03 3.24894348e-03 -1.76165439e-03 3.69581655e-03
58600 5.86000000e+03 3.29459505e-03 -2.10262882e-03 3.90837620e-03
58700 5.87000000e+03 3.19218659e-03 -2.20534136e-03 3.87989506e-03
58800 5.88000000e+03 3.34135676e-03 -2.22742162e-03 4.01572808e-03
58900 5.89000000e+03 3.39575531e-03 -2.11645663e-03 4.00131763e-03
59000 5.90000000e+03 3.45012220e-03 -1.91555638e-03 3.94622597e-03
59100 5.91000000e+03 3.62550840e-03 -1.85117288e-03 4.07076801e-03
59200 5.92000000e+03 3.48470313e-03 -1.81842060e-03 3.93062456e-03
59300 5.93000000e+03 3.49748880e-03 -1.94929272e-03 4.00401923e-03
59400 5.94000000e+03 3.63891758e-03 -1.91413099e-03 4.11164427e-03
59500 5.95000000e+03 3.60341114e-03 -2.02842383e-03 4.13510279e-03
59600 5.96000000e+03 3.57293035e-03 -2.01908662e-03 4.10396662e-03
59700 5.97000000e+03 3.57466703e-03 -1.82171771e-03 4.01209419e-03
59800 5.98000000e+03 3.66813736e-03 -1.77039637e-03 4.07302529e-03
59900 5.99000000e+03 3.73445777e-03 -1.90399901e-03 4.19182384e-03
60000 6.00000000e+03 3.70385847e-03 -1.77095493e-03 4.10546574e-03
60100 6.01000000e+03 3.65631166e-03 -1.75552221e-03 4.05591829e-03
60200 6.02000000e+03 3.58978240e-03 -1.87720219e-03 4.05097837e-03
60300 6.03000000e+03 3.69249564e-03 -2.01721420e-03 4.20757378e-03
60400 6.04000000e+03 3.74727976e-03 -2.06781272e-03 4.27994801e-03
60500 6.05000000e+03 3.67407873e-03 -1.96715142e-03 4.16755795e-03
60600 6.06000000e+03 3.75709892e-03 -1.97084644e-03 4.24264399e-03
60700 6.07000000e+03 3.82592902e-03 -2.16988008e-03 4.39842158e-03
60800 6.08000000e+03 3.68604157e-03 -1.97310420e-03 4.18091409e-03
60900 6.09000000e+03 3.55244242e-03 -1.97627419e-03 4.06515766e-03
61000 6.10000000e+03 3.44450143e-03 -1.88241887e-03 3.92531412e-03
61100 6.11000000e+03 3.42461560e-03 -2.11994560e-03 4.02767443e-03
61200 6.12000000e+03 3.40391695e-03 -2.15385738e-03 4.02812019e-03
61300 6.13000000e+03 3.45350755e-03 -2.17612577e-03 4.08194044e-03
61400 6.14000000e+03 3.45281931e-03 -2.07341579e-03 4.02753202e-03
61500 6.15000000e+03 3.55994422e-03 -2.37986911e-03 4.28216999e-03
61600 6.16000000e+03 3.58757772e-03 -2.18667137e-03 4.20145756e-03
61700 6.17000000e+03 3.51901539e-03 -1.98313547e-03 4.03934346e-03
61800 6.18000000e+03 3.65859084e-03 -2.11426336e-03 4.22556464e-03
61900 6.19000000e+03 3.80654866e-03 -2.11741053e-03 4.35582829e-03
62000 6.20000000e+03 3.75532988e-03 -2.34678155e-03 4.42830511e-03
62100 6.21000000e+03 3.71431466e-03 -2.17972556e-03 4.30666192e-03
62200 6.22000000e+03 3.74717801e-03 -2.26483704e-03 4.37845062e-03
62300 6.23000000e+03 3.74493701e-03 -2.41682678e-03 4.45708480e-03
62400 6.24000000e+03 3.76402494e-03 -2.40136427e-03 4.46479944e-03
62500 6.25000000e+03 3.75951035e-03 -2.42420402e-03 4.47333022e-03
62600 6.26000000e+03 3.67655861e-03 -2.48699263e-03 4.43871778e-03
62700 6.27000000e+03 3.57283256e-03 -2.18705344e-03 4.18907332e-03
62800 6.28000000e+03 3.48125957e-03 -2.12067598e-03 4.07632614e-03
62900 6.29000000e+03 3.52742197e-03 -2.13170075e-03 4.12151111e-03
63000 6.30000000e+03 3.46731348e-03 -2.05823011e-03 4.03219220e-03
63100 6.31000000e+03 3.48536531e-03 -2.17553950e-03 4.10861819e-03
63200 6.32000000e+03 3.53579619e-03 -2.62515806e-03 4.40378355e-03
63300 6.33000000e+03 3.51276132e-03 -2.47124420e-03 4.29494354e-03
63400 6.34000000e+03 3.60678113e-03 -2.38353154e-03 4.32320399e-03
63500 6.35000000e+03 3.50392843e-03 -2.30595795e-03 4.19463425e-03
63600 6.36000000e+03 3.47270165e-03 -2.34780833e-03 4.19188033e-03
63700 6.37000000e+03 3.51315970e-03 -2.39677681e-03 4.25286140e-03
63800 6.38000000e+03 3.54485051e-03 -2.59342836e-03 4.39224724e-03
63900 6.39000000e+03 3.37030087e-03 -2.61010625e-03 4.26281393e-03
64000 6.40000000e+03 3.35272844e-03 -2.56623700e-03 4.22212747e-03
64100 6.41000000e+03 3.36113293e-03 -2.45605875e-03 4.16286429e-03
64200 6.42000000e+03 3.33588268e-03 -2.65210075e-03 4.26166067e-03
64300 6.43000000e+03 3.39675718e-03 -2.53187655e-03 4.23655027e-03
64400 6.44000000e+03 3.39745334e-03 -2.30387272e-03 4.10493834e-03
64500 6.45000000e+03 3.26537341e-03 -2.64681480e-03 4.20336676e-03
64600 6.46000000e+03 3.28528718e-03 -2.40393775e-03 4.07087565e-03
64700 6.47000000e+03 3.40660382e-03 -2.62730010e-03 4.30205246e-03
64800 6.48000000e+03 3.44626186e-03 -2.38421815e-03 4.19061058e-03
64900 6.49000000e+03 3.40887741e-03 -2.33593909e-03 4.13243955e-03
65000 6.50000000e+03 3.52812558e-03 -2.25705141e-03 4.18831126e-03
65100 6.51000000e+03 3.67972394e-03 -2.19902955e-03 4.28673527e-03
65200 6.52000000e+03 3.63000482e-03 -2.13764841e-03 4.21265661e-03
65300 6.53000000e+03 3.63140251e-03 -1.98806822e-03 4.13998785e-03
65400 6.54000000e+03 3.60193243e-03 -1.91397569e-03 4.07887487e-03
65500 6.55000000e+03 3.66883003e-03 -1.74471282e-03 4.06255297e-03
65600 6.56000000e+03 3.75881279e-03 -1.86072895e-03 4.19416092e-03
65700 6.57000000e+03 3.99054587e-03 -2.09462689e-03 4.50687454e-03
65800 6.58000000e+03 4.03827149e-03 -2.30166037e-03 4.64814771e-03
65900 6.59000000e+03 4.08407580e-03 -2.24094070e-03 4.65848584e-03
66000 6.60000000e+03 4.16094344e-03 -2.32493854e-03 4.76642314e-03
66100 6.61000000e+03 4.06708242e-03 -2.00627721e-03 4.53500912e-03
66200 6.62000000e+03 3.87498806e-03 -1.78236514e-03 4.26525005e-03
66300 6.63000000e+03 3.81494872e-03 -1.78156607e-03 4.21044076e-03
66400 6.64000000e+03 3.79505800e-03 -1.77232595e-03 4.18850863e-03
66500 6.65000000e+03 3.66178318e-03 -1.75909209e-03 4.06239597e-03
66600 6.66000000e+03 3.70708387e-03 -1.63003791e-03 4.04962892e-03
66700 6.67000000e+03 3.50467931e-03 -1.61570963e-03 3.85918316e-03
66800 6.68000000e+03 3.63267632e-03 -1.59923709e-03 3.96911785e-03
66900 6.69000000e+03 3.59222852e-03 -1.51436753e-03 3.89838617e-03
67000 6.70000000e+03 3.42941051e-03 -1.78496563e-03 3.86612969e-03
67100 6.71000000e+03 3.62279336e-03 -2.07082485e-03 4.17288237e-03
67200 6.72000000e+03 3.58381099e-03 -1.77099707e-03 3.99751571e-03
67300 6.73000000e+03 3.45763657e-03 -1.63683668e-03 3.82550454e-03
67400 6.74000000e+03 3.47676571e-03 -1.49001123e-03 3.78259610e-03
67500 6.75000000e+03 3.32832849e-03 -1.37917581e-03 3.60276233e-03
67600 6.76000000e+03 3.15278838e-03 -1.19472109e-03 3.37156241e-03
67700 6.77000000e+03 3.02661350e-03 -1.27529330e-03 3.28432067e-03
67800 6.78000000e+03 2.99832528e-03 -1.25646987e-03 3.25094924e-03
67900 6.79000000e+03 3.21352738e-03 -1.36992545e-03 3.49334424e-03
68000 6.80000000e+03 3.27570108e-03 -1.42309559e-03 3.57147289e-03
68100 6.81000000e+03 3.30030057e-03 -1.49429450e-03 3.62283037e-03
68200 6.82000000e+03 3.34534375e-03 -1.55330554e-03 3.68837131e-03
68300 6.83000000e+03 3.29311960e-03 -1.71953184e-03 3.71502711e-03
68400 6.84000000e+03 3.37263243e-03 -1.89994241e-03 3.87097283e-03
68500 6.85000000e+03 3.28915217e-03 -1.89325365e-03 3.79511941e-03
68600 6.86000000e+03 3.35760950e-03 -2.25491030e-03 4.04452247e-03
68700 6.87000000e+03 3.35478876e-03 -2.07316712e-03 3.94368223e-03
68800 6.88000000e+03 3.61195207e-03 -2.21787510e-03 4.23853367e-03
68900 6.89000000e+03 3.47341108e-03 -1.91794487e-03 3.96775718e-03
69000 6.90000000e+03 3.57117178e-03 -2.02852208e-03 4.10708774e-03
69100 6.91000000e+03 3.53809982e-03 -1.95660954e-03 4.04307695e-03
69200 6.92000000e+03 3.65181873e-03 -1.85607909e-03 4.09643865e-03
69300 6.93000000e+03 3.58989229e-03 -1.80434552e-03 4.01783392e-03
69400 6.94000000e+03 3.56358453e-03 -1.70063088e-03 3.94857950e-03
69500 6.95000000e+03 3.58831557e-03 -1.91749632e-03 4.06851333e-03
69600 6.96000000e+03 3.64810578e-03 -1.82494824e-03 4.07910674e-03
69700 6.97000000e+03 3.72757413e-03 -1.99578749e-03 4.22823564e-03
69800 6.98000000e+03 3.82557721e-03 -1.94898678e-03 4.29343574e-03
69900 6.99000000e+03 3.71845579e-03 -1.83778792e-03 4.14781604e-03
70000 7.00000000e+03 3.87274101e-03 -1.97320618e-03 4.34645437e-03
70100 7.01000000e+03 3.92756332e-03 -2.26038368e-03 4.53156573e-03
70200 7.02000000e+03 3.86784808e-03 -2.13385420e-03 4.41741808e-03
70300 7.03000000e+03 3.73604544e-03 -2.08201772e-03 4.27701220e-03
70400 7.04000000e+03 3.79371247e-03 -2.02469341e-03 4.30019043e-03
70500 7.05000000e+03 3.83134652e-03 -2.06476683e-03 4.35229574e-03
70600 7.06000000e+03 3.66909220e-03 -2.00509513e-03 4.18122518e-03
70700 7.07000000e+03 3.76642705e-03 -2.06307764e-03 4.29444549e-03
70800 7.08000000e+03 3.62858316e-03 -1.96485850e-03 4.12641305e-03
70900 7.09000000e+03 3.61091504e-03 -2.15133559e-03 4.20320737e-03
71000 7.10000000e+03 3.62720643e-03 -2.22141924e-03 4.25339041e-03
71100 7.11000000e+03 3.60807730e-03 -2.04069028e-03 4.14519464e-03
71200 7.12000000e+03 3.52479797e-03 -2.11675558e-03 4.11155140e-03
71300 7.13000000e+03 3.67378630e-03 -2.13658460e-03 4.24990583e-03
71400 7.14000000e+03 3.50738387e-03 -1.91862183e-03 3.99785584e-03
71500 7.15000000e+03 3.61887994e-03 -2.01026769e-03 4.13974253e-03
71600 7.16000000e+03 3.71436356e-03 -2.19539297e-03 4.31465490e-03
71700 7.17000000e+03 3.75418598e-03 -2.02521705e-03 4.26560857e-03
71800 7.18000000e+03 3.73890554e-03 -2.26587988e-03 4.37191334e-03
71900 7.19000000e+03 3.70255485e-03 -2.32477300e-03 4.37189683e-03
72000 7.20000000e+03 3.72310448e-03 -2.27787625e-03 4.36465660e-03
72100 7.21000000e+03 3.67085519e-03 -2.12548696e-03 4.24180064e-03
72200 7.22000000e+03 3.67380446e-03 -2.34959181e-03 4.36089680e-03
72300 7.23000000e+03 3.73297278e-03 -2.49487511e-03 4.48993180e-03
72400 7.24000000e+03 3.68047087e-03 -2.36976705e-03 4.37740353e-03
72500 7.25000000e+03 3.56768956e-03 -2.11111130e-03 4.14550356e-03
72600 7.26000000e+03 3.52698355e-03 -2.14368477e-03 4.12734750e-03
72700 7.27000000e+03 3.48275667e-03 -2.07250006e-03 4.05275839e-03
72800 7.28000000e+03 3.48383375e-03 -2.24612583e-03 4.14513918e-03
72900 7.29000000e+03 3.58773256e-03 -2.44902237e-03 4.34390786e-03
73000 7.30000000e+03 3.64704407e-03 -2.49981415e-03 4.42153833e-03
73100 7.31000000e+03 3.61917610e-03 -2.54019722e-03 4.42165553e-03
73200 7.32000000e+03 3.62022128e-03 -2.59658182e-03 4.45513628e-03
73300 7.33000000e+03 3.52857681e-03 -2.34632543e-03 4.23746355e-03
73400 7.34000000e+03 3.47954081e-03 -2.28681695e-03 4.16374063e-03
73500 7.35000000e+03 3.37658310e-03 -2.19787052e-03 4.02888921e-03
73600 7.36000000e+03 3.55257979e-03 -2.58623878e-03 4.39425240e-03
73700 7.37000000e+03 3.38577293e-03 -2.65799346e-03 4.30446136e-03
73800 7.38000000e+03 3.40019795e-03 -2.42549600e-03 4.17664662e-03
73900 7.39000000e+03 3.29252053e-03 -2.52503692e-03 4.14927739e-03
74000 7.40000000e+03 3.28224292e-03 -2.40932172e-03 4.07160285e-03
74100 7.41000000e+03 3.37629486e-03 -2.37670611e-03 4.12893435e-03
74200 7.42000000e+03 3.33977677e-03 -2.32443074e-03 4.06904007e-03
74300 7.43000000e+03 3.47839738e-03 -2.48481240e-03 4.27475625e-03
74400 7.44000000e+03 3.36603587e-03 -2.25891289e-03 4.05374950e-03
74500 7.45000000e+03 3.73925222e-03 -2.57085497e-03 4.53776403e-03
74600 7.46000000e+03 3.59933311e-03 -2.23370921e-03 4.23611327e-03
74700 7.47000000e+03 3.58093972e-03 -2.25326698e-03 4.23087951e-03
74800 7.48000000e+03 3.93994898e-03 -2.31126836e-03 4.56783968e-03
74900 7.49000000e+03 3.75203369e-03 -2.17250967e-03 4.33561473e-03
75000 7.50000000e+03 3.68267600e-03 -2.43705814e-03 4.41603384e-03
75100 7.51000000e+03 3.59128090e-03 -2.22830055e-03 4.22641950e-03
75200 7.52000000e+03 3.81468493e-03 -2.19586235e-03 4.40154888e-03
75300 7.53000000e+03 3.76128685e-03 -2.01766915e-03 4.26828625e-03
75400 7.54000000e+03 3.96932103e-03 -2.14452529e-03 4.51159597e-03
75500 7.55000000e+03 4.03208239e-03 -2.13625631e-03 4.56303402e-03
75600 7.56000000e+03 4.01654094e-03 -2.22615316e-03 4.59220634e-03
75700 7.57000000e+03 4.06144187e-03 -2.27471394e-03 4.65506537e-03
75800 7.58000000e+03 4.08659270e-03 -2.15122802e-03 4.61822714e-03
75900 7.59000000e+03 3.89330974e-03 -1.94227789e-03 4.35089693e-03
76000 7.60000000e+03 3.83298658e-03 -1.71937083e-03 4.20095491e-03
76100 7.61000000e+03 3.69746541e-03 -1.66120532e-03 4.05349892e-03
76200 7.62000000e+03 3.74287786e-03 -1.74798805e-03 4.13093172e-03
76300 7.63000000e+03 3.67410039e-03 -1.63327274e-03 4.02077026e-03
76400 7.64000000e+03 3.61234904e-03 -1.67010934e-03 3.97974004e-03
76500 7.65000000e+03 3.52143147e-03 -1.60376413e-03 3.86943652e-03
76600 7.66000000e+03 3.50830494e-03 -1.59468420e-03 3.85372823e-03
76700 7.67000000e+03 3.42266844e-03 -1.62870367e-03 3.79042674e-03
76800 7.68000000e+03 3.59119335e-03 -1.92930538e-03 4.07662715e-03
76900 7.69000000e+03 3.56538454e-03 -1.76327571e-03 3.97757566e-03
77000 7.70000000e+03 3.45761864e-03 -1.67442602e-03 3.84172216e-03
77100 7.71000000e+03 3.53363948e-03 -1.62480073e-03 3.88929112e-03
77200 7.72000000e+03 3.40436609e-03 -1.40408182e-03 3.68254724e-03
77300 7.73000000e+03 3.21629061e-03 -1.14312104e-03 3.41339289e-03
77400 7.74000000e+03 3.10827559e-03 -1.10205577e-03 3.29786356e-03
77500 7.75000000e+03 3.25912470e-03 -1.32921466e-03 3.51975929e-03
77600 7.76000000e+03 3.21079814e-03 -1.10364659e-03 3.39518195e-03
77700 7.77000000e+03 3.30187869e-03 -1.35348446e-03 3.56851833e-03
77800 7.78000000e+03 3.43135465e-03 -1.49705284e-03 3.74370965e-03
77900 7.79000000e+03 3.44235357e-03 -1.48306764e-03 3.74823795e-03
78000 7.80000000e+03 3.32377711e-03 -1.79762184e-03 3.77874828e-03
78100 7.81000000e+03 3.45130614e-03 -1.89178518e-03 3.93578013e-03
78200 7.82000000e+03 3.35472799e-03 -1.95417507e-03 3.88239618e-03
78300 7.83000000e+03 3.29800788e-03 -1.96113833e-03 3.83704568e-03
78400 7.84000000e+03 3.37455538e-03 -2.18743319e-03 4.02150320e-03
78500 7.85000000e+03 3.56313167e-03 -2.25781440e-03 4.21825001e-03
78600 7.86000000e+03 3.53883998e-03 -2.00868468e-03 4.06917714e-03
78700 7.87000000e+03 3.48371943e-03 -1.96476607e-03 3.99957582e-03
78800 7.88000000e+03 3.51584377e-03 -1.76451425e-03 3.93378545e-03
78900 7.89000000e+03 3.39458347e-03 -1.80571352e-03 3.84497051e-03
79000 7.90000000e+03 3.40566551e-03 -1.74529187e-03 3.82682653e-03
79100 7.91000000e+03 3.38513823e-03 -1.64281437e-03 3.76271178e-03
79200 7.92000000e+03 3.49330739e-03 -1.96513860e-03 4.00811255e-03
79300 7.93000000e+03 3.65139381e-03 -2.12431233e-03 4.22437920e-03
79400 7.94000000e+03 3.76391807e-03 -2.05343682e-03 4.28761962e-03
79500 7.95000000e+03 3.78948404e-03 -2.10981211e-03 4.33722220e-03
79600 7.96000000e+03 3.73514509e-03 -2.18505785e-03 4.32733020e-03
79700 7.97000000e+03 3.86382686e-03 -2.00348464e-03 4.35236817e-03
79800 7.98000000e+03 3.90835758e-03 -1.99874397e-03 4.38978775e-03
79900 7.99000000e+03 3.74568743e-03 -1.96048571e-03 4.22772735e-03
80000 8.00000000e+03 3.61708365e-03 -2.07018410e-03 4.16760799e-03
80100 8.01000000e+03 3.68471514e-03 -1.93382474e-03 4.16134639e-03
80200 8.02000000e+03 3.64815863e-03 -2.03539873e-03 4.17754825e-03
80300 8.03000000e+03 3.75988730e-03 -1.93036115e-03 4.22646977e-03
80400 8.04000000e+03 3.85115063e-03 -1.99862174e-03 4.33887658e-03
80500 8.05000000e+03 3.70411202e-03 -1.91403646e-03 4.16941020e-03
80600 8.06000000e+03 3.67055577e-03 -2.02126405e-03 4.19028496e-03
80700 8.07000000e+03 3.71414563e-03 -2.20143166e-03 4.31754318e-03
80800 8.08000000e+03 3.71707557e-03 -2.16597924e-03 4.30210609e-03
80900 8.09000000e+03 3.59220291e-03 -1.87801826e-03 4.05350149e-03
81000 8.10000000e+03 3.58674978e-03 -2.02952535e-03 4.12113420e-03
81100 8.11000000e+03 3.55094601e-03 -2.00094702e-03 4.07590561e-03
81200 8.12000000e+03 3.57259531e-03 -1.86635694e-03 4.03072269e-03
81300 8.13000000e+03 3.56236519e-03 -1.93130400e-03 4.05220692e-03
81400 8.14000000e+03 3.67059396e-03 -2.14630272e-03 4.25204367e-03
81500 8.15000000e+03 3.65147367e-03 -2.36258889e-03 4.34914776e-03
81600 8.16000000e+03 3.71231744e-03 -2.38506496e-03 4.41246367e-03
81700 8.17000000e+03 3.60854948e-03 -2.45529157e-03 4.36464043e-03
81800 8.18000000e+03 3.61085171e-03 -2.21818686e-03 4.23775919e-03
81900 8.19000000e+03 3.53820808e-03 -2.13651638e-03 4.13323344e-03
82000 8.20000000e+03 3.46229132e-03 -2.20457418e-03 4.10458384e-03
82100 8.21000000e+03 3.54065560e-03 -2.56350101e-03 4.37124462e-03
82200 8.22000000e+03 3.50243156e-03 -2.34432961e-03 4.21460652e-03
82300 8.23000000e+03 3.42725101e-03 -2.18485715e-03 4.06443726e-03
82400 8.24000000e+03 3.38887260e-03 -2.12915149e-03 4.00221733e-03
82500 8.25000000e+03 3.61952116e-03 -2.12251884e-03 4.19595277e-03
82600 8.26000000e+03 3.58064775e-03 -2.09404156e-03 4.14801740e-03
82700 8.27000000e+03 3.67219863e-03 -2.44746171e-03 4.41306147e-03
82800 8.28000000e+03 3.79241304e-03 -2.58199009e-03 4.58792650e-03
82900 8.29000000e+03 3.69079877e-03 -2.32124305e-03 4.36006478e-03
83000 8.30000000e+03 3.67437978e-03 -2.49185483e-03 4.43964044e-03
83100 8.31000000e+03 3.58246430e-03 -2.24048994e-03 4.22538112e-03
83200 8.32000000e+03 3.52292904e-03 -2.17376463e-03 4.13959922e-03
83300 8.33000000e+03 3.53211374e-03 -2.43926328e-03 4.29253221e-03
83400 8.34000000e+03 3.70309735e-03 -2.52270419e-03 4.48073280e-03
83500 8.35000000e+03 3.62803647e-03 -2.46373028e-03 4.38550061e-03
83600 8.36000000e+03 3.49267060e-03 -2.52285460e-03 4.30854305e-03
83700 8.37000000e+03 3.45539488e-03 -2.52056075e-03 4.27702938e-03
83800 8.38000000e+03 3.44001176e-03 -2.39562825e-03 4.19198230e-03
83900 8.39000000e+03 3.35777760e-03 -2.51884153e-03 4.19752702e-03
84000 8.40000000e+03 3.52966203e-03 -2.59730103e-03 4.38229241e-03
84100 8.41000000e+03 3.65329953e-03 -2.57152668e-03 4.46758849e-03
84200 8.42000000e+03 3.64950672e-03 -2.54021841e-03 4.44652773e-03
84300 8.43000000e+03 3.61407246e-03 -2.35139183e-03 4.31167754e-03
84400 8.44000000e+03 3.78816086e-03 -2.35622050e-03 4.46115879e-03
84500 8.45000000e+03 3.75303696e-03 -2.24877219e-03 4.37518717e-03
84600 8.46000000e+03 3.83371557e-03 -2.17907550e-03 4.40973300e-03
84700 8.47000000e+03 3.86700826e-03 -2.19312846e-03 4.44562316e-03
84800 8.48000000e+03 3.72896506e-03 -2.17316137e-03 4.31599476e-03
84900 8.49000000e+03 3.73146078e-03 -2.15557753e-03 4.30932872e-03
85000 8.50000000e+03 3.83842736e-03 -2.17086263e-03 4.40978108e-03
85100 8.51000000e+03 3.94404447e-03 -2.25674221e-03 4.54404799e-03
85200 8.52000000e+03 3.91163211e-03 -2.14913511e-03 4.46314323e-03
85300 8.53000000e+03 3.95939592e-03 -2.32919096e-03 4.59368551e-03
85400 8.54000000e+03 4.05002292e-03 -2.31725001e-03 4.66608329e-03
85500 8.55000000e+03 4.09834785e-03 -2.31913035e-03 4.70901483e-03
85600 8.56000000e+03 4.02752450e-03 -2.06995872e-03 4.52832007e-03
85700 8.57000000e+03 3.91051406e-03 -1.78159098e-03 4.29723011e-03
85800 8.58000000e+03 3.88443843e-03 -1.70211506e-03 4.24099723e-03
85900 8.59000000e+03 3.82396393e-03 -1.85874489e-03 4.25177994e-03
86000 8.60000000e+03 3.81849799e-03 -1.78389694e-03 4.21464295e-03
86100 8.61000000e+03 3.71807278e-03 -1.51773868e-03 4.01591782e-03
86200 8.62000000e+03 3.61657492e-03 -1.89445144e-03 4.08271483e-03
86300 8.63000000e+03 3.58711323e-03 -1.84382976e-03 4.03324801e-03
86400 8.64000000e+03 3.49756959e-03 -1.74215180e-03 3.90743982e-03
86500 8.65000000e+03 3.60363070e-03 -1.94998202e-03 4.09738747e-03
86600 8.66000000e+03 3.59184947e-03 -1.78810279e-03 4.01231781e-03
86700 8.67000000e+03 3.60502815e-03 -1.73844805e-03 4.00230303e-03
86800 8.68000000e+03 3.51625681e-03 -1.64347468e-03 3.88137488e-03
86900 8.69000000e+03 3.44807678e-03 -1.50382507e-03 3.76174472e-03
87000 8.70000000e+03 3.26013635e-03 -1.24073494e-03 3.48825346e-03
87100 8.71000000e+03 3.23121389e-03 -1.19296717e-03 3.44440327e-03
87200 8.72000000e+03 3.16853705e-03 -1.42687454e-03 3.47499611e-03
87300 8.73000000e+03 3.19092674e-03 -1.41150609e-03 3.48917797e-03
87400 8.74000000e+03 3.12996143e-03 -1.37005083e-03 3.41667936e-03
87500 8.75000000e+03 3.26951733e-03 -1.50316861e-03 3.59850794e-03
87600 8.76000000e+03 3.30397557e-03 -1.66199182e-03 3.69844174e-03
87700 8.77000000e+03 3.45664122e-03 -1.72483688e-03 3.86308566e-03
87800 8.78000000e+03 3.47036147e-03 -2.16043787e-03 4.08789683e-03
87900 8.79000000e+03 3.37289833e-03 -2.03357916e-03 3.93851334e-03
88000 8.80000000e+03 3.57014779e-03 -2.13311100e-03 4.15886016e-03
88100 8.81000000e+03 3.66048445e-03 -2.35484075e-03 4.35251897e-03
88200 8.82000000e+03 3.57169798e-03 -2.18108622e-03 4.18499266e-03
88300 8.83000000e+03 3.53532587e-03 -2.11012550e-03 4.11717848e-03
88400 8.84000000e+03 3.63115128e-03 -1.99515582e-03 4.14317588e-03
88500 8.85000000e+03 3.55030084e-03 -1.93615339e-03 4.04392458e-03
88600 8.86000000e+03 3.42392921e-03 -1.80391059e-03 3.87006262e-03
88700 8.87000000e+03 3.44320433e-03 -1.75426761e-03 3.86433835e-03
88800 8.88000000e+03 3.58763942e-03 -2.00731889e-03 4.11102004e-03
88900 8.89000000e+03 3.63278110e-03 -2.12644576e-03 4.20937882e-03
89000 8.90000000e+03 3.65335145e-03 -1.94801029e-03 4.14025614e-03
89100 8.91000000e+03 3.70609993e-03 -1.92672759e-03 4.17701519e-03
89200 8.92000000e+03 3.68301850e-03 -1.98764005e-03 4.18513300e-03
89300 8.93000000e+03 3.68244946e-03 -1.84547866e-03 4.11900783e-03
89400 8.94000000e+03 3.69609264e-03 -1.83446240e-03 4.12630017e-03
89500 8.95000000e+03 3.55017185e-03 -2.02034041e-03 4.08478831e-03
89600 8.96000000e+03 3.74671584e-03 -2.28412147e-03 4.38806227e-03
89700 8.97000000e+03 3.91530525e-03 -2.16520717e-03 4.47411861e-03
89800 8.98000000e+03 3.84533824e-03 -2.13816669e-03 4.39981625e-03
89900 8.99000000e+03 3.84905445e-03 -2.13949196e-03 4.40370821e-03
90000 9.00000000e+03 3.79553018e-03 -2.11736350e-03 4.34617965e-03
90100 9.01000000e+03 3.78244184e-03 -2.12122663e-03 4.33664256e-03
90200 9.02000000e+03 3.71999689e-03 -2.00907583e-03 4.22785556e-03
90300 9.03000000e+03 3.70290317e-03 -2.09705625e-03 4.25548314e-03
90400 9.04000000e+03 3.76282586e-03 -2.00190442e-03 4.26221535e-03
90500 9.05000000e+03 3.80383362e-03 -2.25219550e-03 4.42058082e-03
90600 9.06000000e+03 3.75079061e-03 -2.18836172e-03 4.34250587e-03
90700 9.07000000e+03 3.66495340e-03 -2.08976609e-03 4.21888679e-03
90800 9.08000000e+03 3.60550708e-03 -1.88689167e-03 4.06940309e-03
90900 9.09000000e+03 3.82430153e-03 -2.02253181e-03 4.32618968e-03
91000 9.10000000e+03 3.86219937e-03 -2.21268879e-03 4.45113196e-03
91100 9.11000000e+03 3.69327981e-03 -2.12044059e-03 4.25870685e-03
91200 9.12000000e+03 3.69121972e-03 -2.24647112e-03 4.32108037e-03
91300 9.13000000e+03 3.76510993e-03 -2.43236893e-03 4.48246264e-03
91400 9.14000000e+03 3.58544406e-03 -2.27472768e-03 4.24615063e-03
91500 9.15000000e+03 3.60088842e-03 -2.14996492e-03 4.19389396e-03
91600 9.16000000e+03 3.61621520e-03 -2.26530223e-03 4.26715438e-03
91700 9.17000000e+03 3.58802313e-03 -2.57660984e-03 4.41733271e-03
91800 9.18000000e+03 3.47801088e-03 -2.37599970e-03 4.21211755e-03
91900 9.19000000e+03 3.40755819e-03 -2.19929032e-03 4.05565417e-03
92000 9.20000000e+03 3.45145818e-03 -2.22189422e-03 4.10479932e-03
92100 9.21000000e+03 3.46125243e-03 -2.10489146e-03 4.05102906e-03
92200 9.22000000e+03 3.48019367e-03 -2.05127336e-03 4.03973643e-03
92300 9.23000000e+03 3.53485020e-03 -2.31596199e-03 4.22597277e-03
92400 9.24000000e+03 3.57736321e-03 -2.40667118e-03 4.31156511e-03
92500 9.25000000e+03 3.54519975e-03 -2.21524714e-03 4.18040203e-03
92600 9.26000000e+03 3.68165434e-03 -2.58885440e-03 4.50074947e-03
92700 9.27000000e+03 3.59159708e-03 -2.42291531e-03 4.33244598e-03
92800 9.28000000e+03 3.52456747e-03 -2.27305735e-03 4.19396776e-03
92900 9.29000000e+03 3.58497910e-03 -2.28251773e-03 4.24993675e-03
93000 9.30000000e+03 3.61155346e-03 -2.39831815e-03 4.33534870e-03
93100 9.31000000e+03 3.61086149e-03 -2.52063107e-03 4.40362370e-03
93200 9.32000000e+03 3.57270613e-03 -2.28443462e-03 4.24062150e-03
93300 9.33000000e+03 3.32547585e-03 -2.46540178e-03 4.13968544e-03
93400 9.34000000e+03 3.44006903e-03 -2.42744712e-03 4.21029387e-03
93500 9.35000000e+03 3.47704999e-03 -2.49629980e-03 4.28034921e-03
93600 9.36000000e+03 3.49589414e-03 -2.67557777e-03 4.40227126e-03
93700 9.37000000e+03 3.43685318e-03 -2.39921710e-03 4.19144396e-03
93800 9.38000000e+03 3.55227431e-03 -2.55213189e-03 4.37401760e-03
93900 9.39000000e+03 3.59059731e-03 -2.44793831e-03 4.34566347e-03
94000 9.40000000e+03 3.70868156e-03 -2.44462909e-03 4.44190616e-03
94100 9.41000000e+03 3.85811366e-03 -2.39934330e-03 4.54333460e-03
94200 9.42000000e+03 3.73050198e-03 -2.07938207e-03 4.27088689e-03
94300 9.43000000e+03 3.75651545e-03 -2.09433469e-03 4.30088899e-03
94400 9.44000000e+03 3.68625787e-03 -2.08613789e-03 4.23561901e-03
94500 9.45000000e+03 3.78931453e-03 -2.25175289e-03 4.40786748e-03
94600 9.46000000e+03 3.77293676e-03 -2.10770126e-03 4.32174229e-03
94700 9.47000000e+03 3.88447335e-03 -2.29824847e-03 4.51343320e-03
94800 9.48000000e+03 3.87663231e-03 -2.20629503e-03 4.46049502e-03
94900 9.49000000e+03 3.80888768e-03 -2.31418852e-03 4.45680309e-03
95000 9.50000000e+03 3.93348699e-03 -2.36806110e-03 4.59129974e-03
95100 9.51000000e+03 4.00349824e-03 -2.29808106e-03 4.61618616e-03
95200 9.52000000e+03 4.04465897e-03 -2.19755666e-03 4.60309912e-03
95300 9.53000000e+03 3.93592659e-03 -1.90666702e-03 4.37343084e-03
95400 9.54000000e+03 3.84525699e-03 -1.78532279e-03 4.23950218e-03
95500 9.55000000e+03 3.83215956e-03 -1.91904861e-03 4.28581316e-03
95600 9.56000000e+03 3.85189382e-03 -1.83641037e-03 4.26725780e-03
95700 9.57000000e+03 3.75326769e-03 -1.64799904e-03 4.09913640e-03
95800 9.58000000e+03 3.57541721e-03 -1.60821329e-03 3.92045383e-03
95900 9.59000000e+03 3.54738138e-03 -1.79745781e-03 3.97677875e-03
96000 9.60000000e+03 3.50135798e-03 -1.90223160e-03 3.98471991e-03
96100 9.61000000e+03 3.60955438e-03 -1.80614670e-03 4.03621713e-03
96200 9.62000000e+03 3.57878744e-03 -1.85987470e-03 4.03321874e-03
96300 9.63000000e+03 3.54482839e-03 -1.60614948e-03 3.89172513e-03
96400 9.64000000e+03 3.55539424e-03 -1.70525350e-03 3.94318624e-03
96500 9.65000000e+03 3.49928392e-03 -1.55543385e-03 3.82940758e-03
96600 9.66000000e+03 3.30423564e-03 -1.36557629e-03 3.57530023e-03
96700 9.67000000e+03 3.28384875e-03 -1.33238803e-03 3.54385673e-03
96800 9.68000000e+03 3.16463737e-03 -1.33127207e-03 3.43325137e-03
96900 9.69000000e+03 3.13110277e-03 -1.38569786e-03 3.42402733e-03
97000 9.70000000e+03 3.10039404e-03 -1.30770635e-03 3.36489808e-03
97100 9.71000000e+03 3.23188654e-03 -1.55992736e-03 3.58865769e-03
97200 9.72000000e+03 3.33282398e-03 -1.79548888e-03 3.78569624e-03
97300 9.73000000e+03 3.46306339e-03 -1.60386343e-03 3.81643629e-03
97400 9.74000000e+03 3.47996154e-03 -1.86279323e-03 3.94716746e-03
97500 9.75000000e+03 3.44835361e-03 -2.06087064e-03 4.01725409e-03
97600 9.76000000e+03 3.64451576e-03 -2.24175351e-03 4.27877949e-03
97700 9.77000000e+03 3.75315407e-03 -2.28249771e-03 4.39271684e-03
97800 9.78000000e+03 3.65760922e-03 -2.24940944e-03 4.29394319e-03
97900 9.79000000e+03 3.54669592e-03 -2.16233311e-03 4.15388210e-03
98000 9.80000000e+03 3.66892177e-03 -2.03245436e-03 4.19426485e-03
98100 9.81000000e+03 3.57400416e-03 -1.88871007e-03 4.04236707e-03
98200 9.82000000e+03 3.46000842e-03 -1.91629457e-03 3.95522984e-03
98300 9.83000000e+03 3.45814507e-03 -1.77272933e-03 3.88604383e-03
98400 9.84000000e+03 3.46520403e-03 -1.74496754e-03 3.87976168e-03
98500 9.85000000e+03 3.53191304e-03 -1.78500987e-03 3.95735643e-03
98600 9.86000000e+03 3.63304280e-03 -2.01515947e-03 4.15449969e-03
98700 9.87000000e+03 3.66149307e-03 -2.03129533e-03 4.18720578e-03
98800 9.88000000e+03 3.72858439e-03 -1.95568823e-03 4.21035129e-03
98900 9.89000000e+03 3.62888677e-03 -1.82768528e-03 4.06315797e-03
99000 9.90000000e+03 3.66662000e-03 -1.77109917e-03 4.07196445e-03
99100 9.91000000e+03 3.59503645e-03 -1.71302306e-03 3.98230274e-03
99200 9.92000000e+03 3.73832183e-03 -2.03832611e-03 4.25791304e-03
99300 9.93000000e+03 3.75103205e-03 -2.13949825e-03 4.31829761e-03
99400 9.94000000e+03 3.86450021e-03 -2.19948031e-03 4.44658020e-03
99500 9.95000000e+03 3.85819748e-03 -2.26695277e-03 4.47490365e-03
99600 9.96000000e+03 3.81091167e-03 -2.28466094e-03 4.44327845e-03
99700 9.97000000e+03 3.77480639e-03 -2.07126536e-03 4.30572915e-03
99800 9.98000000e+03 3.84305511e-03 -2.16444535e-03 4.41065712e-03
99900 9.99000000e+03 3.75822815e-03 -2.04072078e-03 4.27654301e-03
100000 1.00000000e+04 3.70575697e-03 -1.95592293e-03 4.19025885e-03
