# step  t  vx_mean  vy_mean  vmag_mean
0 0.00000000e+00 1.39915326e-03 -1.18903001e-03 1.83614330e-03
100 1.00000000e+01 1.39317894e-03 -1.09604711e-03 1.77264403e-03
200 2.00000000e+01 1.38603349e-03 -1.08120940e-03 1.75786876e-03
300 3.00000000e+01 1.41534838e-03 -1.25483959e-03 1.89151617e-03
400 4.00000000e+01 1.30426511e-03 -1.30295090e-03 1.84358036e-03
500 5.00000000e+01 1.29929068e-03 -1.14630337e-03 1.73267646e-03
600 6.00000000e+01 1.30894873e-03 -1.09694735e-03 1.70781740e-03
700 7.00000000e+01 1.22321444e-03 -1.08299172e-03 1.63374558e-03
800 8.00000000e+01 1.22219545e-03 -1.10736443e-03 1.64924762e-03
900 9.00000000e+01 1.22850726e-03 -1.04051491e-03 1.60993831e-03
1000 1.00000000e+02 1.25380012e-03 -9.92950983e-04 1.59936437e-03
1100 1.10000000e+02 1.20530988e-03 -9.30188340e-04 1.52250525e-03
1200 1.20000000e+02 1.17825356e-03 -8.12510611e-04 1.43124245e-03
1300 1.30000000e+02 1.14622025e-03 -8.03789706e-04 1.39996384e-03
1400 1.40000000e+02 1.12662499e-03 -6.89590408e-04 1.32091590e-03
1500 1.50000000e+02 1.09612045e-03 -5.97412058e-04 1.24835140e-03
1600 1.60000000e+02 1.07970135e-03 -6.06746646e-04 1.23850575e-03
1700 1.70000000e+02 1.05223851e-03 -5.32958889e-04 1.17951306e-03
1800 1.80000000e+02 1.02250883e-03 -4.67172067e-04 1.12417706e-03
1900 1.90000000e+02 9.88409971e-04 -5.12384460e-04 1.11332480e-03
2000 2.00000000e+02 9.52990260e-04 -4.33251378e-04 1.04685108e-03
2100 2.10000000e+02 9.32589988e-04 -4.87327081e-04 1.05224131e-03
2200 2.20000000e+02 8.98320926e-04 -4.13326576e-04 9.88847483e-04
2300 2.30000000e+02 8.63485271e-04 -3.53640498e-04 9.33096145e-04
2400 2.40000000e+02 8.79152678e-04 -3.82039696e-04 9.58573816e-04
2500 2.50000000e+02 8.50485929e-04 -3.33963195e-04 9.13705494e-04
2600 2.60000000e+02 8.21300433e-04 -2.89252755e-04 8.70747700e-04
2700 2.70000000e+02 7.92027684e-04 -2.47954944e-04 8.29933435e-04
2800 2.80000000e+02 8.28851829e-04 -2.36137217e-04 8.61833012e-04
2900 2.90000000e+02 7.89395766e-04 -1.93502769e-04 8.12766262e-04
3000 3.00000000e+02 7.52446125e-04 -1.54999900e-04 7.68244844e-04
3100 3.10000000e+02 7.17258838e-04 -1.20743287e-04 7.27350797e-04
3200 3.20000000e+02 8.05893331e-04 -2.09808757e-04 8.32756732e-04
3300 3.30000000e+02 8.48084048e-04 -2.98356521e-04 8.99034574e-04
3400 3.40000000e+02 8.10788886e-04 -2.58290267e-04 8.50936237e-04
3500 3.50000000e+02 7.81733776e-04 -2.23647658e-04 8.13096532e-04
3600 3.60000000e+02 8.40915367e-04 -2.14719141e-04 8.67895710e-04
3700 3.70000000e+02 6.95401628e-04 -2.96617305e-04 7.56019345e-04
3800 3.80000000e+02 6.80135447e-04 -2.47792923e-04 7.23868468e-04
3900 3.90000000e+02 6.64015242e-04 -2.08655867e-04 6.96026948e-04
4000 4.00000000e+02 6.46034314e-04 -1.72160988e-04 6.68580392e-04
4100 4.10000000e+02 6.25845802e-04 -1.38189760e-04 6.40920726e-04
4200 4.20000000e+02 6.04015659e-04 -1.06860702e-04 6.13395570e-04
4300 4.30000000e+02 5.83113520e-04 -1.68329876e-04 6.06923657e-04
4400 4.40000000e+02 5.58930100e-04 -1.21365352e-04 5.71954898e-04
4500 4.50000000e+02 4.89571714e-04 -1.59527553e-04 5.14907276e-04
4600 4.60000000e+02 5.39456727e-04 -1.96592999e-04 5.74162318e-04
4700 4.70000000e+02 6.09065173e-04 -1.70642001e-04 6.32518045e-04
4800 4.80000000e+02 5.80485794e-04 -1.33435169e-04 5.95624631e-04
4900 4.90000000e+02 6.31751318e-04 -1.04045488e-04 6.40261815e-04
5000 5.00000000e+02 6.56252145e-04 -1.46406193e-04 6.72385047e-04
5100 5.10000000e+02 6.14492630e-04 -9.88365427e-05 6.22390436e-04
5200 5.20000000e+02 6.12707110e-04 -1.54049296e-04 6.31776217e-04
5300 5.30000000e+02 5.83131448e-04 -1.20352313e-04 5.95421670e-04
5400 5.40000000e+02 5.53462422e-04 -8.82094828e-05 5.60447647e-04
5500 5.50000000e+02 5.54630707e-04 -1.28943415e-04 5.69422186e-04
5600 5.60000000e+02 5.85203758e-04 -1.65711434e-04 6.08213546e-04
5700 5.70000000e+02 6.51745242e-04 -1.61186210e-04 6.71381304e-04
5800 5.80000000e+02 6.09258190e-04 -1.11448819e-04 6.19367727e-04
5900 5.90000000e+02 5.77051076e-04 -7.81829367e-05 5.82323378e-04
6000 6.00000000e+02 5.47450618e-04 -5.14485764e-05 5.49862833e-04
6100 6.10000000e+02 5.94424666e-04 -7.27643201e-05 5.98861695e-04
6200 6.20000000e+02 5.63557027e-04 -4.92327454e-05 5.65703443e-04
6300 6.30000000e+02 5.33715938e-04 -2.88488282e-05 5.34495049e-04
6400 6.40000000e+02 5.04806172e-04 -1.04853898e-05 5.04915057e-04
6500 6.50000000e+02 5.58416476e-04 4.43243152e-07 5.58416651e-04
6600 6.60000000e+02 5.12504601e-04 2.21326482e-05 5.12982280e-04
6700 6.70000000e+02 4.76525398e-04 3.73170587e-05 4.77984328e-04
6800 6.80000000e+02 5.17431181e-04 5.17656954e-05 5.20014148e-04
6900 6.90000000e+02 4.78529284e-04 6.45363689e-05 4.82861490e-04
7000 7.00000000e+02 4.46287711e-04 7.66431913e-05 4.52821046e-04
7100 7.10000000e+02 4.94738459e-04 3.83980878e-05 4.96226315e-04
7200 7.20000000e+02 5.28615143e-04 6.69713772e-05 5.32840628e-04
7300 7.30000000e+02 4.72075888e-04 7.35635695e-05 4.77773213e-04
7400 7.40000000e+02 4.33345151e-04 8.02631257e-05 4.40715542e-04
7500 7.50000000e+02 4.00233490e-04 8.80483713e-05 4.09804053e-04
7600 7.60000000e+02 3.70188325e-04 9.50991671e-05 3.82208383e-04
7700 7.70000000e+02 3.42320564e-04 1.00998383e-04 3.56909010e-04
7800 7.80000000e+02 3.16294812e-04 1.05660205e-04 3.33476367e-04
7900 7.90000000e+02 2.91913108e-04 1.09172252e-04 3.11659819e-04
8000 8.00000000e+02 2.68987031e-04 1.11641377e-04 2.91234991e-04
8100 8.10000000e+02 2.47396645e-04 1.13167946e-04 2.72051620e-04
8200 8.20000000e+02 2.27223834e-04 1.13711139e-04 2.54088359e-04
8300 8.30000000e+02 2.08353362e-04 1.13593313e-04 2.37306898e-04
8400 8.40000000e+02 1.90629478e-04 1.12915906e-04 2.21561729e-04
8500 8.50000000e+02 1.74019719e-04 1.11637331e-04 2.06750468e-04
8600 8.60000000e+02 1.58588766e-04 1.09813591e-04 1.92897437e-04
8700 8.70000000e+02 2.86324765e-04 8.49740609e-05 2.98667812e-04
8800 8.80000000e+02 3.41815496e-04 9.41746330e-05 3.54551399e-04
8900 8.90000000e+02 3.13363067e-04 1.05265128e-04 3.30570959e-04
9000 9.00000000e+02 3.42574844e-04 7.47248632e-05 3.50629903e-04
9100 9.10000000e+02 3.04720597e-04 8.99897423e-05 3.17730698e-04
9200 9.20000000e+02 2.73142708e-04 1.00689162e-04 2.91110368e-04
9300 9.30000000e+02 2.45066243e-04 1.07661552e-04 2.67672324e-04
9400 9.40000000e+02 2.19847832e-04 1.11678535e-04 2.46587033e-04
9500 9.50000000e+02 2.84366077e-04 1.26342638e-04 3.11169613e-04
9600 9.60000000e+02 2.39487417e-04 1.32230067e-04 2.73567201e-04
9700 9.70000000e+02 2.07848949e-04 1.31792738e-04 2.46110770e-04
9800 9.80000000e+02 2.49722420e-04 7.33633642e-05 2.60275758e-04
9900 9.90000000e+02 2.98050290e-04 3.13389937e-05 2.99693357e-04
10000 1.00000000e+03 2.67542840e-04 5.51431949e-05 2.73166512e-04
10100 1.01000000e+03 2.41836198e-04 6.97932555e-05 2.51705871e-04
10200 1.02000000e+03 2.17767549e-04 7.98805413e-05 2.31956044e-04
10300 1.03000000e+03 1.95811794e-04 8.66685004e-05 2.14134741e-04
10400 1.04000000e+03 1.75993191e-04 9.11666575e-05 1.98204346e-04
10500 1.05000000e+03 1.57898816e-04 9.39226957e-05 1.83721280e-04
10600 1.06000000e+03 1.41371187e-04 9.52984556e-05 1.70492252e-04
10700 1.07000000e+03 1.26213796e-04 9.56270742e-05 1.58349170e-04
10800 1.08000000e+03 1.12359397e-04 9.50770336e-05 1.47187895e-04
10900 1.09000000e+03 9.96439339e-05 9.37284567e-05 1.36798893e-04
11000 1.10000000e+03 8.80196021e-05 9.18203659e-05 1.27194457e-04
11100 1.11000000e+03 7.75185617e-05 8.93879333e-05 1.18318764e-04
11200 1.12000000e+03 1.58472190e-04 6.81471283e-05 1.72503525e-04
11300 1.13000000e+03 1.50553533e-04 6.97538999e-05 1.65927613e-04
11400 1.14000000e+03 1.42012141e-04 7.17204457e-05 1.59095162e-04
11500 1.15000000e+03 1.32876667e-04 7.34849891e-05 1.51842853e-04
11600 1.16000000e+03 1.23425372e-04 7.48467573e-05 1.44346318e-04
11700 1.17000000e+03 1.13956739e-04 7.56036825e-05 1.36755458e-04
11800 1.18000000e+03 1.04624545e-04 7.57662419e-05 1.29177470e-04
11900 1.19000000e+03 9.55494179e-05 7.54203356e-05 1.21728872e-04
12000 1.20000000e+03 8.69007781e-05 7.45295401e-05 1.14483176e-04
12100 1.21000000e+03 7.87172394e-05 7.32210465e-05 1.07506862e-04
12200 1.22000000e+03 7.10504100e-05 7.15510978e-05 1.00835115e-04
12300 1.23000000e+03 1.96253284e-04 1.35330134e-04 2.38389590e-04
12400 1.24000000e+03 2.30480306e-04 9.04919070e-05 2.47608474e-04
12500 1.25000000e+03 2.00693190e-04 9.23170664e-05 2.20907667e-04
12600 1.26000000e+03 2.74260994e-04 8.79782092e-05 2.88026489e-04
12700 1.27000000e+03 2.57861509e-04 9.28713489e-05 2.74075985e-04
12800 1.28000000e+03 2.40035035e-04 9.71580739e-05 2.58952716e-04
12900 1.29000000e+03 2.21811148e-04 1.00291771e-04 2.43430944e-04
13000 1.30000000e+03 2.03901785e-04 1.02392602e-04 2.28167007e-04
13100 1.31000000e+03 1.86548161e-04 1.03542188e-04 2.13356980e-04
13200 1.32000000e+03 1.70033425e-04 1.03930186e-04 1.99280830e-04
13300 1.33000000e+03 2.23607392e-04 6.76634518e-05 2.33620651e-04
13400 1.34000000e+03 2.00663286e-04 7.47176964e-05 2.14122601e-04
13500 1.35000000e+03 1.82019518e-04 7.80535338e-05 1.98049133e-04
13600 1.36000000e+03 1.64906669e-04 8.02218128e-05 1.83384156e-04
13700 1.37000000e+03 1.48949010e-04 8.16673564e-05 1.69868669e-04
13800 1.38000000e+03 1.34061760e-04 8.23872833e-05 1.57353805e-04
13900 1.39000000e+03 1.95279586e-04 1.02438178e-04 2.20516887e-04
14000 1.40000000e+03 1.63945573e-04 1.01201796e-04 1.92665395e-04
14100 1.41000000e+03 1.41104276e-04 1.00342950e-04 1.73144807e-04
14200 1.42000000e+03 1.22722617e-04 9.87737876e-05 1.57534446e-04
14300 1.43000000e+03 1.36347662e-04 5.69790791e-05 1.47774492e-04
14400 1.44000000e+03 1.26902247e-04 5.60352346e-05 1.38723206e-04
14500 1.45000000e+03 1.17443349e-04 5.53243408e-05 1.29821889e-04
14600 1.46000000e+03 1.08068925e-04 5.50108343e-05 1.21264523e-04
14700 1.47000000e+03 9.90189510e-05 5.48722455e-05 1.13206519e-04
14800 1.48000000e+03 9.03650289e-05 5.47448653e-05 1.05654336e-04
14900 1.49000000e+03 8.21144713e-05 5.44956456e-05 9.85523302e-05
15000 1.50000000e+03 1.59641146e-04 7.87575264e-05 1.78011357e-04
15100 1.51000000e+03 1.38313553e-04 8.42947557e-05 1.61976063e-04
15200 1.52000000e+03 1.20712328e-04 8.48464406e-05 1.47547906e-04
15300 1.53000000e+03 1.06047009e-04 8.39076747e-05 1.35227461e-04
15400 1.54000000e+03 9.32114126e-05 8.21938665e-05 1.24274692e-04
15500 1.55000000e+03 8.18025292e-05 7.98803230e-05 1.14335121e-04
15600 1.56000000e+03 7.15600618e-05 7.71529230e-05 1.05230300e-04
15700 1.57000000e+03 6.24319364e-05 7.41346594e-05 9.69210730e-05
15800 1.58000000e+03 5.41815389e-05 7.10012391e-05 8.93130176e-05
15900 1.59000000e+03 4.68562575e-05 6.77638091e-05 8.23859374e-05
16000 1.60000000e+03 4.02385012e-05 6.44186366e-05 7.59532601e-05
16100 1.61000000e+03 3.42886160e-05 6.12277508e-05 7.01751143e-05
16200 1.62000000e+03 2.88885258e-05 5.80933556e-05 6.48797726e-05
16300 1.63000000e+03 2.40489080e-05 5.49186443e-05 5.99533775e-05
16400 1.64000000e+03 1.98246635e-05 5.17404987e-05 5.54084515e-05
16500 1.65000000e+03 1.60998134e-05 4.86636345e-05 5.12577147e-05
16600 1.66000000e+03 1.27636968e-05 4.57487549e-05 4.74959002e-05
16700 1.67000000e+03 9.81741869e-06 4.29425636e-05 4.40504878e-05
16800 1.68000000e+03 7.26225289e-06 4.01398866e-05 4.07915532e-05
16900 1.69000000e+03 5.00277474e-06 3.74984229e-05 3.78306684e-05
17000 1.70000000e+03 2.98181953e-06 3.49598231e-05 3.50867565e-05
17100 1.71000000e+03 1.18729213e-06 3.25773799e-05 3.25990083e-05
17200 1.72000000e+03 -3.44430418e-07 3.03993857e-05 3.04013368e-05
17300 1.73000000e+03 -1.70582564e-06 2.83158515e-05 2.83671868e-05
17400 1.74000000e+03 -2.93876792e-06 2.62694175e-05 2.64332868e-05
17500 1.75000000e+03 -4.01409761e-06 2.42710921e-05 2.46007905e-05
17600 1.76000000e+03 -4.93056314e-06 2.24400574e-05 2.29753483e-05
17700 1.77000000e+03 -5.70156817e-06 2.06964287e-05 2.14674181e-05
17800 1.78000000e+03 -6.33874197e-06 1.90726405e-05 2.00983896e-05
17900 1.79000000e+03 -6.87455304e-06 1.75658352e-05 1.88631398e-05
18000 1.80000000e+03 -7.28693703e-06 1.61585922e-05 1.77256750e-05
18100 1.81000000e+03 -7.62551008e-06 1.48698236e-05 1.67110759e-05
18200 1.82000000e+03 -7.90158992e-06 1.36480012e-05 1.57703221e-05
18300 1.83000000e+03 -8.11360951e-06 1.25222841e-05 1.49210676e-05
18400 1.84000000e+03 -8.27171061e-06 1.15095290e-05 1.41735830e-05
18500 1.85000000e+03 -8.36112940e-06 1.06152766e-05 1.35126822e-05
18600 1.86000000e+03 -8.41662495e-06 9.82172696e-06 1.29346780e-05
18700 1.87000000e+03 -8.43322414e-06 9.09357095e-06 1.24021088e-05
18800 1.88000000e+03 -8.40298981e-06 8.45004070e-06 1.19169386e-05
18900 1.89000000e+03 -8.35409628e-06 7.93496565e-06 1.15219184e-05
19000 1.90000000e+03 -8.30211866e-06 7.51141579e-06 1.11958270e-05
19100 1.91000000e+03 -8.25362440e-06 7.13675536e-06 1.09112599e-05
19200 1.92000000e+03 -8.17649561e-06 6.80443918e-06 1.06374561e-05
19300 1.93000000e+03 -8.08622281e-06 6.54082942e-06 1.04004543e-05
19400 1.94000000e+03 -8.00432372e-06 6.34534263e-06 1.02143317e-05
19500 1.95000000e+03 -7.92797437e-06 6.19177263e-06 1.00593651e-05
19600 1.96000000e+03 -7.85312386e-06 6.05251262e-06 9.91486073e-06
19700 1.97000000e+03 -7.78064532e-06 5.92829656e-06 9.78177600e-06
19800 1.98000000e+03 -7.70549377e-06 5.82077473e-06 9.65691735e-06
19900 1.99000000e+03 -7.64293691e-06 5.72504086e-06 9.54937576e-06
20000 2.00000000e+03 -7.58159331e-06 5.64518814e-06 9.45244446e-06
20100 2.01000000e+03 -7.52575852e-06 5.56130180e-06 9.35762358e-06
20200 2.02000000e+03 -7.47537388e-06 5.48916978e-06 9.27427622e-06
20300 2.03000000e+03 -7.43084092e-06 5.43575788e-06 9.20678340e-06
20400 2.04000000e+03 -7.39676170e-06 5.38384666e-06 9.14865501e-06
20500 2.05000000e+03 -7.36530819e-06 5.34738683e-06 9.10177514e-06
20600 2.06000000e+03 -7.34122659e-06 5.32002787e-06 9.06621776e-06
20700 2.07000000e+03 -7.32197623e-06 5.29565887e-06 9.03633436e-06
20800 2.08000000e+03 -7.30385545e-06 5.27667089e-06 9.01052497e-06
20900 2.09000000e+03 -7.28828354e-06 5.25912355e-06 8.98762803e-06
21000 2.10000000e+03 -7.27844963e-06 5.24727739e-06 8.97272250e-06
21100 2.11000000e+03 -7.27270799e-06 5.24026564e-06 8.96396483e-06
21200 2.12000000e+03 -7.26800317e-06 5.23397330e-06 8.95646954e-06
21300 2.13000000e+03 -7.26600865e-06 5.23255630e-06 8.95402296e-06
21400 2.14000000e+03 -7.26606777e-06 5.23239169e-06 8.95397474e-06
21500 2.15000000e+03 -7.26606777e-06 5.23239169e-06 8.95397474e-06
21600 2.16000000e+03 -7.26606777e-06 5.23239169e-06 8.95397474e-06
21700 2.17000000e+03 -7.26606777e-06 5.23239169e-06 8.95397474e-06
21800 2.18000000e+03 -7.26606777e-06 5.23239169e-06 8.95397474e-06
21900 2.19000000e+03 -7.26606777e-06 5.23239169e-06 8.95397474e-06
22000 2.20000000e+03 -7.26606777e-06 5.23239169e-06 8.95397474e-06
22100 2.21000000e+03 -7.26606777e-06 5.23239169e-06 8.95397474e-06
22200 2.22000000e+03 -7.26606777e-06 5.23239169e-06 8.95397474e-06
22300 2.23000000e+03 -7.26606777e-06 5.23239169e-06 8.95397474e-06
22400 2.24000000e+03 -7.26606777e-06 5.23239169e-06 8.95397474e-06
22500 2.25000000e+03 -7.26606777e-06 5.23239169e-06 8.95397474e-06
22600 2.26000000e+03 -7.26606777e-06 5.23239169e-06 8.95397474e-06
22700 2.27000000e+03 -7.26606777e-06 5.23239169e-06 8.95397474e-06
22800 2.28000000e+03 -7.26606777e-06 5.23239169e-06 8.95397474e-06
22900 2.29000000e+03 -7.26606777e-06 5.23239169e-06 8.95397474e-06
23000 2.30000000e+03 -7.26606777e-06 5.23239169e-06 8.95397474e-06
23100 2.31000000e+03 -7.26606777e-06 5.23239169e-06 8.95397474e-06
23200 2.32000000e+03 -7.26606777e-06 5.23239169e-06 8.95397474e-06
23300 2.33000000e+03 -7.26606777e-06 5.23239169e-06 8.95397474e-06
23400 2.34000000e+03 -7.26606777e-06 5.23239169e-06 8.95397474e-06
23500 2.35000000e+03 -7.26606777e-06 5.23239169e-06 8.95397474e-06
23600 2.36000000e+03 -7.26606777e-06 5.23239169e-06 8.95397474e-06
23700 2.37000000e+03 -7.26606777e-06 5.23239169e-06 8.95397474e-06
23800 2.38000000e+03 -7.26606777e-06 5.23239169e-06 8.95397474e-06
23900 2.39000000e+03 -7.26606777e-06 5.23239169e-06 8.95397474e-06
24000 2.40000000e+03 -7.26606777e-06 5.23239169e-06 8.95397474e-06
24100 2.41000000e+03 -7.26606777e-06 5.23239169e-06 8.95397474e-06
24200 2.42000000e+03 -7.26606777e-06 5.23239169e-06 8.95397474e-06
24300 2.43000000e+03 -7.26606777e-06 5.23239169e-06 8.95397474e-06
24400 2.44000000e+03 -7.26606777e-06 5.23239169e-06 8.95397474e-06
24500 2.45000000e+03 -7.26606777e-06 5.23239169e-06 8.95397474e-06
24600 2.46000000e+03 -7.26606777e-06 5.23239169e-06 8.95397474e-06
24700 2.47000000e+03 -7.26606777e-06 5.23239169e-06 8.95397474e-06
24800 2.48000000e+03 -7.26606777e-06 5.23239169e-06 8.95397474e-06
24900 2.49000000e+03 -7.26606777e-06 5.23239169e-06 8.95397474e-06
25000 2.50000000e+03 -7.26606777e-06 5.23239169e-06 8.95397474e-06
25100 2.51000000e+03 -7.26606777e-06 5.23239169e-06 8.95397474e-06
25200 2.52000000e+03 -7.26606777e-06 5.23239169e-06 8.95397474e-06
25300 2.53000000e+03 -7.26606777e-06 5.23239169e-06 8.95397474e-06
25400 2.54000000e+03 -7.26606777e-06 5.23239169e-06 8.95397474e-06
25500 2.55000000e+03 -7.26606777e-06 5.23239169e-06 8.95397474e-06
25600 2.56000000e+03 -7.26606777e-06 5.23239169e-06 8.95397474e-06
25700 2.57000000e+03 -7.26606777e-06 5.23239169e-06 8.95397474e-06
25800 2.58000000e+03 -7.26606777e-06 5.23239169e-06 8.95397474e-06
25900 2.59000000e+03 -7.26606777e-06 5.23239169e-06 8.95397474e-06
26000 2.60000000e+03 -7.26606777e-06 5.23239169e-06 8.95397474e-06
26100 2.61000000e+03 -7.26606777e-06 5.23239169e-06 8.95397474e-06
26200 2.62000000e+03 -7.26606777e-06 5.23239169e-06 8.95397474e-06
26300 2.63000000e+03 -7.26606777e-06 5.23239169e-06 8.95397474e-06
26400 2.64000000e+03 -7.26606777e-06 5.23239169e-06 8.95397474e-06
26500 2.65000000e+03 -7.26606777e-06 5.23239169e-06 8.95397474e-06
26600 2.66000000e+03 -7.26606777e-06 5.23239169e-06 8.95397474e-06
26700 2.67000000e+03 -7.26606777e-06 5.23239169e-06 8.95397474e-06
26800 2.68000000e+03 -7.26606777e-06 5.23239169e-06 8.95397474e-06
26900 2.69000000e+03 -7.26606777e-06 5.23239169e-06 8.95397474e-06
27000 2.70000000e+03 -7.26606777e-06 5.23239169e-06 8.95397474e-06
27100 2.71000000e+03 -7.26606777e-06 5.23239169e-06 8.95397474e-06
27200 2.72000000e+03 -7.26606777e-06 5.23239169e-06 8.95397474e-06
27300 2.73000000e+03 -7.26606777e-06 5.23239169e-06 8.95397474e-06
27400 2.74000000e+03 -7.26606777e-06 5.23239169e-06 8.95397474e-06
27500 2.75000000e+03 -7.26606777e-06 5.23239169e-06 8.95397474e-06
27600 2.76000000e+03 -7.26606777e-06 5.23239169e-06 8.95397474e-06
27700 2.77000000e+03 -7.26606777e-06 5.23239169e-06 8.95397474e-06
27800 2.78000000e+03 -7.26606777e-06 5.23239169e-06 8.95397474e-06
27900 2.79000000e+03 -7.26606777e-06 5.23239169e-06 8.95397474e-06
28000 2.80000000e+03 -7.26606777e-06 5.23239169e-06 8.95397474e-06
28100 2.81000000e+03 -7.26606777e-06 5.23239169e-06 8.95397474e-06
28200 2.82000000e+03 -7.26606777e-06 5.23239169e-06 8.95397474e-06
28300 2.83000000e+03 -7.26606777e-06 5.23239169e-06 8.95397474e-06
28400 2.84000000e+03 -7.26606777e-06 5.23239169e-06 8.95397474e-06
28500 2.85000000e+03 -7.26606777e-06 5.23239169e-06 8.95397474e-06
28600 2.86000000e+03 -7.26606777e-06 5.23239169e-06 8.95397474e-06
28700 2.87000000e+03 -7.26606777e-06 5.23239169e-06 8.95397474e-06
28800 2.88000000e+03 -7.26606777e-06 5.23239169e-06 8.95397474e-06
28900 2.89000000e+03 -7.26606777e-06 5.23239169e-06 8.95397474e-06
29000 2.90000000e+03 -7.26606777e-06 5.23239169e-06 8.95397474e-06
29100 2.91000000e+03 -7.26606777e-06 5.23239169e-06 8.95397474e-06
29200 2.92000000e+03 -7.26606777e-06 5.23239169e-06 8.95397474e-06
29300 2.93000000e+03 -7.26606777e-06 5.23239169e-06 8.95397474e-06
29400 2.94000000e+03 -7.26606777e-06 5.23239169e-06 8.95397474e-06
29500 2.95000000e+03 -7.26606777e-06 5.23239169e-06 8.95397474e-06
29600 2.96000000e+03 -7.26606777e-06 5.23239169e-06 8.95397474e-06
29700 2.97000000e+03 -7.26606777e-06 5.23239169e-06 8.95397474e-06
29800 2.98000000e+03 -7.26606777e-06 5.23239169e-06 8.95397474e-06
29900 2.99000000e+03 -7.26606777e-06 5.23239169e-06 8.95397474e-06
30000 3.00000000e+03 -7.26606777e-06 5.23239169e-06 8.95397474e-06
30100 3.01000000e+03 -7.26606777e-06 5.23239169e-06 8.95397474e-06
30200 3.02000000e+03 -7.26606777e-06 5.23239169e-06 8.95397474e-06
30300 3.03000000e+03 -7.26606777e-06 5.23239169e-06 8.95397474e-06
30400 3.04000000e+03 -7.26606777e-06 5.23239169e-06 8.95397474e-06
30500 3.05000000e+03 -7.26606777e-06 5.23239169e-06 8.95397474e-06
30600 3.06000000e+03 -7.26606777e-06 5.23239169e-06 8.95397474e-06
30700 3.07000000e+03 -7.26606777e-06 5.23239169e-06 8.95397474e-06
30800 3.08000000e+03 -7.26606777e-06 5.23239169e-06 8.95397474e-06
30900 3.09000000e+03 -7.26606777e-06 5.23239169e-06 8.95397474e-06
31000 3.10000000e+03 -7.26606777e-06 5.23239169e-06 8.95397474e-06
31100 3.11000000e+03 -7.26606777e-06 5.23239169e-06 8.95397474e-06
31200 3.12000000e+03 -7.26606777e-06 5.23239169e-06 8.95397474e-06
31300 3.13000000e+03 -7.26606777e-06 5.23239169e-06 8.95397474e-06
31400 3.14000000e+03 -7.26606777e-06 5.23239169e-06 8.95397474e-06
31500 3.15000000e+03 -7.26606777e-06 5.23239169e-06 8.95397474e-06
31600 3.16000000e+03 -7.26606777e-06 5.23239169e-06 8.95397474e-06
31700 3.17000000e+03 -7.26606777e-06 5.23239169e-06 8.95397474e-06
31800 3.18000000e+03 -7.26606777e-06 5.23239169e-06 8.95397474e-06
31900 3.19000000e+03 -7.26606777e-06 5.23239169e-06 8.95397474e-06
32000 3.20000000e+03 -7.26606777e-06 5.23239169e-06 8.95397474e-06
32100 3.21000000e+03 -7.26606777e-06 5.23239169e-06 8.95397474e-06
32200 3.22000000e+03 -7.26606777e-06 5.23239169e-06 8.95397474e-06
32300 3.23000000e+03 -7.26606777e-06 5.23239169e-06 8.95397474e-06
32400 3.24000000e+03 -7.26606777e-06 5.23239169e-06 8.95397474e-06
32500 3.25000000e+03 -7.26606777e-06 5.23239169e-06 8.95397474e-06
32600 3.26000000e+03 -7.26606777e-06 5.23239169e-06 8.95397474e-06
32700 3.27000000e+03 -7.26606777e-06 5.23239169e-06 8.95397474e-06
32800 3.28000000e+03 -7.26606777e-06 5.23239169e-06 8.95397474e-06
32900 3.29000000e+03 -7.26606777e-06 5.23239169e-06 8.95397474e-06
33000 3.30000000e+03 -7.26606777e-06 5.23239169e-06 8.95397474e-06
33100 3.31000000e+03 -7.26606777e-06 5.23239169e-06 8.95397474e-06
33200 3.32000000e+03 -7.26606777e-06 5.23239169e-06 8.95397474e-06
33300 3.33000000e+03 -7.26606777e-06 5.23239169e-06 8.95397474e-06
33400 3.34000000e+03 -7.26606777e-06 5.23239169e-06 8.95397474e-06
33500 3.35000000e+03 -7.26606777e-06 5.23239169e-06 8.95397474e-06
33600 3.36000000e+03 -7.26606777e-06 5.23239169e-06 8.95397474e-06
33700 3.37000000e+03 -7.26606777e-06 5.23239169e-06 8.95397474e-06
33800 3.38000000e+03 -7.26606777e-06 5.23239169e-06 8.95397474e-06
33900 3.39000000e+03 -7.26606777e-06 5.23239169e-06 8.95397474e-06
34000 3.40000000e+03 -7.26606777e-06 5.23239169e-06 8.95397474e-06
34100 3.41000000e+03 -7.26606777e-06 5.23239169e-06 8.95397474e-06
34200 3.42000000e+03 -7.26606777e-06 5.23239169e-06 8.95397474e-06
34300 3.43000000e+03 -7.26606777e-06 5.23239169e-06 8.95397474e-06
34400 3.44000000e+03 -7.26606777e-06 5.23239169e-06 8.95397474e-06
34500 3.45000000e+03 -7.26606777e-06 5.23239169e-06 8.95397474e-06
34600 3.46000000e+03 -7.26606777e-06 5.23239169e-06 8.95397474e-06
34700 3.47000000e+03 -7.26606777e-06 5.23239169e-06 8.95397474e-06
34800 3.48000000e+03 -7.26606777e-06 5.23239169e-06 8.95397474e-06
34900 3.49000000e+03 -7.26606777e-06 5.23239169e-06 8.95397474e-06
35000 3.50000000e+03 -7.26606777e-06 5.23239169e-06 8.95397474e-06
35100 3.51000000e+03 -7.26606777e-06 5.23239169e-06 8.95397474e-06
35200 3.52000000e+03 -7.26606777e-06 5.23239169e-06 8.95397474e-06
35300 3.53000000e+03 -7.26606777e-06 5.23239169e-06 8.95397474e-06
35400 3.54000000e+03 -7.26606777e-06 5.23239169e-06 8.95397474e-06
35500 3.55000000e+03 -7.26606777e-06 5.23239169e-06 8.95397474e-06
35600 3.56000000e+03 -7.26606777e-06 5.23239169e-06 8.95397474e-06
35700 3.57000000e+03 -7.26606777e-06 5.23239169e-06 8.95397474e-06
35800 3.58000000e+03 -7.26606777e-06 5.23239169e-06 8.95397474e-06
35900 3.59000000e+03 -7.26606777e-06 5.23239169e-06 8.95397474e-06
36000 3.60000000e+03 -7.26606777e-06 5.23239169e-06 8.95397474e-06
36100 3.61000000e+03 -7.26606777e-06 5.23239169e-06 8.95397474e-06
36200 3.62000000e+03 -7.26606777e-06 5.23239169e-06 8.95397474e-06
36300 3.63000000e+03 -7.26606777e-06 5.23239169e-06 8.95397474e-06
36400 3.64000000e+03 -7.26606777e-06 5.23239169e-06 8.95397474e-06
36500 3.65000000e+03 -7.26606777e-06 5.23239169e-06 8.95397474e-06
36600 3.66000000e+03 -7.26606777e-06 5.23239169e-06 8.95397474e-06
36700 3.67000000e+03 -7.26606777e-06 5.23239169e-06 8.95397474e-06
36800 3.68000000e+03 -7.26606777e-06 5.23239169e-06 8.95397474e-06
36900 3.69000000e+03 -7.26606777e-06 5.23239169e-06 8.95397474e-06
37000 3.70000000e+03 -7.26606777e-06 5.23239169e-06 8.95397474e-06
37100 3.71000000e+03 -7.26606777e-06 5.23239169e-06 8.95397474e-06
37200 3.72000000e+03 -7.26606777e-06 5.23239169e-06 8.95397474e-06
37300 3.73000000e+03 -7.26606777e-06 5.23239169e-06 8.95397474e-06
37400 3.74000000e+03 -7.26606777e-06 5.23239169e-06 8.95397474e-06
37500 3.75000000e+03 -7.26606777e-06 5.23239169e-06 8.95397474e-06
37600 3.76000000e+03 -7.26606777e-06 5.23239169e-06 8.95397474e-06
37700 3.77000000e+03 -7.26606777e-06 5.23239169e-06 8.95397474e-06
37800 3.78000000e+03 -7.26606777e-06 5.23239169e-06 8.95397474e-06
37900 3.79000000e+03 -7.26606777e-06 5.23239169e-06 8.95397474e-06
38000 3.80000000e+03 -7.26606777e-06 5.23239169e-06 8.95397474e-06
38100 3.81000000e+03 -7.26606777e-06 5.23239169e-06 8.95397474e-06
38200 3.82000000e+03 -7.26606777e-06 5.23239169e-06 8.95397474e-06
38300 3.83000000e+03 -7.26606777e-06 5.23239169e-06 8.95397474e-06
38400 3.84000000e+03 -7.26606777e-06 5.23239169e-06 8.95397474e-06
38500 3.85000000e+03 -7.26606777e-06 5.23239169e-06 8.95397474e-06
38600 3.86000000e+03 -7.26606777e-06 5.23239169e-06 8.95397474e-06
38700 3.87000000e+03 -7.26606777e-06 5.23239169e-06 8.95397474e-06
38800 3.88000000e+03 -7.26606777e-06 5.23239169e-06 8.95397474e-06
38900 3.89000000e+03 -7.26606777e-06 5.23239169e-06 8.95397474e-06
39000 3.90000000e+03 -7.26606777e-06 5.23239169e-06 8.95397474e-06
39100 3.91000000e+03 -7.26606777e-06 5.23239169e-06 8.95397474e-06
39200 3.92000000e+03 -7.26606777e-06 5.23239169e-06 8.95397474e-06
39300 3.93000000e+03 -7.26606777e-06 5.23239169e-06 8.95397474e-06
39400 3.94000000e+03 -7.26606777e-06 5.23239169e-06 8.95397474e-06
39500 3.95000000e+03 -7.26606777e-06 5.23239169e-06 8.95397474e-06
39600 3.96000000e+03 -7.26606777e-06 5.23239169e-06 8.95397474e-06
39700 3.97000000e+03 -7.26606777e-06 5.23239169e-06 8.95397474e-06
39800 3.98000000e+03 -7.26606777e-06 5.23239169e-06 8.95397474e-06
39900 3.99000000e+03 -7.26606777e-06 5.23239169e-06 8.95397474e-06
40000 4.00000000e+03 -7.26606777e-06 5.23239169e-06 8.95397474e-06
40100 4.01000000e+03 -7.26606777e-06 5.23239169e-06 8.95397474e-06
40200 4.02000000e+03 -7.26606777e-06 5.23239169e-06 8.95397474e-06
40300 4.03000000e+03 -7.26606777e-06 5.23239169e-06 8.95397474e-06
40400 4.04000000e+03 -7.26606777e-06 5.23239169e-06 8.95397474e-06
40500 4.05000000e+03 -7.26606777e-06 5.23239169e-06 8.95397474e-06
40600 4.06000000e+03 -7.26606777e-06 5.23239169e-06 8.95397474e-06
40700 4.07000000e+03 -7.26606777e-06 5.23239169e-06 8.95397474e-06
40800 4.08000000e+03 -7.26606777e-06 5.23239169e-06 8.95397474e-06
40900 4.09000000e+03 -7.26606777e-06 5.23239169e-06 8.95397474e-06
41000 4.10000000e+03 -7.26606777e-06 5.23239169e-06 8.95397474e-06
41100 4.11000000e+03 -7.26606777e-06 5.23239169e-06 8.95397474e-06
41200 4.12000000e+03 -7.26606777e-06 5.23239169e-06 8.95397474e-06
41300 4.13000000e+03 -7.26606777e-06 5.23239169e-06 8.95397474e-06
41400 4.14000000e+03 -7.26606777e-06 5.23239169e-06 8.95397474e-06
41500 4.15000000e+03 -7.26606777e-06 5.23239169e-06 8.95397474e-06
41600 4.16000000e+03 -7.26606777e-06 5.23239169e-06 8.95397474e-06
41700 4.17000000e+03 -7.26606777e-06 5.23239169e-06 8.95397474e-06
41800 4.18000000e+03 -7.26606777e-06 5.23239169e-06 8.95397474e-06
41900 4.19000000e+03 -7.26606777e-06 5.23239169e-06 8.95397474e-06
42000 4.20000000e+03 -7.26606777e-06 5.23239169e-06 8.95397474e-06
42100 4.21000000e+03 -7.26606777e-06 5.23239169e-06 8.95397474e-06
42200 4.22000000e+03 -7.26606777e-06 5.23239169e-06 8.95397474e-06
42300 4.23000000e+03 -7.26606777e-06 5.23239169e-06 8.95397474e-06
42400 4.24000000e+03 -7.26606777e-06 5.23239169e-06 8.95397474e-06
42500 4.25000000e+03 -7.26606777e-06 5.23239169e-06 8.95397474e-06
42600 4.26000000e+03 -7.26606777e-06 5.23239169e-06 8.95397474e-06
42700 4.27000000e+03 -7.26606777e-06 5.23239169e-06 8.95397474e-06
42800 4.28000000e+03 -7.26606777e-06 5.23239169e-06 8.95397474e-06
42900 4.29000000e+03 -7.26606777e-06 5.23239169e-06 8.95397474e-06
43000 4.30000000e+03 -7.26606777e-06 5.23239169e-06 8.95397474e-06
43100 4.31000000e+03 -7.26606777e-06 5.23239169e-06 8.95397474e-06
43200 4.32000000e+03 -7.26606777e-06 5.23239169e-06 8.95397474e-06
43300 4.33000000e+03 -7.26606777e-06 5.23239169e-06 8.95397474e-06
43400 4.34000000e+03 -7.26606777e-06 5.23239169e-06 8.95397474e-06
43500 4.35000000e+03 -7.26606777e-06 5.23239169e-06 8.95397474e-06
43600 4.36000000e+03 -7.26606777e-06 5.23239169e-06 8.95397474e-06
43700 4.37000000e+03 -7.26606777e-06 5.23239169e-06 8.95397474e-06
43800 4.38000000e+03 -7.26606777e-06 5.23239169e-06 8.95397474e-06
43900 4.39000000e+03 -7.26606777e-06 5.23239169e-06 8.95397474e-06
44000 4.40000000e+03 -7.26606777e-06 5.23239169e-06 8.95397474e-06
44100 4.41000000e+03 -7.26606777e-06 5.23239169e-06 8.95397474e-06
44200 4.42000000e+03 -7.26606777e-06 5.23239169e-06 8.95397474e-06
44300 4.43000000e+03 -7.26606777e-06 5.23239169e-06 8.95397474e-06
44400 4.44000000e+03 -7.26606777e-06 5.23239169e-06 8.95397474e-06
44500 4.45000000e+03 -7.26606777e-06 5.23239169e-06 8.95397474e-06
44600 4.46000000e+03 -7.26606777e-06 5.23239169e-06 8.95397474e-06
44700 4.47000000e+03 -7.26606777e-06 5.23239169e-06 8.95397474e-06
44800 4.48000000e+03 -7.26606777e-06 5.23239169e-06 8.95397474e-06
44900 4.49000000e+03 -7.26606777e-06 5.23239169e-06 8.95397474e-06
45000 4.50000000e+03 -7.26606777e-06 5.23239169e-06 8.95397474e-06
45100 4.51000000e+03 -7.26606777e-06 5.23239169e-06 8.95397474e-06
45200 4.52000000e+03 -7.26606777e-06 5.23239169e-06 8.95397474e-06
45300 4.53000000e+03 -7.26606777e-06 5.23239169e-06 8.95397474e-06
45400 4.54000000e+03 -7.26606777e-06 5.23239169e-06 8.95397474e-06
45500 4.55000000e+03 -7.26606777e-06 5.23239169e-06 8.95397474e-06
45600 4.56000000e+03 -7.26606777e-06 5.23239169e-06 8.95397474e-06
45700 4.57000000e+03 -7.26606777e-06 5.23239169e-06 8.95397474e-06
45800 4.58000000e+03 -7.26606777e-06 5.23239169e-06 8.95397474e-06
45900 4.59000000e+03 -7.26606777e-06 5.23239169e-06 8.95397474e-06
46000 4.60000000e+03 -7.26606777e-06 5.23239169e-06 8.95397474e-06
46100 4.61000000e+03 -7.26606777e-06 5.23239169e-06 8.95397474e-06
46200 4.62000000e+03 -7.26606777e-06 5.23239169e-06 8.95397474e-06
46300 4.63000000e+03 -7.26606777e-06 5.23239169e-06 8.95397474e-06
46400 4.64000000e+03 -7.26606777e-06 5.23239169e-06 8.95397474e-06
46500 4.65000000e+03 -7.26606777e-06 5.23239169e-06 8.95397474e-06
46600 4.66000000e+03 -7.26606777e-06 5.23239169e-06 8.95397474e-06
46700 4.67000000e+03 -7.26606777e-06 5.23239169e-06 8.95397474e-06
46800 4.68000000e+03 -7.26606777e-06 5.23239169e-06 8.95397474e-06
46900 4.69000000e+03 -7.26606777e-06 5.23239169e-06 8.95397474e-06
47000 4.70000000e+03 -7.26606777e-06 5.23239169e-06 8.95397474e-06
47100 4.71000000e+03 -7.26606777e-06 5.23239169e-06 8.95397474e-06
47200 4.72000000e+03 -7.26606777e-06 5.23239169e-06 8.95397474e-06
47300 4.73000000e+03 -7.26606777e-06 5.23239169e-06 8.95397474e-06
47400 4.74000000e+03 -7.26606777e-06 5.23239169e-06 8.95397474e-06
47500 4.75000000e+03 -7.26606777e-06 5.23239169e-06 8.95397474e-06
47600 4.76000000e+03 -7.26606777e-06 5.23239169e-06 8.95397474e-06
47700 4.77000000e+03 -7.26606777e-06 5.23239169e-06 8.95397474e-06
47800 4.78000000e+03 -7.26606777e-06 5.23239169e-06 8.95397474e-06
47900 4.79000000e+03 -7.26606777e-06 5.23239169e-06 8.95397474e-06
48000 4.80000000e+03 -7.26606777e-06 5.23239169e-06 8.95397474e-06
48100 4.81000000e+03 -7.26606777e-06 5.23239169e-06 8.95397474e-06
48200 4.82000000e+03 -7.26606777e-06 5.23239169e-06 8.95397474e-06
48300 4.83000000e+03 -7.26606777e-06 5.23239169e-06 8.95397474e-06
48400 4.84000000e+03 -7.26606777e-06 5.23239169e-06 8.95397474e-06
48500 4.85000000e+03 -7.26606777e-06 5.23239169e-06 8.95397474e-06
48600 4.86000000e+03 -7.26606777e-06 5.23239169e-06 8.95397474e-06
48700 4.87000000e+03 -7.26606777e-06 5.23239169e-06 8.95397474e-06
48800 4.88000000e+03 -7.26606777e-06 5.23239169e-06 8.95397474e-06
48900 4.89000000e+03 -7.26606777e-06 5.23239169e-06 8.95397474e-06
49000 4.90000000e+03 -7.26606777e-06 5.23239169e-06 8.95397474e-06
49100 4.91000000e+03 -7.26606777e-06 5.23239169e-06 8.95397474e-06
49200 4.92000000e+03 -7.26606777e-06 5.23239169e-06 8.95397474e-06
49300 4.93000000e+03 -7.26606777e-06 5.23239169e-06 8.95397474e-06
49400 4.94000000e+03 -7.26606777e-06 5.23239169e-06 8.95397474e-06
49500 4.95000000e+03 -7.26606777e-06 5.23239169e-06 8.95397474e-06
49600 4.96000000e+03 -7.26606777e-06 5.23239169e-06 8.95397474e-06
49700 4.97000000e+03 -7.26606777e-06 5.23239169e-06 8.95397474e-06
49800 4.98000000e+03 -7.26606777e-06 5.23239169e-06 8.95397474e-06
49900 4.99000000e+03 -7.26606777e-06 5.23239169e-06 8.95397474e-06
50000 5.00000000e+03 -7.26606777e-06 5.23239169e-06 8.95397474e-06
50100 5.01000000e+03 -7.26606777e-06 5.23239169e-06 8.95397474e-06
50200 5.02000000e+03 -7.26606777e-06 5.23239169e-06 8.95397474e-06
50300 5.03000000e+03 -7.26606777e-06 5.23239169e-06 8.95397474e-06
50400 5.04000000e+03 -7.26606777e-06 5.23239169e-06 8.95397474e-06
50500 5.05000000e+03 -7.26606777e-06 5.23239169e-06 8.95397474e-06
50600 5.06000000e+03 -7.26606777e-06 5.23239169e-06 8.95397474e-06
50700 5.07000000e+03 -7.26606777e-06 5.23239169e-06 8.95397474e-06
50800 5.08000000e+03 -7.26606777e-06 5.23239169e-06 8.95397474e-06
50900 5.09000000e+03 -7.26606777e-06 5.23239169e-06 8.95397474e-06
51000 5.10000000e+03 -7.26606777e-06 5.23239169e-06 8.95397474e-06
51100 5.11000000e+03 -7.26606777e-06 5.23239169e-06 8.95397474e-06
51200 5.12000000e+03 -7.26606777e-06 5.23239169e-06 8.95397474e-06
51300 5.13000000e+03 -7.26606777e-06 5.23239169e-06 8.95397474e-06
51400 5.14000000e+03 -7.26606777e-06 5.23239169e-06 8.95397474e-06
51500 5.15000000e+03 -7.26606777e-06 5.23239169e-06 8.95397474e-06
51600 5.16000000e+03 -7.26606777e-06 5.23239169e-06 8.95397474e-06
51700 5.17000000e+03 -7.26606777e-06 5.23239169e-06 8.95397474e-06
51800 5.18000000e+03 -7.26606777e-06 5.23239169e-06 8.95397474e-06
51900 5.19000000e+03 -7.26606777e-06 5.23239169e-06 8.95397474e-06
52000 5.20000000e+03 -7.26606777e-06 5.23239169e-06 8.95397474e-06
52100 5.21000000e+03 -7.26606777e-06 5.23239169e-06 8.95397474e-06
52200 5.22000000e+03 -7.26606777e-06 5.23239169e-06 8.95397474e-06
52300 5.23000000e+03 -7.26606777e-06 5.23239169e-06 8.95397474e-06
52400 5.24000000e+03 -7.26606777e-06 5.23239169e-06 8.95397474e-06
52500 5.25000000e+03 -7.26606777e-06 5.23239169e-06 8.95397474e-06
52600 5.26000000e+03 -7.26606777e-06 5.23239169e-06 8.95397474e-06
52700 5.27000000e+03 -7.26606777e-06 5.23239169e-06 8.95397474e-06
52800 5.28000000e+03 -7.26606777e-06 5.23239169e-06 8.95397474e-06
52900 5.29000000e+03 -7.26606777e-06 5.23239169e-06 8.95397474e-06
53000 5.30000000e+03 -7.26606777e-06 5.23239169e-06 8.95397474e-06
53100 5.31000000e+03 -7.26606777e-06 5.23239169e-06 8.95397474e-06
53200 5.32000000e+03 -7.26606777e-06 5.23239169e-06 8.95397474e-06
53300 5.33000000e+03 -7.26606777e-06 5.23239169e-06 8.95397474e-06
53400 5.34000000e+03 -7.26606777e-06 5.23239169e-06 8.95397474e-06
53500 5.35000000e+03 -7.26606777e-06 5.23239169e-06 8.95397474e-06
53600 5.36000000e+03 -7.26606777e-06 5.23239169e-06 8.95397474e-06
53700 5.37000000e+03 -7.26606777e-06 5.23239169e-06 8.95397474e-06
53800 5.38000000e+03 -7.26606777e-06 5.23239169e-06 8.95397474e-06
53900 5.39000000e+03 -7.26606777e-06 5.23239169e-06 8.95397474e-06
54000 5.40000000e+03 -7.26606777e-06 5.23239169e-06 8.95397474e-06
54100 5.41000000e+03 -7.26606777e-06 5.23239169e-06 8.95397474e-06
54200 5.42000000e+03 -7.26606777e-06 5.23239169e-06 8.95397474e-06
54300 5.43000000e+03 -7.26606777e-06 5.23239169e-06 8.95397474e-06
54400 5.44000000e+03 -7.26606777e-06 5.23239169e-06 8.95397474e-06
54500 5.45000000e+03 -7.26606777e-06 5.23239169e-06 8.95397474e-06
54600 5.46000000e+03 -7.26606777e-06 5.23239169e-06 8.95397474e-06
54700 5.47000000e+03 -7.26606777e-06 5.23239169e-06 8.95397474e-06
54800 5.48000000e+03 -7.26606777e-06 5.23239169e-06 8.95397474e-06
54900 5.49000000e+03 -7.26606777e-06 5.23239169e-06 8.95397474e-06
55000 5.50000000e+03 -7.26606777e-06 5.23239169e-06 8.95397474e-06
55100 5.51000000e+03 -7.26606777e-06 5.23239169e-06 8.95397474e-06
55200 5.52000000e+03 -7.26606777e-06 5.23239169e-06 8.95397474e-06
55300 5.53000000e+03 -7.26606777e-06 5.23239169e-06 8.95397474e-06
55400 5.54000000e+03 -7.26606777e-06 5.23239169e-06 8.95397474e-06
55500 5.55000000e+03 -7.26606777e-06 5.23239169e-06 8.95397474e-06
55600 5.56000000e+03 -7.26606777e-06 5.23239169e-06 8.95397474e-06
55700 5.57000000e+03 -7.26606777e-06 5.23239169e-06 8.95397474e-06
55800 5.58000000e+03 -7.26606777e-06 5.23239169e-06 8.95397474e-06
55900 5.59000000e+03 -7.26606777e-06 5.23239169e-06 8.95397474e-06
56000 5.60000000e+03 -7.26606777e-06 5.23239169e-06 8.95397474e-06
56100 5.61000000e+03 -7.26606777e-06 5.23239169e-06 8.95397474e-06
56200 5.62000000e+03 -7.26606777e-06 5.23239169e-06 8.95397474e-06
56300 5.63000000e+03 -7.26606777e-06 5.23239169e-06 8.95397474e-06
56400 5.64000000e+03 -7.26606777e-06 5.23239169e-06 8.95397474e-06
56500 5.65000000e+03 -7.26606777e-06 5.23239169e-06 8.95397474e-06
56600 5.66000000e+03 -7.26606777e-06 5.23239169e-06 8.95397474e-06
56700 5.67000000e+03 -7.26606777e-06 5.23239169e-06 8.95397474e-06
56800 5.68000000e+03 -7.26606777e-06 5.23239169e-06 8.95397474e-06
56900 5.69000000e+03 -7.26606777e-06 5.23239169e-06 8.95397474e-06
57000 5.70000000e+03 -7.26606777e-06 5.23239169e-06 8.95397474e-06
57100 5.71000000e+03 -7.26606777e-06 5.23239169e-06 8.95397474e-06
57200 5.72000000e+03 -7.26606777e-06 5.23239169e-06 8.95397474e-06
57300 5.73000000e+03 -7.26606777e-06 5.23239169e-06 8.95397474e-06
57400 5.74000000e+03 -7.26606777e-06 5.23239169e-06 8.95397474e-06
57500 5.75000000e+03 -7.26606777e-06 5.23239169e-06 8.95397474e-06
57600 5.76000000e+03 -7.26606777e-06 5.23239169e-06 8.95397474e-06
57700 5.77000000e+03 -7.26606777e-06 5.23239169e-06 8.95397474e-06
57800 5.78000000e+03 -7.26606777e-06 5.23239169e-06 8.95397474e-06
57900 5.79000000e+03 -7.26606777e-06 5.23239169e-06 8.95397474e-06
58000 5.80000000e+03 -7.26606777e-06 5.23239169e-06 8.95397474e-06
58100 5.81000000e+03 -7.26606777e-06 5.23239169e-06 8.95397474e-06
58200 5.82000000e+03 -7.26606777e-06 5.23239169e-06 8.95397474e-06
58300 5.83000000e+03 -7.26606777e-06 5.23239169e-06 8.95397474e-06
58400 5.84000000e+03 -7.26606777e-06 5.23239169e-06 8.95397474e-06
58500 5.85000000e+03 -7.26606777e-06 5.23239169e-06 8.95397474e-06
58600 5.86000000e+03 -7.26606777e-06 5.23239169e-06 8.95397474e-06
58700 5.87000000e+03 -7.26606777e-06 5.23239169e-06 8.95397474e-06
58800 5.88000000e+03 -7.26606777e-06 5.23239169e-06 8.95397474e-06
58900 5.89000000e+03 -7.26606777e-06 5.23239169e-06 8.95397474e-06
59000 5.90000000e+03 -7.26606777e-06 5.23239169e-06 8.95397474e-06
59100 5.91000000e+03 -7.26606777e-06 5.23239169e-06 8.95397474e-06
59200 5.92000000e+03 -7.26606777e-06 5.23239169e-06 8.95397474e-06
59300 5.93000000e+03 -7.26606777e-06 5.23239169e-06 8.95397474e-06
59400 5.94000000e+03 -7.26606777e-06 5.23239169e-06 8.95397474e-06
59500 5.95000000e+03 -7.26606777e-06 5.23239169e-06 8.95397474e-06
59600 5.96000000e+03 -7.26606777e-06 5.23239169e-06 8.95397474e-06
59700 5.97000000e+03 -7.26606777e-06 5.23239169e-06 8.95397474e-06
59800 5.98000000e+03 -7.26606777e-06 5.23239169e-06 8.95397474e-06
59900 5.99000000e+03 -7.26606777e-06 5.23239169e-06 8.95397474e-06
60000 6.00000000e+03 -7.26606777e-06 5.23239169e-06 8.95397474e-06
60100 6.01000000e+03 -7.26606777e-06 5.23239169e-06 8.95397474e-06
60200 6.02000000e+03 -7.26606777e-06 5.23239169e-06 8.95397474e-06
60300 6.03000000e+03 -7.26606777e-06 5.23239169e-06 8.95397474e-06
60400 6.04000000e+03 -7.26606777e-06 5.23239169e-06 8.95397474e-06
60500 6.05000000e+03 -7.26606777e-06 5.23239169e-06 8.95397474e-06
60600 6.06000000e+03 -7.26606777e-06 5.23239169e-06 8.95397474e-06
60700 6.07000000e+03 -7.26606777e-06 5.23239169e-06 8.95397474e-06
60800 6.08000000e+03 -7.26606777e-06 5.23239169e-06 8.95397474e-06
60900 6.09000000e+03 -7.26606777e-06 5.23239169e-06 8.95397474e-06
61000 6.10000000e+03 -7.26606777e-06 5.23239169e-06 8.95397474e-06
61100 6.11000000e+03 -7.26606777e-06 5.23239169e-06 8.95397474e-06
61200 6.12000000e+03 -7.26606777e-06 5.23239169e-06 8.95397474e-06
61300 6.13000000e+03 -7.26606777e-06 5.23239169e-06 8.95397474e-06
61400 6.14000000e+03 -7.26606777e-06 5.23239169e-06 8.95397474e-06
61500 6.15000000e+03 -7.26606777e-06 5.23239169e-06 8.95397474e-06
61600 6.16000000e+03 -7.26606777e-06 5.23239169e-06 8.95397474e-06
61700 6.17000000e+03 -7.26606777e-06 5.23239169e-06 8.95397474e-06
61800 6.18000000e+03 -7.26606777e-06 5.23239169e-06 8.95397474e-06
61900 6.19000000e+03 -7.26606777e-06 5.23239169e-06 8.95397474e-06
62000 6.20000000e+03 -7.26606777e-06 5.23239169e-06 8.95397474e-06
62100 6.21000000e+03 -7.26606777e-06 5.23239169e-06 8.95397474e-06
62200 6.22000000e+03 -7.26606777e-06 5.23239169e-06 8.95397474e-06
62300 6.23000000e+03 -7.26606777e-06 5.23239169e-06 8.95397474e-06
62400 6.24000000e+03 -7.26606777e-06 5.23239169e-06 8.95397474e-06
62500 6.25000000e+03 -7.26606777e-06 5.23239169e-06 8.95397474e-06
62600 6.26000000e+03 -7.26606777e-06 5.23239169e-06 8.95397474e-06
62700 6.27000000e+03 -7.26606777e-06 5.23239169e-06 8.95397474e-06
62800 6.28000000e+03 -7.26606777e-06 5.23239169e-06 8.95397474e-06
62900 6.29000000e+03 -7.26606777e-06 5.23239169e-06 8.95397474e-06
63000 6.30000000e+03 -7.26606777e-06 5.23239169e-06 8.95397474e-06
63100 6.31000000e+03 -7.26606777e-06 5.23239169e-06 8.95397474e-06
63200 6.32000000e+03 -7.26606777e-06 5.23239169e-06 8.95397474e-06
63300 6.33000000e+03 -7.26606777e-06 5.23239169e-06 8.95397474e-06
63400 6.34000000e+03 -7.26606777e-06 5.23239169e-06 8.95397474e-06
63500 6.35000000e+03 -7.26606777e-06 5.23239169e-06 8.95397474e-06
63600 6.36000000e+03 -7.26606777e-06 5.23239169e-06 8.95397474e-06
63700 6.37000000e+03 -7.26606777e-06 5.23239169e-06 8.95397474e-06
63800 6.38000000e+03 -7.26606777e-06 5.23239169e-06 8.95397474e-06
63900 6.39000000e+03 -7.26606777e-06 5.23239169e-06 8.95397474e-06
64000 6.40000000e+03 -7.26606777e-06 5.23239169e-06 8.95397474e-06
64100 6.41000000e+03 -7.26606777e-06 5.23239169e-06 8.95397474e-06
64200 6.42000000e+03 -7.26606777e-06 5.23239169e-06 8.95397474e-06
64300 6.43000000e+03 -7.26606777e-06 5.23239169e-06 8.95397474e-06
64400 6.44000000e+03 -7.26606777e-06 5.23239169e-06 8.95397474e-06
64500 6.45000000e+03 -7.26606777e-06 5.23239169e-06 8.95397474e-06
64600 6.46000000e+03 -7.26606777e-06 5.23239169e-06 8.95397474e-06
64700 6.47000000e+03 -7.26606777e-06 5.23239169e-06 8.95397474e-06
64800 6.48000000e+03 -7.26606777e-06 5.23239169e-06 8.95397474e-06
64900 6.49000000e+03 -7.26606777e-06 5.23239169e-06 8.95397474e-06
65000 6.50000000e+03 -7.26606777e-06 5.23239169e-06 8.95397474e-06
65100 6.51000000e+03 -7.26606777e-06 5.23239169e-06 8.95397474e-06
65200 6.52000000e+03 -7.26606777e-06 5.23239169e-06 8.95397474e-06
65300 6.53000000e+03 -7.26606777e-06 5.23239169e-06 8.95397474e-06
65400 6.54000000e+03 -7.26606777e-06 5.23239169e-06 8.95397474e-06
65500 6.55000000e+03 -7.26606777e-06 5.23239169e-06 8.95397474e-06
65600 6.56000000e+03 -7.26606777e-06 5.23239169e-06 8.95397474e-06
65700 6.57000000e+03 -7.26606777e-06 5.23239169e-06 8.95397474e-06
65800 6.58000000e+03 -7.26606777e-06 5.23239169e-06 8.95397474e-06
65900 6.59000000e+03 -7.26606777e-06 5.23239169e-06 8.95397474e-06
66000 6.60000000e+03 -7.26606777e-06 5.23239169e-06 8.95397474e-06
66100 6.61000000e+03 -7.26606777e-06 5.23239169e-06 8.95397474e-06
66200 6.62000000e+03 -7.26606777e-06 5.23239169e-06 8.95397474e-06
66300 6.63000000e+03 -7.26606777e-06 5.23239169e-06 8.95397474e-06
66400 6.64000000e+03 -7.26606777e-06 5.23239169e-06 8.95397474e-06
66500 6.65000000e+03 -7.26606777e-06 5.23239169e-06 8.95397474e-06
66600 6.66000000e+03 -7.26606777e-06 5.23239169e-06 8.95397474e-06
66700 6.67000000e+03 -7.26606777e-06 5.23239169e-06 8.95397474e-06
66800 6.68000000e+03 -7.26606777e-06 5.23239169e-06 8.95397474e-06
66900 6.69000000e+03 -7.26606777e-06 5.23239169e-06 8.95397474e-06
67000 6.70000000e+03 -7.26606777e-06 5.23239169e-06 8.95397474e-06
67100 6.71000000e+03 -7.26606777e-06 5.23239169e-06 8.95397474e-06
67200 6.72000000e+03 -7.26606777e-06 5.23239169e-06 8.95397474e-06
67300 6.73000000e+03 -7.26606777e-06 5.23239169e-06 8.95397474e-06
67400 6.74000000e+03 -7.26606777e-06 5.23239169e-06 8.95397474e-06
67500 6.75000000e+03 -7.26606777e-06 5.23239169e-06 8.95397474e-06
67600 6.76000000e+03 -7.26606777e-06 5.23239169e-06 8.95397474e-06
67700 6.77000000e+03 -7.26606777e-06 5.23239169e-06 8.95397474e-06
67800 6.78000000e+03 -7.26606777e-06 5.23239169e-06 8.95397474e-06
67900 6.79000000e+03 -7.26606777e-06 5.23239169e-06 8.95397474e-06
68000 6.80000000e+03 -7.26606777e-06 5.23239169e-06 8.95397474e-06
68100 6.81000000e+03 -7.26606777e-06 5.23239169e-06 8.95397474e-06
68200 6.82000000e+03 -7.26606777e-06 5.23239169e-06 8.95397474e-06
68300 6.83000000e+03 -7.26606777e-06 5.23239169e-06 8.95397474e-06
68400 6.84000000e+03 -7.26606777e-06 5.23239169e-06 8.95397474e-06
68500 6.85000000e+03 -7.26606777e-06 5.23239169e-06 8.95397474e-06
68600 6.86000000e+03 -7.26606777e-06 5.23239169e-06 8.95397474e-06
68700 6.87000000e+03 -7.26606777e-06 5.23239169e-06 8.95397474e-06
68800 6.88000000e+03 -7.26606777e-06 5.23239169e-06 8.95397474e-06
68900 6.89000000e+03 -7.26606777e-06 5.23239169e-06 8.95397474e-06
69000 6.90000000e+03 -7.26606777e-06 5.23239169e-06 8.95397474e-06
69100 6.91000000e+03 -7.26606777e-06 5.23239169e-06 8.95397474e-06
69200 6.92000000e+03 -7.26606777e-06 5.23239169e-06 8.95397474e-06
69300 6.93000000e+03 -7.26606777e-06 5.23239169e-06 8.95397474e-06
69400 6.94000000e+03 -7.26606777e-06 5.23239169e-06 8.95397474e-06
69500 6.95000000e+03 -7.26606777e-06 5.23239169e-06 8.95397474e-06
69600 6.96000000e+03 -7.26606777e-06 5.23239169e-06 8.95397474e-06
69700 6.97000000e+03 -7.26606777e-06 5.23239169e-06 8.95397474e-06
69800 6.98000000e+03 -7.26606777e-06 5.23239169e-06 8.95397474e-06
69900 6.99000000e+03 -7.26606777e-06 5.23239169e-06 8.95397474e-06
70000 7.00000000e+03 -7.26606777e-06 5.23239169e-06 8.95397474e-06
70100 7.01000000e+03 -7.26606777e-06 5.23239169e-06 8.95397474e-06
70200 7.02000000e+03 -7.26606777e-06 5.23239169e-06 8.95397474e-06
70300 7.03000000e+03 -7.26606777e-06 5.23239169e-06 8.95397474e-06
70400 7.04000000e+03 -7.26606777e-06 5.23239169e-06 8.95397474e-06
70500 7.05000000e+03 -7.26606777e-06 5.23239169e-06 8.95397474e-06
70600 7.06000000e+03 -7.26606777e-06 5.23239169e-06 8.95397474e-06
70700 7.07000000e+03 -7.26606777e-06 5.23239169e-06 8.95397474e-06
70800 7.08000000e+03 -7.26606777e-06 5.23239169e-06 8.95397474e-06
70900 7.09000000e+03 -7.26606777e-06 5.23239169e-06 8.95397474e-06
71000 7.10000000e+03 -7.26606777e-06 5.23239169e-06 8.95397474e-06
71100 7.11000000e+03 -7.26606777e-06 5.23239169e-06 8.95397474e-06
71200 7.12000000e+03 -7.26606777e-06 5.23239169e-06 8.95397474e-06
71300 7.13000000e+03 -7.26606777e-06 5.23239169e-06 8.95397474e-06
71400 7.14000000e+03 -7.26606777e-06 5.23239169e-06 8.95397474e-06
71500 7.15000000e+03 -7.26606777e-06 5.23239169e-06 8.95397474e-06
71600 7.16000000e+03 -7.26606777e-06 5.23239169e-06 8.95397474e-06
71700 7.17000000e+03 -7.26606777e-06 5.23239169e-06 8.95397474e-06
71800 7.18000000e+03 -7.26606777e-06 5.23239169e-06 8.95397474e-06
71900 7.19000000e+03 -7.26606777e-06 5.23239169e-06 8.95397474e-06
72000 7.20000000e+03 -7.26606777e-06 5.23239169e-06 8.95397474e-06
72100 7.21000000e+03 -7.26606777e-06 5.23239169e-06 8.95397474e-06
72200 7.22000000e+03 -7.26606777e-06 5.23239169e-06 8.95397474e-06
72300 7.23000000e+03 -7.26606777e-06 5.23239169e-06 8.95397474e-06
72400 7.24000000e+03 -7.26606777e-06 5.23239169e-06 8.95397474e-06
72500 7.25000000e+03 -7.26606777e-06 5.23239169e-06 8.95397474e-06
72600 7.26000000e+03 -7.26606777e-06 5.23239169e-06 8.95397474e-06
72700 7.27000000e+03 -7.26606777e-06 5.23239169e-06 8.95397474e-06
72800 7.28000000e+03 -7.26606777e-06 5.23239169e-06 8.95397474e-06
72900 7.29000000e+03 -7.26606777e-06 5.23239169e-06 8.95397474e-06
73000 7.30000000e+03 -7.26606777e-06 5.23239169e-06 8.95397474e-06
73100 7.31000000e+03 -7.26606777e-06 5.23239169e-06 8.95397474e-06
73200 7.32000000e+03 -7.26606777e-06 5.23239169e-06 8.95397474e-06
73300 7.33000000e+03 -7.26606777e-06 5.23239169e-06 8.95397474e-06
73400 7.34000000e+03 -7.26606777e-06 5.23239169e-06 8.95397474e-06
73500 7.35000000e+03 -7.26606777e-06 5.23239169e-06 8.95397474e-06
73600 7.36000000e+03 -7.26606777e-06 5.23239169e-06 8.95397474e-06
73700 7.37000000e+03 -7.26606777e-06 5.23239169e-06 8.95397474e-06
73800 7.38000000e+03 -7.26606777e-06 5.23239169e-06 8.95397474e-06
73900 7.39000000e+03 -7.26606777e-06 5.23239169e-06 8.95397474e-06
74000 7.40000000e+03 -7.26606777e-06 5.23239169e-06 8.95397474e-06
74100 7.41000000e+03 -7.26606777e-06 5.23239169e-06 8.95397474e-06
74200 7.42000000e+03 -7.26606777e-06 5.23239169e-06 8.95397474e-06
74300 7.43000000e+03 -7.26606777e-06 5.23239169e-06 8.95397474e-06
74400 7.44000000e+03 -7.26606777e-06 5.23239169e-06 8.95397474e-06
74500 7.45000000e+03 -7.26606777e-06 5.23239169e-06 8.95397474e-06
74600 7.46000000e+03 -7.26606777e-06 5.23239169e-06 8.95397474e-06
74700 7.47000000e+03 -7.26606777e-06 5.23239169e-06 8.95397474e-06
74800 7.48000000e+03 -7.26606777e-06 5.23239169e-06 8.95397474e-06
74900 7.49000000e+03 -7.26606777e-06 5.23239169e-06 8.95397474e-06
75000 7.50000000e+03 -7.26606777e-06 5.23239169e-06 8.95397474e-06
75100 7.51000000e+03 -7.26606777e-06 5.23239169e-06 8.95397474e-06
75200 7.52000000e+03 -7.26606777e-06 5.23239169e-06 8.95397474e-06
75300 7.53000000e+03 -7.26606777e-06 5.23239169e-06 8.95397474e-06
75400 7.54000000e+03 -7.26606777e-06 5.23239169e-06 8.95397474e-06
75500 7.55000000e+03 -7.26606777e-06 5.23239169e-06 8.95397474e-06
75600 7.56000000e+03 -7.26606777e-06 5.23239169e-06 8.95397474e-06
75700 7.57000000e+03 -7.26606777e-06 5.23239169e-06 8.95397474e-06
75800 7.58000000e+03 -7.26606777e-06 5.23239169e-06 8.95397474e-06
75900 7.59000000e+03 -7.26606777e-06 5.23239169e-06 8.95397474e-06
76000 7.60000000e+03 -7.26606777e-06 5.23239169e-06 8.95397474e-06
76100 7.61000000e+03 -7.26606777e-06 5.23239169e-06 8.95397474e-06
76200 7.62000000e+03 -7.26606777e-06 5.23239169e-06 8.95397474e-06
76300 7.63000000e+03 -7.26606777e-06 5.23239169e-06 8.95397474e-06
76400 7.64000000e+03 -7.26606777e-06 5.23239169e-06 8.95397474e-06
76500 7.65000000e+03 -7.26606777e-06 5.23239169e-06 8.95397474e-06
76600 7.66000000e+03 -7.26606777e-06 5.23239169e-06 8.95397474e-06
76700 7.67000000e+03 -7.26606777e-06 5.23239169e-06 8.95397474e-06
76800 7.68000000e+03 -7.26606777e-06 5.23239169e-06 8.95397474e-06
76900 7.69000000e+03 -7.26606777e-06 5.23239169e-06 8.95397474e-06
77000 7.70000000e+03 -7.26606777e-06 5.23239169e-06 8.95397474e-06
77100 7.71000000e+03 -7.26606777e-06 5.23239169e-06 8.95397474e-06
77200 7.72000000e+03 -7.26606777e-06 5.23239169e-06 8.95397474e-06
77300 7.73000000e+03 -7.26606777e-06 5.23239169e-06 8.95397474e-06
77400 7.74000000e+03 -7.26606777e-06 5.23239169e-06 8.95397474e-06
77500 7.75000000e+03 -7.26606777e-06 5.23239169e-06 8.95397474e-06
77600 7.76000000e+03 -7.26606777e-06 5.23239169e-06 8.95397474e-06
77700 7.77000000e+03 -7.26606777e-06 5.23239169e-06 8.95397474e-06
77800 7.78000000e+03 -7.26606777e-06 5.23239169e-06 8.95397474e-06
77900 7.79000000e+03 -7.26606777e-06 5.23239169e-06 8.95397474e-06
78000 7.80000000e+03 -7.26606777e-06 5.23239169e-06 8.95397474e-06
78100 7.81000000e+03 -7.26606777e-06 5.23239169e-06 8.95397474e-06
78200 7.82000000e+03 -7.26606777e-06 5.23239169e-06 8.95397474e-06
78300 7.83000000e+03 -7.26606777e-06 5.23239169e-06 8.95397474e-06
78400 7.84000000e+03 -7.26606777e-06 5.23239169e-06 8.95397474e-06
78500 7.85000000e+03 -7.26606777e-06 5.23239169e-06 8.95397474e-06
78600 7.86000000e+03 -7.26606777e-06 5.23239169e-06 8.95397474e-06
78700 7.87000000e+03 -7.26606777e-06 5.23239169e-06 8.95397474e-06
78800 7.88000000e+03 -7.26606777e-06 5.23239169e-06 8.95397474e-06
78900 7.89000000e+03 -7.26606777e-06 5.23239169e-06 8.95397474e-06
79000 7.90000000e+03 -7.26606777e-06 5.23239169e-06 8.95397474e-06
79100 7.91000000e+03 -7.26606777e-06 5.23239169e-06 8.95397474e-06
79200 7.92000000e+03 -7.26606777e-06 5.23239169e-06 8.95397474e-06
79300 7.93000000e+03 -7.26606777e-06 5.23239169e-06 8.95397474e-06
79400 7.94000000e+03 -7.26606777e-06 5.23239169e-06 8.95397474e-06
79500 7.95000000e+03 -7.26606777e-06 5.23239169e-06 8.95397474e-06
79600 7.96000000e+03 -7.26606777e-06 5.23239169e-06 8.95397474e-06
79700 7.97000000e+03 -7.26606777e-06 5.23239169e-06 8.95397474e-06
79800 7.98000000e+03 -7.26606777e-06 5.23239169e-06 8.95397474e-06
79900 7.99000000e+03 -7.26606777e-06 5.23239169e-06 8.95397474e-06
80000 8.00000000e+03 -7.26606777e-06 5.23239169e-06 8.95397474e-06
80100 8.01000000e+03 -7.26606777e-06 5.23239169e-06 8.95397474e-06
80200 8.02000000e+03 -7.26606777e-06 5.23239169e-06 8.95397474e-06
80300 8.03000000e+03 -7.26606777e-06 5.23239169e-06 8.95397474e-06
80400 8.04000000e+03 -7.26606777e-06 5.23239169e-06 8.95397474e-06
80500 8.05000000e+03 -7.26606777e-06 5.23239169e-06 8.95397474e-06
80600 8.06000000e+03 -7.26606777e-06 5.23239169e-06 8.95397474e-06
80700 8.07000000e+03 -7.26606777e-06 5.23239169e-06 8.95397474e-06
80800 8.08000000e+03 -7.26606777e-06 5.23239169e-06 8.95397474e-06
80900 8.09000000e+03 -7.26606777e-06 5.23239169e-06 8.95397474e-06
81000 8.10000000e+03 -7.26606777e-06 5.23239169e-06 8.95397474e-06
81100 8.11000000e+03 -7.26606777e-06 5.23239169e-06 8.95397474e-06
81200 8.12000000e+03 -7.26606777e-06 5.23239169e-06 8.95397474e-06
81300 8.13000000e+03 -7.26606777e-06 5.23239169e-06 8.95397474e-06
81400 8.14000000e+03 -7.26606777e-06 5.23239169e-06 8.95397474e-06
81500 8.15000000e+03 -7.26606777e-06 5.23239169e-06 8.95397474e-06
81600 8.16000000e+03 -7.26606777e-06 5.23239169e-06 8.95397474e-06
81700 8.17000000e+03 -7.26606777e-06 5.23239169e-06 8.95397474e-06
81800 8.18000000e+03 -7.26606777e-06 5.23239169e-06 8.95397474e-06
81900 8.19000000e+03 -7.26606777e-06 5.23239169e-06 8.95397474e-06
82000 8.20000000e+03 -7.26606777e-06 5.23239169e-06 8.95397474e-06
82100 8.21000000e+03 -7.26606777e-06 5.23239169e-06 8.95397474e-06
82200 8.22000000e+03 -7.26606777e-06 5.23239169e-06 8.95397474e-06
82300 8.23000000e+03 -7.26606777e-06 5.23239169e-06 8.95397474e-06
82400 8.24000000e+03 -7.26606777e-06 5.23239169e-06 8.95397474e-06
82500 8.25000000e+03 -7.26606777e-06 5.23239169e-06 8.95397474e-06
82600 8.26000000e+03 -7.26606777e-06 5.23239169e-06 8.95397474e-06
82700 8.27000000e+03 -7.26606777e-06 5.23239169e-06 8.95397474e-06
82800 8.28000000e+03 -7.26606777e-06 5.23239169e-06 8.95397474e-06
82900 8.29000000e+03 -7.26606777e-06 5.23239169e-06 8.95397474e-06
83000 8.30000000e+03 -7.26606777e-06 5.23239169e-06 8.95397474e-06
83100 8.31000000e+03 -7.26606777e-06 5.23239169e-06 8.95397474e-06
83200 8.32000000e+03 -7.26606777e-06 5.23239169e-06 8.95397474e-06
83300 8.33000000e+03 -7.26606777e-06 5.23239169e-06 8.95397474e-06
83400 8.34000000e+03 -7.26606777e-06 5.23239169e-06 8.95397474e-06
83500 8.35000000e+03 -7.26606777e-06 5.23239169e-06 8.95397474e-06
83600 8.36000000e+03 -7.26606777e-06 5.23239169e-06 8.95397474e-06
83700 8.37000000e+03 -7.26606777e-06 5.23239169e-06 8.95397474e-06
83800 8.38000000e+03 -7.26606777e-06 5.23239169e-06 8.95397474e-06
83900 8.39000000e+03 -7.26606777e-06 5.23239169e-06 8.95397474e-06
84000 8.40000000e+03 -7.26606777e-06 5.23239169e-06 8.95397474e-06
84100 8.41000000e+03 -7.26606777e-06 5.23239169e-06 8.95397474e-06
84200 8.42000000e+03 -7.26606777e-06 5.23239169e-06 8.95397474e-06
84300 8.43000000e+03 -7.26606777e-06 5.23239169e-06 8.95397474e-06
84400 8.44000000e+03 -7.26606777e-06 5.23239169e-06 8.95397474e-06
84500 8.45000000e+03 -7.26606777e-06 5.23239169e-06 8.95397474e-06
84600 8.46000000e+03 -7.26606777e-06 5.23239169e-06 8.95397474e-06
84700 8.47000000e+03 -7.26606777e-06 5.23239169e-06 8.95397474e-06
84800 8.48000000e+03 -7.26606777e-06 5.23239169e-06 8.95397474e-06
84900 8.49000000e+03 -7.26606777e-06 5.23239169e-06 8.95397474e-06
85000 8.50000000e+03 -7.26606777e-06 5.23239169e-06 8.95397474e-06
85100 8.51000000e+03 -7.26606777e-06 5.23239169e-06 8.95397474e-06
85200 8.52000000e+03 -7.26606777e-06 5.23239169e-06 8.95397474e-06
85300 8.53000000e+03 -7.26606777e-06 5.23239169e-06 8.95397474e-06
85400 8.54000000e+03 -7.26606777e-06 5.23239169e-06 8.95397474e-06
85500 8.55000000e+03 -7.26606777e-06 5.23239169e-06 8.95397474e-06
85600 8.56000000e+03 -7.26606777e-06 5.23239169e-06 8.95397474e-06
85700 8.57000000e+03 -7.26606777e-06 5.23239169e-06 8.95397474e-06
85800 8.58000000e+03 -7.26606777e-06 5.23239169e-06 8.95397474e-06
85900 8.59000000e+03 -7.26606777e-06 5.23239169e-06 8.95397474e-06
86000 8.60000000e+03 -7.26606777e-06 5.23239169e-06 8.95397474e-06
86100 8.61000000e+03 -7.26606777e-06 5.23239169e-06 8.95397474e-06
86200 8.62000000e+03 -7.26606777e-06 5.23239169e-06 8.95397474e-06
86300 8.63000000e+03 -7.26606777e-06 5.23239169e-06 8.95397474e-06
86400 8.64000000e+03 -7.26606777e-06 5.23239169e-06 8.95397474e-06
86500 8.65000000e+03 -7.26606777e-06 5.23239169e-06 8.95397474e-06
86600 8.66000000e+03 -7.26606777e-06 5.23239169e-06 8.95397474e-06
86700 8.67000000e+03 -7.26606777e-06 5.23239169e-06 8.95397474e-06
86800 8.68000000e+03 -7.26606777e-06 5.23239169e-06 8.95397474e-06
86900 8.69000000e+03 -7.26606777e-06 5.23239169e-06 8.95397474e-06
87000 8.70000000e+03 -7.26606777e-06 5.23239169e-06 8.95397474e-06
87100 8.71000000e+03 -7.26606777e-06 5.23239169e-06 8.95397474e-06
87200 8.72000000e+03 -7.26606777e-06 5.23239169e-06 8.95397474e-06
87300 8.73000000e+03 -7.26606777e-06 5.23239169e-06 8.95397474e-06
87400 8.74000000e+03 -7.26606777e-06 5.23239169e-06 8.95397474e-06
87500 8.75000000e+03 -7.26606777e-06 5.23239169e-06 8.95397474e-06
87600 8.76000000e+03 -7.26606777e-06 5.23239169e-06 8.95397474e-06
87700 8.77000000e+03 -7.26606777e-06 5.23239169e-06 8.95397474e-06
87800 8.78000000e+03 -7.26606777e-06 5.23239169e-06 8.95397474e-06
87900 8.79000000e+03 -7.26606777e-06 5.23239169e-06 8.95397474e-06
88000 8.80000000e+03 -7.26606777e-06 5.23239169e-06 8.95397474e-06
88100 8.81000000e+03 -7.26606777e-06 5.23239169e-06 8.95397474e-06
88200 8.82000000e+03 -7.26606777e-06 5.23239169e-06 8.95397474e-06
88300 8.83000000e+03 -7.26606777e-06 5.23239169e-06 8.95397474e-06
88400 8.84000000e+03 -7.26606777e-06 5.23239169e-06 8.95397474e-06
88500 8.85000000e+03 -7.26606777e-06 5.23239169e-06 8.95397474e-06
88600 8.86000000e+03 -7.26606777e-06 5.23239169e-06 8.95397474e-06
88700 8.87000000e+03 -7.26606777e-06 5.23239169e-06 8.95397474e-06
88800 8.88000000e+03 -7.26606777e-06 5.23239169e-06 8.95397474e-06
88900 8.89000000e+03 -7.26606777e-06 5.23239169e-06 8.95397474e-06
89000 8.90000000e+03 -7.26606777e-06 5.23239169e-06 8.95397474e-06
89100 8.91000000e+03 -7.26606777e-06 5.23239169e-06 8.95397474e-06
89200 8.92000000e+03 -7.26606777e-06 5.23239169e-06 8.95397474e-06
89300 8.93000000e+03 -7.26606777e-06 5.23239169e-06 8.95397474e-06
89400 8.94000000e+03 -7.26606777e-06 5.23239169e-06 8.95397474e-06
89500 8.95000000e+03 -7.26606777e-06 5.23239169e-06 8.95397474e-06
89600 8.96000000e+03 -7.26606777e-06 5.23239169e-06 8.95397474e-06
89700 8.97000000e+03 -7.26606777e-06 5.23239169e-06 8.95397474e-06
89800 8.98000000e+03 -7.26606777e-06 5.23239169e-06 8.95397474e-06
89900 8.99000000e+03 -7.26606777e-06 5.23239169e-06 8.95397474e-06
90000 9.00000000e+03 -7.26606777e-06 5.23239169e-06 8.95397474e-06
90100 9.01000000e+03 -7.26606777e-06 5.23239169e-06 8.95397474e-06
90200 9.02000000e+03 -7.26606777e-06 5.23239169e-06 8.95397474e-06
90300 9.03000000e+03 -7.26606777e-06 5.23239169e-06 8.95397474e-06
90400 9.04000000e+03 -7.26606777e-06 5.23239169e-06 8.95397474e-06
90500 9.05000000e+03 -7.26606777e-06 5.23239169e-06 8.95397474e-06
90600 9.06000000e+03 -7.26606777e-06 5.23239169e-06 8.95397474e-06
90700 9.07000000e+03 -7.26606777e-06 5.23239169e-06 8.95397474e-06
90800 9.08000000e+03 -7.26606777e-06 5.23239169e-06 8.95397474e-06
90900 9.09000000e+03 -7.26606777e-06 5.23239169e-06 8.95397474e-06
91000 9.10000000e+03 -7.26606777e-06 5.23239169e-06 8.95397474e-06
91100 9.11000000e+03 -7.26606777e-06 5.23239169e-06 8.95397474e-06
91200 9.12000000e+03 -7.26606777e-06 5.23239169e-06 8.95397474e-06
91300 9.13000000e+03 -7.26606777e-06 5.23239169e-06 8.95397474e-06
91400 9.14000000e+03 -7.26606777e-06 5.23239169e-06 8.95397474e-06
91500 9.15000000e+03 -7.26606777e-06 5.23239169e-06 8.95397474e-06
91600 9.16000000e+03 -7.26606777e-06 5.23239169e-06 8.95397474e-06
91700 9.17000000e+03 -7.26606777e-06 5.23239169e-06 8.95397474e-06
91800 9.18000000e+03 -7.26606777e-06 5.23239169e-06 8.95397474e-06
91900 9.19000000e+03 -7.26606777e-06 5.23239169e-06 8.95397474e-06
92000 9.20000000e+03 -7.26606777e-06 5.23239169e-06 8.95397474e-06
92100 9.21000000e+03 -7.26606777e-06 5.23239169e-06 8.95397474e-06
92200 9.22000000e+03 -7.26606777e-06 5.23239169e-06 8.95397474e-06
92300 9.23000000e+03 -7.26606777e-06 5.23239169e-06 8.95397474e-06
92400 9.24000000e+03 -7.26606777e-06 5.23239169e-06 8.95397474e-06
92500 9.25000000e+03 -7.26606777e-06 5.23239169e-06 8.95397474e-06
92600 9.26000000e+03 -7.26606777e-06 5.23239169e-06 8.95397474e-06
92700 9.27000000e+03 -7.26606777e-06 5.23239169e-06 8.95397474e-06
92800 9.28000000e+03 -7.26606777e-06 5.23239169e-06 8.95397474e-06
92900 9.29000000e+03 -7.26606777e-06 5.23239169e-06 8.95397474e-06
93000 9.30000000e+03 -7.26606777e-06 5.23239169e-06 8.95397474e-06
93100 9.31000000e+03 -7.26606777e-06 5.23239169e-06 8.95397474e-06
93200 9.32000000e+03 -7.26606777e-06 5.23239169e-06 8.95397474e-06
93300 9.33000000e+03 -7.26606777e-06 5.23239169e-06 8.95397474e-06
93400 9.34000000e+03 -7.26606777e-06 5.23239169e-06 8.95397474e-06
93500 9.35000000e+03 -7.26606777e-06 5.23239169e-06 8.95397474e-06
93600 9.36000000e+03 -7.26606777e-06 5.23239169e-06 8.95397474e-06
93700 9.37000000e+03 -7.26606777e-06 5.23239169e-06 8.95397474e-06
93800 9.38000000e+03 -7.26606777e-06 5.23239169e-06 8.95397474e-06
93900 9.39000000e+03 -7.26606777e-06 5.23239169e-06 8.95397474e-06
94000 9.40000000e+03 -7.26606777e-06 5.23239169e-06 8.95397474e-06
94100 9.41000000e+03 -7.26606777e-06 5.23239169e-06 8.95397474e-06
94200 9.42000000e+03 -7.26606777e-06 5.23239169e-06 8.95397474e-06
94300 9.43000000e+03 -7.26606777e-06 5.23239169e-06 8.95397474e-06
94400 9.44000000e+03 -7.26606777e-06 5.23239169e-06 8.95397474e-06
94500 9.45000000e+03 -7.26606777e-06 5.23239169e-06 8.95397474e-06
94600 9.46000000e+03 -7.26606777e-06 5.23239169e-06 8.95397474e-06
94700 9.47000000e+03 -7.26606777e-06 5.23239169e-06 8.95397474e-06
94800 9.48000000e+03 -7.26606777e-06 5.23239169e-06 8.95397474e-06
94900 9.49000000e+03 -7.26606777e-06 5.23239169e-06 8.95397474e-06
95000 9.50000000e+03 -7.26606777e-06 5.23239169e-06 8.95397474e-06
95100 9.51000000e+03 -7.26606777e-06 5.23239169e-06 8.95397474e-06
95200 9.52000000e+03 -7.26606777e-06 5.23239169e-06 8.95397474e-06
95300 9.53000000e+03 -7.26606777e-06 5.23239169e-06 8.95397474e-06
95400 9.54000000e+03 -7.26606777e-06 5.23239169e-06 8.95397474e-06
95500 9.55000000e+03 -7.26606777e-06 5.23239169e-06 8.95397474e-06
95600 9.56000000e+03 -7.26606777e-06 5.23239169e-06 8.95397474e-06
95700 9.57000000e+03 -7.26606777e-06 5.23239169e-06 8.95397474e-06
95800 9.58000000e+03 -7.26606777e-06 5.23239169e-06 8.95397474e-06
95900 9.59000000e+03 -7.26606777e-06 5.23239169e-06 8.95397474e-06
96000 9.60000000e+03 -7.26606777e-06 5.23239169e-06 8.95397474e-06
96100 9.61000000e+03 -7.26606777e-06 5.23239169e-06 8.95397474e-06
96200 9.62000000e+03 -7.26606777e-06 5.23239169e-06 8.95397474e-06
96300 9.63000000e+03 -7.26606777e-06 5.23239169e-06 8.95397474e-06
96400 9.64000000e+03 -7.26606777e-06 5.23239169e-06 8.95397474e-06
96500 9.65000000e+03 -7.26606777e-06 5.23239169e-06 8.95397474e-06
96600 9.66000000e+03 -7.26606777e-06 5.23239169e-06 8.95397474e-06
96700 9.67000000e+03 -7.26606777e-06 5.23239169e-06 8.95397474e-06
96800 9.68000000e+03 -7.26606777e-06 5.23239169e-06 8.95397474e-06
96900 9.69000000e+03 -7.26606777e-06 5.23239169e-06 8.95397474e-06
97000 9.70000000e+03 -7.26606777e-06 5.23239169e-06 8.95397474e-06
97100 9.71000000e+03 -7.26606777e-06 5.23239169e-06 8.95397474e-06
97200 9.72000000e+03 -7.26606777e-06 5.23239169e-06 8.95397474e-06
97300 9.73000000e+03 -7.26606777e-06 5.23239169e-06 8.95397474e-06
97400 9.74000000e+03 -7.26606777e-06 5.23239169e-06 8.95397474e-06
97500 9.75000000e+03 -7.26606777e-06 5.23239169e-06 8.95397474e-06
97600 9.76000000e+03 -7.26606777e-06 5.23239169e-06 8.95397474e-06
97700 9.77000000e+03 -7.26606777e-06 5.23239169e-06 8.95397474e-06
97800 9.78000000e+03 -7.26606777e-06 5.23239169e-06 8.95397474e-06
97900 9.79000000e+03 -7.26606777e-06 5.23239169e-06 8.95397474e-06
98000 9.80000000e+03 -7.26606777e-06 5.23239169e-06 8.95397474e-06
98100 9.81000000e+03 -7.26606777e-06 5.23239169e-06 8.95397474e-06
98200 9.82000000e+03 -7.26606777e-06 5.23239169e-06 8.95397474e-06
98300 9.83000000e+03 -7.26606777e-06 5.23239169e-06 8.95397474e-06
98400 9.84000000e+03 -7.26606777e-06 5.23239169e-06 8.95397474e-06
98500 9.85000000e+03 -7.26606777e-06 5.23239169e-06 8.95397474e-06
98600 9.86000000e+03 -7.26606777e-06 5.23239169e-06 8.95397474e-06
98700 9.87000000e+03 -7.26606777e-06 5.23239169e-06 8.95397474e-06
98800 9.88000000e+03 -7.26606777e-06 5.23239169e-06 8.95397474e-06
98900 9.89000000e+03 -7.26606777e-06 5.23239169e-06 8.95397474e-06
99000 9.90000000e+03 -7.26606777e-06 5.23239169e-06 8.95397474e-06
99100 9.91000000e+03 -7.26606777e-06 5.23239169e-06 8.95397474e-06
99200 9.92000000e+03 -7.26606777e-06 5.23239169e-06 8.95397474e-06
99300 9.93000000e+03 -7.26606777e-06 5.23239169e-06 8.95397474e-06
99400 9.94000000e+03 -7.26606777e-06 5.23239169e-06 8.95397474e-06
99500 9.95000000e+03 -7.26606777e-06 5.23239169e-06 8.95397474e-06
99600 9.96000000e+03 -7.26606777e-06 5.23239169e-06 8.95397474e-06
99700 9.97000000e+03 -7.26606777e-06 5.23239169e-06 8.95397474e-06
99800 9.98000000e+03 -7.26606777e-06 5.23239169e-06 8.95397474e-06
99900 9.99000000e+03 -7.26606777e-06 5.23239169e-06 8.95397474e-06
100000 1.00000000e+04 -7.26606777e-06 5.23239169e-06 8.95397474e-06
