# step  t  vx_mean  vy_mean  vmag_mean
0 0.00000000e+00 2.01380393e-03 -1.67570799e-03 2.61980982e-03
100 1.00000000e+01 1.99477421e-03 -1.53840729e-03 2.51909133e-03
200 2.00000000e+01 1.92001613e-03 -1.69450743e-03 2.56082358e-03
300 3.00000000e+01 1.92319730e-03 -1.84847252e-03 2.66749667e-03
400 4.00000000e+01 1.90340914e-03 -1.62060442e-03 2.49986501e-03
500 5.00000000e+01 1.87543221e-03 -1.52339775e-03 2.41619260e-03
600 6.00000000e+01 1.86597847e-03 -1.58616994e-03 2.44904282e-03
700 7.00000000e+01 1.86801760e-03 -1.52283825e-03 2.41008840e-03
800 8.00000000e+01 1.81926624e-03 -1.41294557e-03 2.30350707e-03
900 9.00000000e+01 1.74764253e-03 -1.29054300e-03 2.17249986e-03
1000 1.00000000e+02 1.78086828e-03 -1.28324248e-03 2.19504057e-03
1100 1.10000000e+02 1.73046615e-03 -1.11393479e-03 2.05799995e-03
1200 1.20000000e+02 1.67891325e-03 -9.77142248e-04 1.94256446e-03
1300 1.30000000e+02 1.62820076e-03 -8.57362465e-04 1.84013807e-03
1400 1.40000000e+02 1.62213726e-03 -8.29551020e-04 1.82194517e-03
1500 1.50000000e+02 1.58650952e-03 -8.40969384e-04 1.79561743e-03
1600 1.60000000e+02 1.48654100e-03 -8.06045777e-04 1.69100974e-03
1700 1.70000000e+02 1.44879869e-03 -6.95647264e-04 1.60715362e-03
1800 1.80000000e+02 1.37305132e-03 -6.79067161e-04 1.53179703e-03
1900 1.90000000e+02 1.40875031e-03 -6.06954913e-04 1.53393993e-03
2000 2.00000000e+02 1.38070306e-03 -5.98680985e-04 1.50491191e-03
2100 2.10000000e+02 1.36742450e-03 -5.98107756e-04 1.49250884e-03
2200 2.20000000e+02 1.48092001e-03 -7.02439982e-04 1.63906864e-03
2300 2.30000000e+02 1.41678040e-03 -6.81140809e-04 1.57201130e-03
2400 2.40000000e+02 1.44227990e-03 -5.99544146e-04 1.56192973e-03
2500 2.50000000e+02 1.42886781e-03 -5.92990953e-04 1.54702989e-03
2600 2.60000000e+02 1.41328713e-03 -5.96255646e-04 1.53391698e-03
2700 2.70000000e+02 1.38518959e-03 -6.02329616e-04 1.51048044e-03
2800 2.80000000e+02 1.40091404e-03 -6.53392170e-04 1.54579477e-03
2900 2.90000000e+02 1.39297149e-03 -6.42253144e-04 1.53390309e-03
3000 3.00000000e+02 1.34529511e-03 -5.61220862e-04 1.45766518e-03
3100 3.10000000e+02 1.32393313e-03 -5.76698862e-04 1.44408466e-03
3200 3.20000000e+02 1.44027476e-03 -5.61061897e-04 1.54569785e-03
3300 3.30000000e+02 1.48249336e-03 -6.04183762e-04 1.60088244e-03
3400 3.40000000e+02 1.48147647e-03 -5.82928071e-04 1.59203570e-03
3500 3.50000000e+02 1.60703459e-03 -6.43994659e-04 1.73126812e-03
3600 3.60000000e+02 1.59751880e-03 -6.35446224e-04 1.71926095e-03
3700 3.70000000e+02 1.54338195e-03 -5.46893862e-04 1.63741282e-03
3800 3.80000000e+02 1.59799645e-03 -5.99764986e-04 1.70684232e-03
3900 3.90000000e+02 1.59934245e-03 -6.87188818e-04 1.74072535e-03
4000 4.00000000e+02 1.60423771e-03 -6.43524108e-04 1.72849701e-03
4100 4.10000000e+02 1.54898677e-03 -6.29405084e-04 1.67197810e-03
4200 4.20000000e+02 1.48288580e-03 -5.46695082e-04 1.58045114e-03
4300 4.30000000e+02 1.42281875e-03 -4.71552339e-04 1.49892455e-03
4400 4.40000000e+02 1.43514760e-03 -3.84631276e-04 1.48579603e-03
4500 4.50000000e+02 1.44366652e-03 -3.38898652e-04 1.48291110e-03
4600 4.60000000e+02 1.44858111e-03 -2.53462931e-04 1.47058855e-03
4700 4.70000000e+02 1.35146407e-03 -2.85896589e-04 1.38137323e-03
4800 4.80000000e+02 1.28832622e-03 -2.33303916e-04 1.30928040e-03
4900 4.90000000e+02 1.25288661e-03 -2.63470138e-04 1.28028956e-03
5000 5.00000000e+02 1.19538396e-03 -3.75837670e-04 1.25307492e-03
5100 5.10000000e+02 1.21382170e-03 -3.74863856e-04 1.27038814e-03
5200 5.20000000e+02 1.16843451e-03 -3.24460329e-04 1.21264740e-03
5300 5.30000000e+02 1.12495665e-03 -2.79787171e-04 1.15922746e-03
5400 5.40000000e+02 1.15340296e-03 -4.42650315e-04 1.23542612e-03
5500 5.50000000e+02 1.11817755e-03 -3.76586249e-04 1.17988908e-03
5600 5.60000000e+02 1.08037668e-03 -3.19870102e-04 1.12673451e-03
5700 5.70000000e+02 1.04307313e-03 -2.70383229e-04 1.07754752e-03
5800 5.80000000e+02 1.05561991e-03 -3.17734201e-04 1.10240121e-03
5900 5.90000000e+02 1.01305847e-03 -2.68926058e-04 1.04814536e-03
6000 6.00000000e+02 9.98590374e-04 -3.14808101e-04 1.04703719e-03
6100 6.10000000e+02 1.09629717e-03 -2.96938000e-04 1.13579913e-03
6200 6.20000000e+02 1.15677866e-03 -2.71669502e-04 1.18825131e-03
6300 6.30000000e+02 1.08405901e-03 -2.09024467e-04 1.10402680e-03
6400 6.40000000e+02 1.17048644e-03 -2.45826610e-04 1.19602226e-03
6500 6.50000000e+02 1.31704228e-03 -3.63074330e-04 1.36617105e-03
6600 6.60000000e+02 1.24180014e-03 -3.68984329e-04 1.29546016e-03
6700 6.70000000e+02 1.37881562e-03 -4.77841473e-04 1.45926865e-03
6800 6.80000000e+02 1.41562126e-03 -4.27884399e-04 1.47887410e-03
6900 6.90000000e+02 1.42610143e-03 -4.35180933e-04 1.49102238e-03
7000 7.00000000e+02 1.45349780e-03 -5.16508939e-04 1.54254249e-03
7100 7.10000000e+02 1.40147086e-03 -4.47456783e-04 1.47116897e-03
7200 7.20000000e+02 1.37475657e-03 -4.73485619e-04 1.45400972e-03
7300 7.30000000e+02 1.32639008e-03 -4.12158261e-04 1.38895107e-03
7400 7.40000000e+02 1.36995257e-03 -3.48746253e-04 1.41364564e-03
7500 7.50000000e+02 1.48433214e-03 -4.38297895e-04 1.54769084e-03
7600 7.60000000e+02 1.55977637e-03 -4.63258650e-04 1.62711736e-03
7700 7.70000000e+02 1.56823068e-03 -5.19946683e-04 1.65217797e-03
7800 7.80000000e+02 1.55117211e-03 -4.83746000e-04 1.62485234e-03
7900 7.90000000e+02 1.47877878e-03 -4.78254980e-04 1.55419256e-03
8000 8.00000000e+02 1.48123002e-03 -4.74017550e-04 1.55522828e-03
8100 8.10000000e+02 1.40960247e-03 -3.84106534e-04 1.46099861e-03
8200 8.20000000e+02 1.34678581e-03 -3.09257302e-04 1.38183649e-03
8300 8.30000000e+02 1.26581523e-03 -4.04019083e-04 1.32872857e-03
8400 8.40000000e+02 1.20843132e-03 -3.11721116e-04 1.24798891e-03
8500 8.50000000e+02 1.24459283e-03 -3.96403600e-04 1.30619567e-03
8600 8.60000000e+02 1.21134170e-03 -4.18469135e-04 1.28158696e-03
8700 8.70000000e+02 1.31185562e-03 -4.26870334e-04 1.37955915e-03
8800 8.80000000e+02 1.28693052e-03 -4.40949603e-04 1.36037742e-03
8900 8.90000000e+02 1.36213133e-03 -6.62901555e-04 1.51487301e-03
9000 9.00000000e+02 1.38066360e-03 -6.12813223e-04 1.51055355e-03
9100 9.10000000e+02 1.40717253e-03 -7.09556276e-04 1.57594563e-03
9200 9.20000000e+02 1.47804280e-03 -7.00305391e-04 1.63555439e-03
9300 9.30000000e+02 1.39509665e-03 -6.84735249e-04 1.55407755e-03
9400 9.40000000e+02 1.38076628e-03 -6.96282950e-04 1.54639111e-03
9500 9.50000000e+02 1.37952354e-03 -7.36899674e-04 1.56400330e-03
9600 9.60000000e+02 1.62227103e-03 -7.74162880e-04 1.79752370e-03
9700 9.70000000e+02 1.53804058e-03 -7.25010992e-04 1.70035578e-03
9800 9.80000000e+02 1.50689005e-03 -7.00222910e-04 1.66163466e-03
9900 9.90000000e+02 1.45770214e-03 -6.71883347e-04 1.60509275e-03
10000 1.00000000e+03 1.42606907e-03 -6.58698496e-04 1.57084585e-03
10100 1.01000000e+03 1.42038299e-03 -6.28749316e-04 1.55332339e-03
10200 1.02000000e+03 1.42498245e-03 -7.48934573e-04 1.60980681e-03
10300 1.03000000e+03 1.38718705e-03 -6.66547683e-04 1.53901713e-03
10400 1.04000000e+03 1.32765342e-03 -5.65074675e-04 1.44290436e-03
10500 1.05000000e+03 1.39113155e-03 -5.86677110e-04 1.50978045e-03
10600 1.06000000e+03 1.34921027e-03 -5.72052319e-04 1.46547338e-03
10700 1.07000000e+03 1.31979352e-03 -6.60793390e-04 1.47597522e-03
10800 1.08000000e+03 1.27423974e-03 -5.83755202e-04 1.40159090e-03
10900 1.09000000e+03 1.38586620e-03 -7.10177235e-04 1.55723371e-03
11000 1.10000000e+03 1.44745514e-03 -6.74985873e-04 1.59710122e-03
11100 1.11000000e+03 1.47331506e-03 -7.57835514e-04 1.65679568e-03
11200 1.12000000e+03 1.42272131e-03 -7.43073062e-04 1.60508364e-03
11300 1.13000000e+03 1.41489832e-03 -7.79914495e-04 1.61561254e-03
11400 1.14000000e+03 1.33152329e-03 -7.23258418e-04 1.51527457e-03
11500 1.15000000e+03 1.42282574e-03 -8.31930374e-04 1.64819332e-03
11600 1.16000000e+03 1.36122457e-03 -8.23119772e-04 1.59074149e-03
11700 1.17000000e+03 1.40434515e-03 -8.54187005e-04 1.64372161e-03
11800 1.18000000e+03 1.41737936e-03 -8.18059663e-04 1.63651638e-03
11900 1.19000000e+03 1.48003455e-03 -8.32445046e-04 1.69807745e-03
12000 1.20000000e+03 1.49895146e-03 -9.18844249e-04 1.75816104e-03
12100 1.21000000e+03 1.49657577e-03 -9.80807235e-04 1.78933560e-03
12200 1.22000000e+03 1.44191191e-03 -9.49341629e-04 1.72637177e-03
12300 1.23000000e+03 1.43193314e-03 -1.01225718e-03 1.75359548e-03
12400 1.24000000e+03 1.43911305e-03 -9.36157536e-04 1.71681021e-03
12500 1.25000000e+03 1.45857572e-03 -8.08530720e-04 1.66768254e-03
12600 1.26000000e+03 1.37785589e-03 -7.73998909e-04 1.58036742e-03
12700 1.27000000e+03 1.32866891e-03 -6.61199563e-04 1.48409768e-03
12800 1.28000000e+03 1.28062104e-03 -5.61996480e-04 1.39851003e-03
12900 1.29000000e+03 1.27684267e-03 -5.28388133e-04 1.38185427e-03
13000 1.30000000e+03 1.14215852e-03 -4.46053338e-04 1.22616870e-03
13100 1.31000000e+03 1.18704245e-03 -3.40967468e-04 1.23504194e-03
13200 1.32000000e+03 1.11402525e-03 -2.72976671e-04 1.14698235e-03
13300 1.33000000e+03 1.20709720e-03 -4.10354172e-04 1.27494086e-03
13400 1.34000000e+03 1.22758187e-03 -4.77739959e-04 1.31726714e-03
13500 1.35000000e+03 1.31037715e-03 -5.33061102e-04 1.41465275e-03
13600 1.36000000e+03 1.27423322e-03 -4.62462660e-04 1.35555967e-03
13700 1.37000000e+03 1.36771193e-03 -5.17373846e-04 1.46229669e-03
13800 1.38000000e+03 1.41159154e-03 -7.40671763e-04 1.59410957e-03
13900 1.39000000e+03 1.38668017e-03 -7.12319626e-04 1.55893591e-03
14000 1.40000000e+03 1.34385319e-03 -6.05106936e-04 1.47380318e-03
14100 1.41000000e+03 1.34981808e-03 -6.66691107e-04 1.50548526e-03
14200 1.42000000e+03 1.43699721e-03 -6.34436030e-04 1.57081827e-03
14300 1.43000000e+03 1.36775314e-03 -5.25154988e-04 1.46510628e-03
14400 1.44000000e+03 1.31458312e-03 -5.69415803e-04 1.43260711e-03
14500 1.45000000e+03 1.31272862e-03 -5.11709717e-04 1.40893693e-03
14600 1.46000000e+03 1.37469068e-03 -4.55374247e-04 1.44815060e-03
14700 1.47000000e+03 1.28849177e-03 -3.60987207e-04 1.33810418e-03
14800 1.48000000e+03 1.36679970e-03 -4.18463023e-04 1.42942391e-03
14900 1.49000000e+03 1.43755937e-03 -3.53214447e-04 1.48031666e-03
15000 1.50000000e+03 1.47000293e-03 -3.81926686e-04 1.51880762e-03
15100 1.51000000e+03 1.59514521e-03 -5.37828309e-04 1.68337385e-03
15200 1.52000000e+03 1.62765756e-03 -5.31513942e-04 1.71224304e-03
15300 1.53000000e+03 1.54273200e-03 -4.23090416e-04 1.59969608e-03
15400 1.54000000e+03 1.46223779e-03 -3.25449859e-04 1.49801768e-03
15500 1.55000000e+03 1.58696563e-03 -3.82872910e-04 1.63249857e-03
15600 1.56000000e+03 1.52701337e-03 -5.23615396e-04 1.61429332e-03
15700 1.57000000e+03 1.67229644e-03 -5.30787685e-04 1.75451159e-03
15800 1.58000000e+03 1.69521256e-03 -5.06455312e-04 1.76924916e-03
15900 1.59000000e+03 1.61286315e-03 -4.46895749e-04 1.67363179e-03
16000 1.60000000e+03 1.66831061e-03 -4.50554653e-04 1.72807980e-03
16100 1.61000000e+03 1.64273975e-03 -4.40670177e-04 1.70081865e-03
16200 1.62000000e+03 1.55391649e-03 -3.60283826e-04 1.59513664e-03
16300 1.63000000e+03 1.47492811e-03 -2.86539143e-04 1.50250378e-03
16400 1.64000000e+03 1.49592652e-03 -2.75328290e-04 1.52105287e-03
16500 1.65000000e+03 1.53271819e-03 -2.74976948e-04 1.55718893e-03
16600 1.66000000e+03 1.53192505e-03 -3.12460936e-04 1.56346609e-03
16700 1.67000000e+03 1.63367996e-03 -4.53625282e-04 1.69548993e-03
16800 1.68000000e+03 1.66120031e-03 -4.31943656e-04 1.71643869e-03
16900 1.69000000e+03 1.67880580e-03 -3.89317545e-04 1.72335634e-03
17000 1.70000000e+03 1.52902980e-03 -2.78859312e-04 1.55425051e-03
17100 1.71000000e+03 1.49526307e-03 -2.23062656e-04 1.51180971e-03
17200 1.72000000e+03 1.42815372e-03 -1.00774872e-04 1.43170479e-03
17300 1.73000000e+03 1.30295288e-03 -3.48400936e-05 1.30341860e-03
17400 1.74000000e+03 1.29256898e-03 -2.07383666e-04 1.30909990e-03
17500 1.75000000e+03 1.26760255e-03 -1.74336281e-04 1.27953482e-03
17600 1.76000000e+03 1.24104915e-03 -2.48110387e-04 1.26560727e-03
17700 1.77000000e+03 1.19216740e-03 -3.53468669e-04 1.24346420e-03
17800 1.78000000e+03 1.16375403e-03 -3.38827493e-04 1.21207570e-03
17900 1.79000000e+03 1.22665265e-03 -3.31513147e-04 1.27066033e-03
18000 1.80000000e+03 1.26756530e-03 -3.57161334e-04 1.31692293e-03
18100 1.81000000e+03 1.37413200e-03 -4.70917614e-04 1.45258465e-03
18200 1.82000000e+03 1.30460225e-03 -4.67724836e-04 1.38591253e-03
18300 1.83000000e+03 1.23365922e-03 -4.64804965e-04 1.31831663e-03
18400 1.84000000e+03 1.32215279e-03 -6.30400318e-04 1.46475000e-03
18500 1.85000000e+03 1.31930609e-03 -5.74693200e-04 1.43904164e-03
18600 1.86000000e+03 1.26751082e-03 -4.61164454e-04 1.34879810e-03
18700 1.87000000e+03 1.21091655e-03 -3.65600601e-04 1.26490423e-03
18800 1.88000000e+03 1.22205727e-03 -2.79355532e-04 1.25358026e-03
18900 1.89000000e+03 1.15700567e-03 -2.97725055e-04 1.19469759e-03
19000 1.90000000e+03 1.09723385e-03 -2.30944934e-04 1.12127503e-03
19100 1.91000000e+03 1.18136883e-03 -2.82862631e-04 1.21476071e-03
19200 1.92000000e+03 1.30419398e-03 -2.88609881e-04 1.33574609e-03
19300 1.93000000e+03 1.45031034e-03 -4.53148736e-04 1.51945512e-03
19400 1.94000000e+03 1.41971721e-03 -5.04400057e-04 1.50665735e-03
19500 1.95000000e+03 1.52285211e-03 -5.53414633e-04 1.62029204e-03
19600 1.96000000e+03 1.50786678e-03 -4.33711073e-04 1.56900208e-03
19700 1.97000000e+03 1.65965245e-03 -4.60276147e-04 1.72229509e-03
19800 1.98000000e+03 1.73725595e-03 -5.34803898e-04 1.81771105e-03
19900 1.99000000e+03 1.57297612e-03 -6.18898775e-04 1.69035191e-03
20000 2.00000000e+03 1.56792765e-03 -7.01929035e-04 1.71787703e-03
20100 2.01000000e+03 1.46942248e-03 -5.71977173e-04 1.57681968e-03
20200 2.02000000e+03 1.43556949e-03 -5.19004476e-04 1.52650758e-03
20300 2.03000000e+03 1.30780193e-03 -4.79958777e-04 1.39309235e-03
20400 2.04000000e+03 1.23373501e-03 -3.84417624e-04 1.29223797e-03
20500 2.05000000e+03 1.23741443e-03 -3.62180115e-04 1.28932886e-03
20600 2.06000000e+03 1.39198243e-03 -4.52179171e-04 1.46358501e-03
20700 2.07000000e+03 1.31702039e-03 -3.64171545e-04 1.36644196e-03
20800 2.08000000e+03 1.31431338e-03 -2.93815683e-04 1.34675437e-03
20900 2.09000000e+03 1.27422705e-03 -2.84417358e-04 1.30558332e-03
21000 2.10000000e+03 1.31654146e-03 -2.73612764e-04 1.34467295e-03
21100 2.11000000e+03 1.24036253e-03 -2.77524901e-04 1.27103079e-03
21200 2.12000000e+03 1.16475625e-03 -1.97587753e-04 1.18139665e-03
21300 2.13000000e+03 1.12619915e-03 -3.33721691e-04 1.17460405e-03
21400 2.14000000e+03 1.10548979e-03 -4.02301870e-04 1.17641594e-03
21500 2.15000000e+03 1.04859192e-03 -3.05254536e-04 1.09211966e-03
21600 2.16000000e+03 1.10393751e-03 -3.39396036e-04 1.15493190e-03
21700 2.17000000e+03 1.07043399e-03 -3.29197472e-04 1.11991067e-03
21800 2.18000000e+03 1.07838179e-03 -3.10736010e-04 1.12225850e-03
21900 2.19000000e+03 1.09321170e-03 -2.88750249e-04 1.13070267e-03
22000 2.20000000e+03 1.02684950e-03 -2.09366583e-04 1.04797626e-03
22100 2.21000000e+03 9.62838007e-04 -1.39175128e-04 9.72844666e-04
22200 2.22000000e+03 1.01669622e-03 -2.02452982e-04 1.03665732e-03
22300 2.23000000e+03 9.72286856e-04 -2.35485495e-04 1.00039750e-03
22400 2.24000000e+03 9.39843536e-04 -2.77489307e-04 9.79952135e-04
22500 2.25000000e+03 1.06525770e-03 -4.55780362e-04 1.15866721e-03
22600 2.26000000e+03 9.57163807e-04 -5.05948556e-04 1.08265715e-03
22700 2.27000000e+03 1.08583178e-03 -4.49513114e-04 1.17519901e-03
22800 2.28000000e+03 1.12617691e-03 -4.44176578e-04 1.21060616e-03
22900 2.29000000e+03 1.22010929e-03 -5.07959456e-04 1.32162381e-03
23000 2.30000000e+03 1.17416866e-03 -4.58532886e-04 1.26052547e-03
23100 2.31000000e+03 1.10298244e-03 -3.40379105e-04 1.15430854e-03
23200 2.32000000e+03 1.09832466e-03 -3.12674470e-04 1.14196427e-03
23300 2.33000000e+03 1.09138608e-03 -2.91662844e-04 1.12968614e-03
23400 2.34000000e+03 1.02030672e-03 -2.15311185e-04 1.04277740e-03
23500 2.35000000e+03 1.02730514e-03 -1.96692999e-04 1.04596558e-03
23600 2.36000000e+03 9.57484532e-04 -1.23861988e-04 9.65462801e-04
23700 2.37000000e+03 9.57719574e-04 -8.84103501e-05 9.61791647e-04
23800 2.38000000e+03 8.93017510e-04 -1.18474694e-04 9.00842121e-04
23900 2.39000000e+03 8.27012234e-04 -5.75527665e-05 8.29012398e-04
24000 2.40000000e+03 7.66890473e-04 -1.24816688e-05 7.66992040e-04
24100 2.41000000e+03 7.11522182e-04 2.43563045e-05 7.11938933e-04
24200 2.42000000e+03 8.70773278e-04 1.19777269e-05 8.70855652e-04
24300 2.43000000e+03 8.57646461e-04 -2.24004052e-05 8.57938943e-04
24400 2.44000000e+03 8.73769633e-04 -2.88099873e-05 8.74244467e-04
24500 2.45000000e+03 8.23454466e-04 -8.25920288e-05 8.27586068e-04
24600 2.46000000e+03 9.55482188e-04 -1.61600139e-04 9.69051504e-04
24700 2.47000000e+03 1.04637875e-03 -1.69970022e-04 1.06009353e-03
24800 2.48000000e+03 9.54235205e-04 -1.00647427e-04 9.59528390e-04
24900 2.49000000e+03 9.51258175e-04 -1.06093488e-04 9.57156175e-04
25000 2.50000000e+03 9.49479640e-04 -8.30183417e-05 9.53102109e-04
25100 2.51000000e+03 1.01473741e-03 -2.65425799e-04 1.04887696e-03
25200 2.52000000e+03 9.64305247e-04 -1.92454230e-04 9.83322552e-04
25300 2.53000000e+03 9.99064650e-04 -3.60908074e-04 1.06225459e-03
25400 2.54000000e+03 1.07128941e-03 -4.02927340e-04 1.14455732e-03
25500 2.55000000e+03 1.20057887e-03 -4.97362460e-04 1.29952262e-03
25600 2.56000000e+03 1.15550566e-03 -4.17096249e-04 1.22847979e-03
25700 2.57000000e+03 1.15134020e-03 -4.21338424e-04 1.22601400e-03
25800 2.58000000e+03 1.10415125e-03 -3.44162399e-04 1.15654560e-03
25900 2.59000000e+03 1.05280022e-03 -2.73252343e-04 1.08768338e-03
26000 2.60000000e+03 1.11178716e-03 -4.52328270e-04 1.20027978e-03
26100 2.61000000e+03 1.22780015e-03 -5.80463558e-04 1.35809836e-03
26200 2.62000000e+03 1.27113692e-03 -7.36559741e-04 1.46911855e-03
26300 2.63000000e+03 1.37381395e-03 -7.19262345e-04 1.55071051e-03
26400 2.64000000e+03 1.33912358e-03 -7.53198343e-04 1.53641131e-03
26500 2.65000000e+03 1.29263184e-03 -6.39169477e-04 1.44202452e-03
26600 2.66000000e+03 1.29654887e-03 -6.71896094e-04 1.46030248e-03
26700 2.67000000e+03 1.31812040e-03 -6.65990170e-04 1.47681559e-03
26800 2.68000000e+03 1.34463562e-03 -7.27478531e-04 1.52881325e-03
26900 2.69000000e+03 1.37570535e-03 -6.53714756e-04 1.52312449e-03
27000 2.70000000e+03 1.38245826e-03 -6.22719410e-04 1.51623557e-03
27100 2.71000000e+03 1.33358163e-03 -5.30895311e-04 1.43537096e-03
27200 2.72000000e+03 1.28440442e-03 -4.46416467e-04 1.35977292e-03
27300 2.73000000e+03 1.29881152e-03 -3.97297059e-04 1.35821807e-03
27400 2.74000000e+03 1.38705538e-03 -5.03186893e-04 1.47550658e-03
27500 2.75000000e+03 1.41282787e-03 -5.51105011e-04 1.51650893e-03
27600 2.76000000e+03 1.35110889e-03 -4.35797207e-04 1.41965293e-03
27700 2.77000000e+03 1.35685084e-03 -3.34196055e-04 1.39740159e-03
27800 2.78000000e+03 1.36090000e-03 -3.66064050e-04 1.40927347e-03
27900 2.79000000e+03 1.41286338e-03 -4.27047547e-04 1.47599205e-03
28000 2.80000000e+03 1.34753052e-03 -3.52959643e-04 1.39298923e-03
28100 2.81000000e+03 1.36188220e-03 -2.64318776e-04 1.38729504e-03
28200 2.82000000e+03 1.27793965e-03 -2.03627773e-04 1.29406106e-03
28300 2.83000000e+03 1.27772882e-03 -1.64932440e-04 1.28832979e-03
28400 2.84000000e+03 1.32104417e-03 -1.63982113e-04 1.33118287e-03
28500 2.85000000e+03 1.33221783e-03 -1.01899612e-04 1.33610923e-03
28600 2.86000000e+03 1.23671477e-03 -3.86579268e-05 1.23731882e-03
28700 2.87000000e+03 1.17866811e-03 -5.74332917e-05 1.18006657e-03
28800 2.88000000e+03 1.30113412e-03 -4.93860352e-05 1.30207104e-03
28900 2.89000000e+03 1.39764906e-03 -4.28557869e-05 1.39830594e-03
29000 2.90000000e+03 1.35191344e-03 5.04417994e-06 1.35192285e-03
29100 2.91000000e+03 1.31911656e-03 2.35002935e-05 1.31932588e-03
29200 2.92000000e+03 1.33882556e-03 2.06976692e-05 1.33898554e-03
29300 2.93000000e+03 1.27019489e-03 -4.76807327e-06 1.27020384e-03
29400 2.94000000e+03 1.16976630e-03 -1.14033064e-04 1.17531134e-03
29500 2.95000000e+03 1.24687213e-03 -1.62852200e-04 1.25746210e-03
29600 2.96000000e+03 1.23873586e-03 -1.79078590e-04 1.25161323e-03
29700 2.97000000e+03 1.35209050e-03 -1.96132169e-04 1.36624177e-03
29800 2.98000000e+03 1.30714278e-03 -1.28538479e-04 1.31344752e-03
29900 2.99000000e+03 1.25310896e-03 -6.22848602e-05 1.25465592e-03
30000 3.00000000e+03 1.37396227e-03 -1.19578224e-04 1.37915600e-03
30100 3.01000000e+03 1.35067175e-03 -2.03205942e-04 1.36587219e-03
30200 3.02000000e+03 1.34160940e-03 -1.97735906e-04 1.35610297e-03
30300 3.03000000e+03 1.35399145e-03 -2.62272049e-04 1.37915897e-03
30400 3.04000000e+03 1.32789847e-03 -2.54020764e-04 1.35197666e-03
30500 3.05000000e+03 1.37135305e-03 -3.31727730e-04 1.41090484e-03
30600 3.06000000e+03 1.28298311e-03 -2.43425922e-04 1.30587206e-03
30700 3.07000000e+03 1.28784589e-03 -2.92551151e-04 1.32065636e-03
30800 3.08000000e+03 1.28268125e-03 -2.25393931e-04 1.30233391e-03
30900 3.09000000e+03 1.39975315e-03 -2.62691407e-04 1.42418947e-03
31000 3.10000000e+03 1.30678830e-03 -1.94525492e-04 1.32118728e-03
31100 3.11000000e+03 1.40551105e-03 -4.10413137e-04 1.46420636e-03
31200 3.12000000e+03 1.32479658e-03 -3.32274823e-04 1.36583035e-03
31300 3.13000000e+03 1.25650107e-03 -2.62067741e-04 1.28353981e-03
31400 3.14000000e+03 1.19141222e-03 -1.97456393e-04 1.20766390e-03
31500 3.15000000e+03 1.29232416e-03 -1.66410362e-04 1.30299430e-03
31600 3.16000000e+03 1.29471626e-03 -1.20285913e-04 1.30029185e-03
31700 3.17000000e+03 1.32032065e-03 -3.80393729e-04 1.37402547e-03
31800 3.18000000e+03 1.29410019e-03 -3.47914349e-04 1.34005213e-03
31900 3.19000000e+03 1.30032259e-03 -3.44850036e-04 1.34527335e-03
32000 3.20000000e+03 1.29569019e-03 -3.30026989e-04 1.33706054e-03
32100 3.21000000e+03 1.23023556e-03 -2.60996429e-04 1.25761627e-03
32200 3.22000000e+03 1.16508221e-03 -1.96801921e-04 1.18158688e-03
32300 3.23000000e+03 1.17878977e-03 -2.20213362e-04 1.19918274e-03
32400 3.24000000e+03 1.12928473e-03 -2.35324784e-04 1.15354313e-03
32500 3.25000000e+03 1.21776597e-03 -5.45354385e-04 1.33430332e-03
32600 3.26000000e+03 1.25035935e-03 -4.72089916e-04 1.33651314e-03
32700 3.27000000e+03 1.34060986e-03 -4.28759726e-04 1.40750478e-03
32800 3.28000000e+03 1.32967369e-03 -4.78328730e-04 1.41309253e-03
32900 3.29000000e+03 1.48022582e-03 -5.01877454e-04 1.56299375e-03
33000 3.30000000e+03 1.46174943e-03 -7.22141587e-04 1.63039868e-03
33100 3.31000000e+03 1.47727143e-03 -5.92682394e-04 1.59172966e-03
33200 3.32000000e+03 1.47529249e-03 -5.01395785e-04 1.55816741e-03
33300 3.33000000e+03 1.39359874e-03 -4.01171099e-04 1.45019160e-03
33400 3.34000000e+03 1.43136212e-03 -3.09363299e-04 1.46441223e-03
33500 3.35000000e+03 1.38699287e-03 -2.82849476e-04 1.41553984e-03
33600 3.36000000e+03 1.43442862e-03 -4.34715417e-04 1.49885388e-03
33700 3.37000000e+03 1.36821216e-03 -4.21260193e-04 1.43159515e-03
33800 3.38000000e+03 1.38252135e-03 -3.63181025e-04 1.42942847e-03
33900 3.39000000e+03 1.33076799e-03 -3.63149389e-04 1.37942775e-03
34000 3.40000000e+03 1.25753414e-03 -2.75571540e-04 1.28737399e-03
34100 3.41000000e+03 1.25620177e-03 -2.63243041e-04 1.28348735e-03
34200 3.42000000e+03 1.24452868e-03 -2.61667970e-04 1.27173966e-03
34300 3.43000000e+03 1.17573747e-03 -1.97452202e-04 1.19220216e-03
34400 3.44000000e+03 1.26172905e-03 -1.27783715e-04 1.26818329e-03
34500 3.45000000e+03 1.32179679e-03 -2.33151935e-04 1.34220214e-03
34600 3.46000000e+03 1.25588349e-03 -1.76450863e-04 1.26821853e-03
34700 3.47000000e+03 1.42792845e-03 -3.27331451e-04 1.46496605e-03
34800 3.48000000e+03 1.57229905e-03 -3.30874464e-04 1.60673651e-03
34900 3.49000000e+03 1.51870702e-03 -2.99905922e-04 1.54803572e-03
35000 3.50000000e+03 1.42965105e-03 -3.37608653e-04 1.46897302e-03
35100 3.51000000e+03 1.42925757e-03 -4.98561538e-04 1.51371754e-03
35200 3.52000000e+03 1.40030752e-03 -4.77346795e-04 1.47943270e-03
35300 3.53000000e+03 1.49223278e-03 -5.86640730e-04 1.60340451e-03
35400 3.54000000e+03 1.41497143e-03 -4.73734981e-04 1.49216922e-03
35500 3.55000000e+03 1.35009922e-03 -3.83249135e-04 1.40344142e-03
35600 3.56000000e+03 1.28036924e-03 -3.74593597e-04 1.33404113e-03
35700 3.57000000e+03 1.30027684e-03 -3.40925442e-04 1.34422841e-03
35800 3.58000000e+03 1.24624558e-03 -2.66776769e-04 1.27447946e-03
35900 3.59000000e+03 1.19084353e-03 -2.00087889e-04 1.20753611e-03
36000 3.60000000e+03 1.17676251e-03 -1.91144238e-04 1.19218544e-03
36100 3.61000000e+03 1.19661004e-03 -2.79761269e-04 1.22887833e-03
36200 3.62000000e+03 1.18701835e-03 -2.33675033e-04 1.20980023e-03
36300 3.63000000e+03 1.06266444e-03 -2.11601189e-04 1.08352700e-03
36400 3.64000000e+03 1.09043042e-03 -1.81180731e-04 1.10538001e-03
36500 3.65000000e+03 1.02762901e-03 -2.48877273e-04 1.05733688e-03
36600 3.66000000e+03 9.83275939e-04 -1.69342777e-04 9.97751747e-04
36700 3.67000000e+03 9.35311546e-04 -1.05022227e-04 9.41189330e-04
36800 3.68000000e+03 9.39191319e-04 -1.25062652e-04 9.47481399e-04
36900 3.69000000e+03 9.66627151e-04 -3.06933303e-04 1.01418741e-03
37000 3.70000000e+03 1.00190029e-03 -3.00377782e-04 1.04595937e-03
37100 3.71000000e+03 1.05592492e-03 -3.10315343e-04 1.10057851e-03
37200 3.72000000e+03 9.95768467e-04 -2.34504230e-04 1.02300883e-03
37300 3.73000000e+03 9.38021054e-04 -2.54069950e-04 9.71820476e-04
37400 3.74000000e+03 1.06888427e-03 -3.88785673e-04 1.13739522e-03
37500 3.75000000e+03 1.02721667e-03 -3.13931581e-04 1.07411690e-03
37600 3.76000000e+03 1.03111053e-03 -4.17379168e-04 1.11238226e-03
37700 3.77000000e+03 1.07280095e-03 -4.14530572e-04 1.15010325e-03
37800 3.78000000e+03 1.00335642e-03 -4.31911263e-04 1.09236964e-03
37900 3.79000000e+03 9.72261187e-04 -3.56274744e-04 1.03548226e-03
38000 3.80000000e+03 9.35236458e-04 -2.93425139e-04 9.80186484e-04
38100 3.81000000e+03 1.00138469e-03 -3.80495534e-04 1.07123674e-03
38200 3.82000000e+03 1.08389359e-03 -4.48545557e-04 1.17303812e-03
38300 3.83000000e+03 1.04573776e-03 -3.75003554e-04 1.11094336e-03
38400 3.84000000e+03 1.05984136e-03 -4.34633170e-04 1.14549976e-03
38500 3.85000000e+03 1.06105662e-03 -4.40849457e-04 1.14899495e-03
38600 3.86000000e+03 1.16679713e-03 -4.90978186e-04 1.26588906e-03
38700 3.87000000e+03 1.12006755e-03 -4.10468812e-04 1.19291071e-03
38800 3.88000000e+03 1.08042650e-03 -3.39816790e-04 1.13260623e-03
38900 3.89000000e+03 1.04097812e-03 -2.76049890e-04 1.07695822e-03
39000 3.90000000e+03 1.00069644e-03 -2.18986010e-04 1.02437700e-03
39100 3.91000000e+03 1.03745318e-03 -3.71703587e-04 1.10203116e-03
39200 3.92000000e+03 1.06242776e-03 -3.32485564e-04 1.11323825e-03
39300 3.93000000e+03 1.23865833e-03 -3.85007530e-04 1.29711420e-03
39400 3.94000000e+03 1.25129230e-03 -5.27843775e-04 1.35806902e-03
39500 3.95000000e+03 1.41917611e-03 -4.87286830e-04 1.50050302e-03
39600 3.96000000e+03 1.49840163e-03 -5.05042437e-04 1.58122589e-03
39700 3.97000000e+03 1.46842946e-03 -4.92088671e-04 1.54868859e-03
39800 3.98000000e+03 1.39537512e-03 -4.62564552e-04 1.47004683e-03
39900 3.99000000e+03 1.38518447e-03 -4.30424960e-04 1.45051772e-03
40000 4.00000000e+03 1.42554170e-03 -3.93752649e-04 1.47892201e-03
40100 4.01000000e+03 1.47923396e-03 -4.65032470e-04 1.55060902e-03
40200 4.02000000e+03 1.38149341e-03 -4.23420104e-04 1.44492512e-03
40300 4.03000000e+03 1.39158603e-03 -3.61368991e-04 1.43774102e-03
40400 4.04000000e+03 1.39179046e-03 -3.09458352e-04 1.42577879e-03
40500 4.05000000e+03 1.38838263e-03 -2.70192220e-04 1.41442927e-03
40600 4.06000000e+03 1.39077380e-03 -2.32545251e-04 1.41008123e-03
40700 4.07000000e+03 1.39644137e-03 -1.62950761e-04 1.40591658e-03
40800 4.08000000e+03 1.49900676e-03 -2.36100997e-04 1.51748639e-03
40900 4.09000000e+03 1.53571810e-03 -4.75631590e-04 1.60768638e-03
41000 4.10000000e+03 1.42378383e-03 -3.47330555e-04 1.46553707e-03
41100 4.11000000e+03 1.40426599e-03 -3.00650543e-04 1.43608973e-03
41200 4.12000000e+03 1.35707727e-03 -3.84113082e-04 1.41039058e-03
41300 4.13000000e+03 1.29392161e-03 -4.40789445e-04 1.36694128e-03
41400 4.14000000e+03 1.23985915e-03 -3.34243523e-04 1.28412205e-03
41500 4.15000000e+03 1.20405201e-03 -4.30933957e-04 1.27884531e-03
41600 4.16000000e+03 1.21807586e-03 -4.35568247e-04 1.29361065e-03
41700 4.17000000e+03 1.16795988e-03 -3.49146372e-04 1.21902973e-03
41800 4.18000000e+03 1.11880910e-03 -2.76254024e-04 1.15241056e-03
41900 4.19000000e+03 1.12047081e-03 -4.46005142e-04 1.20597489e-03
42000 4.20000000e+03 1.14361919e-03 -4.84867574e-04 1.24215998e-03
42100 4.21000000e+03 1.04282110e-03 -4.60195879e-04 1.13984915e-03
42200 4.22000000e+03 1.14163978e-03 -4.73964057e-04 1.23611622e-03
42300 4.23000000e+03 1.09357235e-03 -4.03104990e-04 1.16550166e-03
42400 4.24000000e+03 1.20332814e-03 -5.89373405e-04 1.33991030e-03
42500 4.25000000e+03 1.20821921e-03 -5.83668763e-04 1.34181328e-03
42600 4.26000000e+03 1.16379664e-03 -5.01404516e-04 1.26721312e-03
42700 4.27000000e+03 1.16641552e-03 -6.39142236e-04 1.33004810e-03
42800 4.28000000e+03 1.19393214e-03 -6.80910074e-04 1.37444989e-03
42900 4.29000000e+03 1.41180900e-03 -8.38524138e-04 1.64204975e-03
43000 4.30000000e+03 1.35931780e-03 -9.35348333e-04 1.65003678e-03
43100 4.31000000e+03 1.32275431e-03 -7.93342828e-04 1.54242400e-03
43200 4.32000000e+03 1.28102861e-03 -6.75218005e-04 1.44808621e-03
43300 4.33000000e+03 1.39515067e-03 -7.70352548e-04 1.59370275e-03
43400 4.34000000e+03 1.35032192e-03 -6.43163803e-04 1.49567008e-03
43500 4.35000000e+03 1.26193091e-03 -5.87823859e-04 1.39212303e-03
43600 4.36000000e+03 1.35069154e-03 -5.62767265e-04 1.46324114e-03
43700 4.37000000e+03 1.38837355e-03 -4.46284161e-04 1.45833833e-03
43800 4.38000000e+03 1.33029651e-03 -3.59452184e-04 1.37800387e-03
43900 4.39000000e+03 1.42426265e-03 -3.68875248e-04 1.47125560e-03
44000 4.40000000e+03 1.35624048e-03 -2.79015425e-04 1.38464358e-03
44100 4.41000000e+03 1.31712027e-03 -4.11478104e-04 1.37989856e-03
44200 4.42000000e+03 1.31725776e-03 -3.93798575e-04 1.37486193e-03
44300 4.43000000e+03 1.30006636e-03 -3.96615796e-04 1.35921913e-03
44400 4.44000000e+03 1.40250707e-03 -7.98017019e-04 1.61364719e-03
44500 4.45000000e+03 1.39747304e-03 -8.04467127e-04 1.61248202e-03
44600 4.46000000e+03 1.51192921e-03 -8.75086174e-04 1.74691320e-03
44700 4.47000000e+03 1.52887963e-03 -8.20016488e-04 1.73490633e-03
44800 4.48000000e+03 1.53541798e-03 -7.65125791e-04 1.71549580e-03
44900 4.49000000e+03 1.59421179e-03 -7.59314920e-04 1.76580587e-03
45000 4.50000000e+03 1.69965799e-03 -7.35339301e-04 1.85190745e-03
45100 4.51000000e+03 1.63143466e-03 -6.34300523e-04 1.75040458e-03
45200 4.52000000e+03 1.54329429e-03 -7.06811494e-04 1.69745096e-03
45300 4.53000000e+03 1.51914358e-03 -6.72830152e-04 1.66147454e-03
45400 4.54000000e+03 1.46507472e-03 -5.82438835e-04 1.57660360e-03
45500 4.55000000e+03 1.45788270e-03 -5.58222178e-04 1.56110024e-03
45600 4.56000000e+03 1.44614698e-03 -5.35042491e-04 1.54195057e-03
45700 4.57000000e+03 1.44843443e-03 -5.75841928e-04 1.55870338e-03
45800 4.58000000e+03 1.44041225e-03 -5.28238015e-04 1.53421734e-03
45900 4.59000000e+03 1.38379214e-03 -7.45434663e-04 1.57179946e-03
46000 4.60000000e+03 1.34277577e-03 -6.47568610e-04 1.49076888e-03
46100 4.61000000e+03 1.37685891e-03 -6.23180647e-04 1.51132213e-03
46200 4.62000000e+03 1.34143315e-03 -6.68305263e-04 1.49869103e-03
46300 4.63000000e+03 1.29664992e-03 -5.70015400e-04 1.41641045e-03
46400 4.64000000e+03 1.30194821e-03 -6.18246617e-04 1.44128347e-03
46500 4.65000000e+03 1.24950497e-03 -5.32336999e-04 1.35817722e-03
46600 4.66000000e+03 1.19710178e-03 -4.53558023e-04 1.28014357e-03
46700 4.67000000e+03 1.14584027e-03 -3.81987193e-04 1.20783449e-03
46800 4.68000000e+03 1.18030363e-03 -4.32190107e-04 1.25694270e-03
46900 4.69000000e+03 1.09941140e-03 -4.33809939e-04 1.18190375e-03
47000 4.70000000e+03 1.05429650e-03 -3.65315937e-04 1.11579427e-03
47100 4.71000000e+03 1.00902282e-03 -3.05018271e-04 1.05411726e-03
47200 4.72000000e+03 9.64208797e-04 -2.50941928e-04 9.96328488e-04
47300 4.73000000e+03 9.20359045e-04 -2.02372888e-04 9.42345774e-04
47400 4.74000000e+03 8.77753831e-04 -1.58735638e-04 8.91991475e-04
47500 4.75000000e+03 8.92794807e-04 -1.93902408e-04 9.13608621e-04
47600 4.76000000e+03 9.38584213e-04 -1.92031555e-04 9.58027371e-04
47700 4.77000000e+03 9.73432558e-04 -1.54267604e-04 9.85580762e-04
47800 4.78000000e+03 9.69397253e-04 -1.85989571e-04 9.87078090e-04
47900 4.79000000e+03 9.19996179e-04 -1.37714436e-04 9.30246330e-04
48000 4.80000000e+03 8.72709265e-04 -9.64214560e-05 8.78019679e-04
48100 4.81000000e+03 9.82396188e-04 -3.58123682e-04 1.04563609e-03
48200 4.82000000e+03 1.05059356e-03 -4.60712035e-04 1.14717149e-03
48300 4.83000000e+03 1.19573134e-03 -5.92239201e-04 1.33436154e-03
48400 4.84000000e+03 1.16075226e-03 -5.28446399e-04 1.27538285e-03
48500 4.85000000e+03 1.19836675e-03 -4.64107608e-04 1.28509873e-03
48600 4.86000000e+03 1.21546979e-03 -4.73710505e-04 1.30451848e-03
48700 4.87000000e+03 1.33694091e-03 -6.94592367e-04 1.50660863e-03
48800 4.88000000e+03 1.43792934e-03 -6.48189685e-04 1.57727317e-03
48900 4.89000000e+03 1.36861135e-03 -5.66588249e-04 1.48125598e-03
49000 4.90000000e+03 1.37707056e-03 -5.50217577e-04 1.48292370e-03
49100 4.91000000e+03 1.31918921e-03 -4.72341490e-04 1.40120186e-03
49200 4.92000000e+03 1.33952778e-03 -4.29824664e-04 1.40679917e-03
49300 4.93000000e+03 1.43377855e-03 -5.54645667e-04 1.53731999e-03
49400 4.94000000e+03 1.35383732e-03 -4.62926371e-04 1.43079569e-03
49500 4.95000000e+03 1.28874183e-03 -3.87403619e-04 1.34571062e-03
49600 4.96000000e+03 1.22832169e-03 -3.22029315e-04 1.26983348e-03
49700 4.97000000e+03 1.35191565e-03 -4.47277620e-04 1.42398497e-03
49800 4.98000000e+03 1.35832303e-03 -4.60683339e-04 1.43431886e-03
49900 4.99000000e+03 1.30710052e-03 -3.99843411e-04 1.36688936e-03
50000 5.00000000e+03 1.25598279e-03 -3.42279964e-04 1.30178659e-03
50100 5.01000000e+03 1.38717948e-03 -3.99493845e-04 1.44355888e-03
50200 5.02000000e+03 1.41316745e-03 -3.84503830e-04 1.46454274e-03
50300 5.03000000e+03 1.40391092e-03 -3.68307752e-04 1.45141878e-03
50400 5.04000000e+03 1.39023259e-03 -3.84227256e-04 1.44235129e-03
50500 5.05000000e+03 1.32554618e-03 -3.28438065e-04 1.36562961e-03
50600 5.06000000e+03 1.26599963e-03 -2.77873391e-04 1.29613606e-03
50700 5.07000000e+03 1.21144706e-03 -2.32486113e-04 1.23355331e-03
50800 5.08000000e+03 1.22900144e-03 -1.62883385e-04 1.23974818e-03
50900 5.09000000e+03 1.16567314e-03 -1.29855980e-04 1.17288381e-03
51000 5.10000000e+03 1.18103228e-03 -1.44741804e-04 1.18986866e-03
51100 5.11000000e+03 1.10486383e-03 -1.86157413e-04 1.12043682e-03
51200 5.12000000e+03 1.26691977e-03 -3.03264969e-04 1.30271077e-03
51300 5.13000000e+03 1.30486407e-03 -4.14492621e-04 1.36911445e-03
51400 5.14000000e+03 1.40129274e-03 -3.69413843e-04 1.44916802e-03
51500 5.15000000e+03 1.45732798e-03 -3.66903667e-04 1.50280509e-03
51600 5.16000000e+03 1.61975319e-03 -3.51576484e-04 1.65746989e-03
51700 5.17000000e+03 1.59651251e-03 -3.85994063e-04 1.64251137e-03
51800 5.18000000e+03 1.51935546e-03 -3.04941816e-04 1.54965497e-03
51900 5.19000000e+03 1.50336674e-03 -3.13765166e-04 1.53576045e-03
52000 5.20000000e+03 1.45714392e-03 -3.43527092e-04 1.49709027e-03
52100 5.21000000e+03 1.43802864e-03 -3.61167127e-04 1.48268947e-03
52200 5.22000000e+03 1.41694432e-03 -3.19871935e-04 1.45260086e-03
52300 5.23000000e+03 1.36155973e-03 -3.16386140e-04 1.39783586e-03
52400 5.24000000e+03 1.36251701e-03 -3.03307024e-04 1.39586810e-03
52500 5.25000000e+03 1.33118522e-03 -3.04830872e-04 1.36564123e-03
52600 5.26000000e+03 1.52964389e-03 -4.55793168e-04 1.59610709e-03
52700 5.27000000e+03 1.59155612e-03 -4.52873704e-04 1.65473426e-03
52800 5.28000000e+03 1.59934710e-03 -4.07834392e-04 1.65052720e-03
52900 5.29000000e+03 1.69144233e-03 -3.97162425e-04 1.73744501e-03
53000 5.30000000e+03 1.69407169e-03 -4.35734109e-04 1.74921214e-03
53100 5.31000000e+03 1.75981794e-03 -4.65820427e-04 1.82042518e-03
53200 5.32000000e+03 1.73006207e-03 -5.21635520e-04 1.80699153e-03
53300 5.33000000e+03 1.78148085e-03 -6.38870115e-04 1.89257207e-03
53400 5.34000000e+03 1.86507159e-03 -6.41255523e-04 1.97223241e-03
53500 5.35000000e+03 1.86591083e-03 -6.87925727e-04 1.98868425e-03
53600 5.36000000e+03 1.82415906e-03 -7.52284424e-04 1.97319237e-03
53700 5.37000000e+03 1.79399969e-03 -7.37654627e-04 1.93973432e-03
53800 5.38000000e+03 1.83406682e-03 -9.18155303e-04 2.05105101e-03
53900 5.39000000e+03 1.82620261e-03 -8.35064799e-04 2.00807102e-03
54000 5.40000000e+03 1.81905506e-03 -7.39159877e-04 1.96349653e-03
54100 5.41000000e+03 1.73998170e-03 -6.26480323e-04 1.84932796e-03
54200 5.42000000e+03 1.70647819e-03 -5.87574032e-04 1.80480222e-03
54300 5.43000000e+03 1.62973604e-03 -5.62092871e-04 1.72394546e-03
54400 5.44000000e+03 1.63609290e-03 -6.35639357e-04 1.75523143e-03
54500 5.45000000e+03 1.61713187e-03 -6.16709585e-04 1.73073574e-03
54600 5.46000000e+03 1.53069408e-03 -6.07940950e-04 1.64700229e-03
54700 5.47000000e+03 1.52204430e-03 -5.95292076e-04 1.63431683e-03
54800 5.48000000e+03 1.54039753e-03 -6.49207388e-04 1.67161442e-03
54900 5.49000000e+03 1.46261614e-03 -5.31135302e-04 1.55606899e-03
55000 5.50000000e+03 1.52537611e-03 -6.56995631e-04 1.66084784e-03
55100 5.51000000e+03 1.46490184e-03 -5.51476667e-04 1.56526800e-03
55200 5.52000000e+03 1.48118229e-03 -4.91408806e-04 1.56057156e-03
55300 5.53000000e+03 1.46446761e-03 -4.49169136e-04 1.53180230e-03
55400 5.54000000e+03 1.49229728e-03 -4.42933204e-04 1.55664414e-03
55500 5.55000000e+03 1.43921864e-03 -4.54379799e-04 1.50924196e-03
55600 5.56000000e+03 1.49425131e-03 -4.93097934e-04 1.57350963e-03
55700 5.57000000e+03 1.58183067e-03 -6.24596956e-04 1.70067917e-03
55800 5.58000000e+03 1.67836901e-03 -8.18661414e-04 1.86738562e-03
55900 5.59000000e+03 1.62279012e-03 -6.99870521e-04 1.76727658e-03
56000 5.60000000e+03 1.67992094e-03 -7.53429194e-04 1.84113821e-03
56100 5.61000000e+03 1.71538128e-03 -8.14912899e-04 1.89910926e-03
56200 5.62000000e+03 1.81396818e-03 -7.86751742e-04 1.97723515e-03
56300 5.63000000e+03 1.68860122e-03 -8.57379171e-04 1.89379859e-03
56400 5.64000000e+03 1.73679786e-03 -1.02080789e-03 2.01457577e-03
56500 5.65000000e+03 1.68437161e-03 -9.12832562e-04 1.91582124e-03
56600 5.66000000e+03 1.66593445e-03 -9.93304420e-04 1.93958534e-03
56700 5.67000000e+03 1.78032974e-03 -1.06969359e-03 2.07697336e-03
56800 5.68000000e+03 1.72354945e-03 -9.47768393e-04 1.96694881e-03
56900 5.69000000e+03 1.66393840e-03 -9.24555818e-04 1.90354786e-03
57000 5.70000000e+03 1.63583690e-03 -8.99206498e-04 1.86669084e-03
57100 5.71000000e+03 1.62631006e-03 -9.28782625e-04 1.87283784e-03
57200 5.72000000e+03 1.54248066e-03 -9.61109647e-04 1.81740979e-03
57300 5.73000000e+03 1.58832513e-03 -1.09440088e-03 1.92885718e-03
57400 5.74000000e+03 1.52434688e-03 -1.02910667e-03 1.83921014e-03
57500 5.75000000e+03 1.48938876e-03 -8.97784194e-04 1.73905012e-03
57600 5.76000000e+03 1.50260865e-03 -8.59512191e-04 1.73106729e-03
57700 5.77000000e+03 1.68230175e-03 -9.02358210e-04 1.90902842e-03
57800 5.78000000e+03 1.59790448e-03 -8.73329933e-04 1.82098982e-03
57900 5.79000000e+03 1.65902893e-03 -1.01062900e-03 1.94261369e-03
58000 5.80000000e+03 1.71088544e-03 -1.01376278e-03 1.98867895e-03
58100 5.81000000e+03 1.59305392e-03 -9.29103524e-04 1.84419472e-03
58200 5.82000000e+03 1.63835287e-03 -8.79386847e-04 1.85944114e-03
58300 5.83000000e+03 1.69789162e-03 -8.56153783e-04 1.90153498e-03
58400 5.84000000e+03 1.65176974e-03 -9.83706559e-04 1.92250406e-03
58500 5.85000000e+03 1.61165698e-03 -8.64521484e-04 1.82888917e-03
58600 5.86000000e+03 1.63827650e-03 -8.73785175e-04 1.85673111e-03
58700 5.87000000e+03 1.60199264e-03 -9.74088325e-04 1.87489426e-03
58800 5.88000000e+03 1.61773292e-03 -1.06032100e-03 1.93425449e-03
58900 5.89000000e+03 1.49593106e-03 -1.12821686e-03 1.87368168e-03
59000 5.90000000e+03 1.56849856e-03 -1.03747379e-03 1.88056895e-03
59100 5.91000000e+03 1.56668853e-03 -9.65031271e-04 1.84005389e-03
59200 5.92000000e+03 1.52064115e-03 -8.32898717e-04 1.73380211e-03
59300 5.93000000e+03 1.60988211e-03 -9.65030398e-04 1.87696672e-03
59400 5.94000000e+03 1.61909638e-03 -8.85480491e-04 1.84541290e-03
59500 5.95000000e+03 1.56445254e-03 -8.58716608e-04 1.78463048e-03
59600 5.96000000e+03 1.78959779e-03 -8.95881676e-04 2.00131563e-03
59700 5.97000000e+03 1.68138999e-03 -7.39734154e-04 1.83692104e-03
59800 5.98000000e+03 1.70371134e-03 -7.52932800e-04 1.86267016e-03
59900 5.99000000e+03 1.66486576e-03 -6.91411085e-04 1.80272774e-03
60000 6.00000000e+03 1.56968948e-03 -6.62242936e-04 1.70366980e-03
60100 6.01000000e+03 1.59536907e-03 -6.71915652e-04 1.73109016e-03
60200 6.02000000e+03 1.52229390e-03 -5.60212182e-04 1.62210246e-03
60300 6.03000000e+03 1.53742475e-03 -4.79230599e-04 1.61038406e-03
60400 6.04000000e+03 1.48223247e-03 -5.22978255e-04 1.57178859e-03
60500 6.05000000e+03 1.47145032e-03 -5.63485199e-04 1.57565276e-03
60600 6.06000000e+03 1.59913860e-03 -5.86923561e-04 1.70344461e-03
60700 6.07000000e+03 1.69499964e-03 -5.94934449e-04 1.79637712e-03
60800 6.08000000e+03 1.59526640e-03 -5.32703940e-04 1.68185860e-03
60900 6.09000000e+03 1.57535728e-03 -5.09987760e-04 1.65584965e-03
61000 6.10000000e+03 1.62807875e-03 -5.26944292e-04 1.71123076e-03
61100 6.11000000e+03 1.58015988e-03 -4.56682203e-04 1.64482944e-03
61200 6.12000000e+03 1.51133328e-03 -4.32930392e-04 1.57211863e-03
61300 6.13000000e+03 1.50610728e-03 -4.97972418e-04 1.58629621e-03
61400 6.14000000e+03 1.45037286e-03 -5.88763971e-04 1.56531928e-03
61500 6.15000000e+03 1.49793504e-03 -7.40462507e-04 1.67095604e-03
61600 6.16000000e+03 1.53465418e-03 -6.30303228e-04 1.65904961e-03
61700 6.17000000e+03 1.54756289e-03 -5.95137477e-04 1.65805293e-03
61800 6.18000000e+03 1.71722972e-03 -8.25784402e-04 1.90546525e-03
61900 6.19000000e+03 1.67753035e-03 -7.98736000e-04 1.85797935e-03
62000 6.20000000e+03 1.68648921e-03 -7.61420699e-04 1.85040734e-03
62100 6.21000000e+03 1.71635754e-03 -9.45320295e-04 1.95946770e-03
62200 6.22000000e+03 1.83222676e-03 -9.66894673e-04 2.07169983e-03
62300 6.23000000e+03 1.73303159e-03 -7.97842513e-04 1.90786560e-03
62400 6.24000000e+03 1.80153991e-03 -8.13335762e-04 1.97662872e-03
62500 6.25000000e+03 1.80396962e-03 -8.45700677e-04 1.99236443e-03
62600 6.26000000e+03 1.80717488e-03 -9.39493766e-04 2.03679395e-03
62700 6.27000000e+03 1.75525737e-03 -8.92455340e-04 1.96911274e-03
62800 6.28000000e+03 1.69218122e-03 -7.68149854e-04 1.85836796e-03
62900 6.29000000e+03 1.76745781e-03 -7.24630663e-04 1.91023473e-03
63000 6.30000000e+03 1.69819256e-03 -7.57266302e-04 1.85938436e-03
63100 6.31000000e+03 1.62835012e-03 -6.19205122e-04 1.74210766e-03
63200 6.32000000e+03 1.55813806e-03 -5.03180956e-04 1.63737145e-03
63300 6.33000000e+03 1.58792268e-03 -5.41539863e-04 1.67772580e-03
63400 6.34000000e+03 1.59114553e-03 -5.41676884e-04 1.68082061e-03
63500 6.35000000e+03 1.51432864e-03 -4.22470708e-04 1.57215544e-03
63600 6.36000000e+03 1.62833952e-03 -5.15077088e-04 1.70786241e-03
63700 6.37000000e+03 1.58004113e-03 -5.36292675e-04 1.66857419e-03
63800 6.38000000e+03 1.54831214e-03 -4.07045911e-04 1.60092375e-03
63900 6.39000000e+03 1.44288491e-03 -2.93398916e-04 1.47241291e-03
64000 6.40000000e+03 1.28858350e-03 -2.65137438e-04 1.31557794e-03
64100 6.41000000e+03 1.22630177e-03 -1.74394678e-04 1.23864020e-03
64200 6.42000000e+03 1.26520684e-03 -2.63204856e-04 1.29229453e-03
64300 6.43000000e+03 1.14933529e-03 -2.98037106e-04 1.18734904e-03
64400 6.44000000e+03 1.17914169e-03 -2.85551767e-04 1.21322502e-03
64500 6.45000000e+03 1.29589566e-03 -4.53445507e-04 1.37293787e-03
64600 6.46000000e+03 1.39577012e-03 -7.68784899e-04 1.59348814e-03
64700 6.47000000e+03 1.41067314e-03 -7.25856458e-04 1.58646346e-03
64800 6.48000000e+03 1.35766238e-03 -7.27002975e-04 1.54005859e-03
64900 6.49000000e+03 1.31082244e-03 -6.13380747e-04 1.44723578e-03
65000 6.50000000e+03 1.28753728e-03 -6.00843341e-04 1.42083249e-03
65100 6.51000000e+03 1.30550726e-03 -4.96568508e-04 1.39675678e-03
65200 6.52000000e+03 1.23175548e-03 -4.00021934e-04 1.29508266e-03
65300 6.53000000e+03 1.16512296e-03 -3.17067344e-04 1.20749460e-03
65400 6.54000000e+03 1.17318600e-03 -2.17050707e-04 1.19309530e-03
65500 6.55000000e+03 1.13812264e-03 -3.87429842e-04 1.20225830e-03
65600 6.56000000e+03 1.19668280e-03 -4.08206310e-04 1.26439002e-03
65700 6.57000000e+03 1.12881663e-03 -3.33547330e-04 1.17706448e-03
65800 6.58000000e+03 1.06336735e-03 -3.35640187e-04 1.11508047e-03
65900 6.59000000e+03 1.10348663e-03 -3.76666168e-04 1.16600178e-03
66000 6.60000000e+03 1.19711878e-03 -3.22281587e-04 1.23974142e-03
66100 6.61000000e+03 1.14437286e-03 -3.12261283e-04 1.18621092e-03
66200 6.62000000e+03 1.20518997e-03 -3.32924392e-04 1.25032856e-03
66300 6.63000000e+03 1.19797385e-03 -3.09122261e-04 1.23721377e-03
66400 6.64000000e+03 1.18248630e-03 -4.08938009e-04 1.25120108e-03
66500 6.65000000e+03 1.11608161e-03 -2.97874794e-04 1.15514828e-03
66600 6.66000000e+03 1.05111743e-03 -2.16702407e-04 1.07322309e-03
66700 6.67000000e+03 9.88496584e-04 -1.48432373e-04 9.99578744e-04
66800 6.68000000e+03 1.07268197e-03 -1.46839448e-04 1.08268575e-03
66900 6.69000000e+03 1.11735030e-03 -2.67701282e-04 1.14897157e-03
67000 6.70000000e+03 9.77283926e-04 -2.26753924e-04 1.00324534e-03
67100 6.71000000e+03 9.14384262e-04 -1.54083653e-04 9.27275768e-04
67200 6.72000000e+03 8.54120008e-04 -9.19361410e-05 8.59053690e-04
67300 6.73000000e+03 8.71258206e-04 -7.36585425e-05 8.74366309e-04
67400 6.74000000e+03 9.69687244e-04 -8.81694359e-05 9.73687424e-04
67500 6.75000000e+03 9.85761406e-04 -1.84543242e-04 1.00288671e-03
67600 6.76000000e+03 9.34945070e-04 -1.32400004e-04 9.44273290e-04
67700 6.77000000e+03 9.75004863e-04 -2.00658586e-04 9.95438773e-04
67800 6.78000000e+03 9.06036585e-04 -1.25065097e-04 9.14627559e-04
67900 6.79000000e+03 1.08177215e-03 -2.98293075e-04 1.12214515e-03
68000 6.80000000e+03 1.08312664e-03 -3.69783113e-04 1.14450988e-03
68100 6.81000000e+03 1.12213101e-03 -4.46459424e-04 1.20768540e-03
68200 6.82000000e+03 1.16927607e-03 -3.83654900e-04 1.23060864e-03
68300 6.83000000e+03 1.16837712e-03 -3.55410186e-04 1.22123769e-03
68400 6.84000000e+03 1.10840076e-03 -2.59064080e-04 1.13827344e-03
68500 6.85000000e+03 1.10779842e-03 -2.51559832e-04 1.13600163e-03
68600 6.86000000e+03 1.11354154e-03 -3.53645737e-04 1.16834929e-03
68700 6.87000000e+03 1.07852207e-03 -3.72312556e-04 1.14097611e-03
68800 6.88000000e+03 1.13513041e-03 -5.43403730e-04 1.25849460e-03
68900 6.89000000e+03 1.17370777e-03 -5.88075723e-04 1.31279206e-03
69000 6.90000000e+03 1.25374238e-03 -6.08966569e-04 1.39381140e-03
69100 6.91000000e+03 1.29826972e-03 -6.46589033e-04 1.45037293e-03
69200 6.92000000e+03 1.20267039e-03 -6.68642228e-04 1.37604451e-03
69300 6.93000000e+03 1.26979360e-03 -6.93676120e-04 1.44691477e-03
69400 6.94000000e+03 1.30603870e-03 -6.85816049e-04 1.47515448e-03
69500 6.95000000e+03 1.42572750e-03 -8.77213140e-04 1.67397784e-03
69600 6.96000000e+03 1.36794685e-03 -7.55266286e-04 1.56259584e-03
69700 6.97000000e+03 1.43262604e-03 -7.77145557e-04 1.62983821e-03
69800 6.98000000e+03 1.44250446e-03 -7.23099860e-04 1.61359615e-03
69900 6.99000000e+03 1.39044109e-03 -6.19822647e-04 1.52233588e-03
70000 7.00000000e+03 1.41515804e-03 -5.64035610e-04 1.52341998e-03
70100 7.01000000e+03 1.35008630e-03 -4.67276375e-04 1.42866379e-03
70200 7.02000000e+03 1.29204046e-03 -3.83035367e-04 1.34762184e-03
70300 7.03000000e+03 1.23896310e-03 -3.79645644e-04 1.29582421e-03
70400 7.04000000e+03 1.33154751e-03 -5.00788563e-04 1.42260604e-03
70500 7.05000000e+03 1.36703032e-03 -4.05205879e-04 1.42582036e-03
70600 7.06000000e+03 1.33935572e-03 -4.46575810e-04 1.41184407e-03
70700 7.07000000e+03 1.40389963e-03 -4.58625087e-04 1.47691271e-03
70800 7.08000000e+03 1.34028064e-03 -3.74281488e-04 1.39155985e-03
70900 7.09000000e+03 1.34454633e-03 -3.60656471e-04 1.39207683e-03
71000 7.10000000e+03 1.37060869e-03 -2.72959907e-04 1.39752470e-03
71100 7.11000000e+03 1.28084526e-03 -2.07797246e-04 1.29759172e-03
71200 7.12000000e+03 1.29895669e-03 -1.65107864e-04 1.30940791e-03
71300 7.13000000e+03 1.33257604e-03 -1.85871730e-04 1.34547657e-03
71400 7.14000000e+03 1.32333464e-03 -1.07531931e-04 1.32769638e-03
71500 7.15000000e+03 1.23651256e-03 -4.33225723e-05 1.23727125e-03
71600 7.16000000e+03 1.17737439e-03 -5.71861347e-05 1.17876236e-03
71700 7.17000000e+03 1.33006554e-03 -1.14890674e-04 1.33501843e-03
71800 7.18000000e+03 1.36054342e-03 -4.02161895e-05 1.36113767e-03
71900 7.19000000e+03 1.33113947e-03 3.74068759e-06 1.33114473e-03
72000 7.20000000e+03 1.38726062e-03 3.08619237e-05 1.38760387e-03
72100 7.21000000e+03 1.31047075e-03 2.29022553e-05 1.31067086e-03
72200 7.22000000e+03 1.25447451e-03 -3.92141737e-06 1.25448064e-03
72300 7.23000000e+03 1.12631719e-03 -2.39988585e-05 1.12657284e-03
72400 7.24000000e+03 1.23701897e-03 -1.59589021e-04 1.24727085e-03
72500 7.25000000e+03 1.22884964e-03 -1.77387148e-04 1.24158674e-03
72600 7.26000000e+03 1.25522341e-03 -1.69624298e-04 1.26663263e-03
72700 7.27000000e+03 1.29939092e-03 -1.28015672e-04 1.30568173e-03
72800 7.28000000e+03 1.32827763e-03 -9.36424112e-05 1.33157440e-03
72900 7.29000000e+03 1.40076247e-03 -2.04866970e-04 1.41566450e-03
73000 7.30000000e+03 1.34447520e-03 -2.03684656e-04 1.35981653e-03
73100 7.31000000e+03 1.33615453e-03 -1.97988280e-04 1.35074360e-03
73200 7.32000000e+03 1.34919328e-03 -2.64258066e-04 1.37482902e-03
73300 7.33000000e+03 1.32304034e-03 -2.55503546e-04 1.34748574e-03
73400 7.34000000e+03 1.35998754e-03 -3.30418057e-04 1.39955071e-03
73500 7.35000000e+03 1.27615803e-03 -2.43954593e-04 1.29926639e-03
73600 7.36000000e+03 1.28010218e-03 -2.90487311e-04 1.31264788e-03
73700 7.37000000e+03 1.36347930e-03 -2.47314048e-04 1.38572726e-03
73800 7.38000000e+03 1.39340351e-03 -2.63937603e-04 1.41818066e-03
73900 7.39000000e+03 1.30190130e-03 -1.95254252e-04 1.31646163e-03
74000 7.40000000e+03 1.40098343e-03 -4.08594206e-04 1.45935047e-03
74100 7.41000000e+03 1.32135721e-03 -3.31641524e-04 1.36234026e-03
74200 7.42000000e+03 1.25368685e-03 -2.61753390e-04 1.28072071e-03
74300 7.43000000e+03 1.18905318e-03 -1.97511603e-04 1.20534571e-03
74400 7.44000000e+03 1.20083906e-03 -1.37763302e-04 1.20871551e-03
74500 7.45000000e+03 1.29274209e-03 -1.21128258e-04 1.29840447e-03
74600 7.46000000e+03 1.31737860e-03 -3.85104504e-04 1.37251297e-03
74700 7.47000000e+03 1.29283720e-03 -3.53055919e-04 1.34017779e-03
74800 7.48000000e+03 1.30022224e-03 -3.48247122e-04 1.34605124e-03
74900 7.49000000e+03 1.29452709e-03 -3.32775904e-04 1.33661520e-03
75000 7.50000000e+03 1.22951937e-03 -2.64251925e-04 1.25759571e-03
75100 7.51000000e+03 1.16473192e-03 -2.00151713e-04 1.18180419e-03
75200 7.52000000e+03 1.17966265e-03 -2.22706847e-04 1.20050086e-03
75300 7.53000000e+03 1.13019766e-03 -2.39069108e-04 1.15520595e-03
75400 7.54000000e+03 1.15623372e-03 -4.79460461e-04 1.25170234e-03
75500 7.55000000e+03 1.24413322e-03 -4.77050227e-04 1.33245803e-03
75600 7.56000000e+03 1.33769901e-03 -4.33630659e-04 1.40622693e-03
75700 7.57000000e+03 1.32793770e-03 -4.80648014e-04 1.41224681e-03
75800 7.58000000e+03 1.48144877e-03 -5.07318240e-04 1.56590620e-03
75900 7.59000000e+03 1.46200031e-03 -7.27439823e-04 1.63297691e-03
76000 7.60000000e+03 1.56401494e-03 -6.20760431e-04 1.68270206e-03
76100 7.61000000e+03 1.47391658e-03 -5.04718162e-04 1.55793790e-03
76200 7.62000000e+03 1.39271549e-03 -4.04220773e-04 1.45018995e-03
76300 7.63000000e+03 1.43043185e-03 -3.14901030e-04 1.46468356e-03
76400 7.64000000e+03 1.38621533e-03 -2.87044066e-04 1.41562256e-03
76500 7.65000000e+03 1.43343257e-03 -4.38850868e-04 1.49910607e-03
76600 7.66000000e+03 1.36834104e-03 -4.26963263e-04 1.43340672e-03
76700 7.67000000e+03 1.38241041e-03 -3.67736153e-04 1.43048538e-03
76800 7.68000000e+03 1.33064319e-03 -3.68958223e-04 1.38084810e-03
76900 7.69000000e+03 1.25787524e-03 -2.79939501e-04 1.28864900e-03
77000 7.70000000e+03 1.25663308e-03 -2.67104508e-04 1.28470679e-03
77100 7.71000000e+03 1.24496303e-03 -2.65067880e-04 1.27286839e-03
77200 7.72000000e+03 1.17609452e-03 -2.00749215e-04 1.19310459e-03
77300 7.73000000e+03 1.26497657e-03 -1.30833476e-04 1.27172447e-03
77400 7.74000000e+03 1.32355094e-03 -2.36433363e-04 1.34450282e-03
77500 7.75000000e+03 1.25683099e-03 -1.80338044e-04 1.26970309e-03
77600 7.76000000e+03 1.43069657e-03 -3.32002586e-04 1.46871318e-03
77700 7.77000000e+03 1.50361448e-03 -2.83851172e-04 1.53017253e-03
77800 7.78000000e+03 1.52312359e-03 -3.05268506e-04 1.55341377e-03
77900 7.79000000e+03 1.43368705e-03 -3.43908876e-04 1.47435812e-03
78000 7.80000000e+03 1.43190997e-03 -5.04424737e-04 1.51816023e-03
78100 7.81000000e+03 1.40315073e-03 -4.84681397e-04 1.48450262e-03
78200 7.82000000e+03 1.49598834e-03 -5.95836958e-04 1.61028035e-03
78300 7.83000000e+03 1.41828053e-03 -4.80184914e-04 1.49736342e-03
78400 7.84000000e+03 1.35305687e-03 -3.88962158e-04 1.40785456e-03
78500 7.85000000e+03 1.28327834e-03 -3.80840240e-04 1.33859725e-03
78600 7.86000000e+03 1.22342398e-03 -3.00261891e-04 1.25973150e-03
78700 7.87000000e+03 1.24875840e-03 -2.71962781e-04 1.27803024e-03
78800 7.88000000e+03 1.19358650e-03 -2.04772950e-04 1.21102465e-03
78900 7.89000000e+03 1.18038396e-03 -1.96686466e-04 1.19665862e-03
79000 7.90000000e+03 1.15801918e-03 -2.05413337e-04 1.17609653e-03
79100 7.91000000e+03 1.19268789e-03 -2.42461538e-04 1.21708340e-03
79200 7.92000000e+03 1.06492406e-03 -2.18697882e-04 1.08714857e-03
79300 7.93000000e+03 1.09341345e-03 -1.86859208e-04 1.10926522e-03
79400 7.94000000e+03 1.02950912e-03 -2.56748201e-04 1.06104131e-03
79500 7.95000000e+03 9.85931838e-04 -1.75135938e-04 1.00136616e-03
79600 7.96000000e+03 9.38292360e-04 -1.10036519e-04 9.44722493e-04
79700 7.97000000e+03 9.42145009e-04 -1.29551845e-04 9.51010461e-04
79800 7.98000000e+03 9.69086715e-04 -3.11446463e-04 1.01790371e-03
79900 7.99000000e+03 1.00499857e-03 -3.06432834e-04 1.05067750e-03
80000 8.00000000e+03 1.06026407e-03 -3.18016944e-04 1.10693029e-03
80100 8.01000000e+03 9.99421696e-04 -2.39700428e-04 1.02776458e-03
80200 8.02000000e+03 9.40764090e-04 -2.60817294e-04 9.76249320e-04
80300 8.03000000e+03 1.00799534e-03 -3.28576454e-04 1.06019672e-03
80400 8.04000000e+03 1.03032147e-03 -3.19761981e-04 1.07880028e-03
80500 8.05000000e+03 1.03414210e-03 -4.22190060e-04 1.11700239e-03
80600 8.06000000e+03 1.07509224e-03 -4.18635493e-04 1.15372397e-03
80700 8.07000000e+03 1.00472919e-03 -4.38621471e-04 1.09629810e-03
80800 8.08000000e+03 9.74822673e-04 -3.61716026e-04 1.03976811e-03
80900 8.09000000e+03 9.38013487e-04 -2.98083265e-04 9.84237235e-04
81000 8.10000000e+03 1.00299704e-03 -3.84566811e-04 1.07419491e-03
81100 8.11000000e+03 1.08655880e-03 -4.54945839e-04 1.17795829e-03
81200 8.12000000e+03 1.04853010e-03 -3.80224141e-04 1.11534110e-03
81300 8.13000000e+03 1.06152054e-03 -4.41329204e-04 1.14960746e-03
81400 8.14000000e+03 1.06305757e-03 -4.46465856e-04 1.15300614e-03
81500 8.15000000e+03 1.17123313e-03 -4.98236972e-04 1.27280286e-03
81600 8.16000000e+03 1.12309190e-03 -4.16208844e-04 1.19773337e-03
81700 8.17000000e+03 1.08331011e-03 -3.45042325e-04 1.13693228e-03
81800 8.18000000e+03 1.04387710e-03 -2.80735141e-04 1.08096791e-03
81900 8.19000000e+03 1.00367167e-03 -2.23182418e-04 1.02818637e-03
82000 8.20000000e+03 1.04183727e-03 -3.79965029e-04 1.10896272e-03
82100 8.21000000e+03 1.06579938e-03 -3.38264974e-04 1.11819118e-03
82200 8.22000000e+03 1.24386139e-03 -3.92355752e-04 1.30427535e-03
82300 8.23000000e+03 1.25525100e-03 -5.36674634e-04 1.36516473e-03
82400 8.24000000e+03 1.42672192e-03 -4.95493237e-04 1.51031420e-03
82500 8.25000000e+03 1.41957798e-03 -4.85230354e-04 1.50021670e-03
82600 8.26000000e+03 1.47582614e-03 -5.02929732e-04 1.55916680e-03
82700 8.27000000e+03 1.40127214e-03 -4.70413303e-04 1.47812458e-03
82800 8.28000000e+03 1.39075960e-03 -4.37079434e-04 1.45782396e-03
82900 8.29000000e+03 1.43410871e-03 -4.01218073e-04 1.48917552e-03
83000 8.30000000e+03 1.48433447e-03 -4.73603432e-04 1.55805938e-03
83100 8.31000000e+03 1.38657424e-03 -4.31889901e-04 1.45227993e-03
83200 8.32000000e+03 1.39742228e-03 -3.69293964e-04 1.44539512e-03
83300 8.33000000e+03 1.39780086e-03 -3.16609454e-04 1.43320927e-03
83400 8.34000000e+03 1.39419793e-03 -2.76681065e-04 1.42138674e-03
83500 8.35000000e+03 1.39635196e-03 -2.39260233e-04 1.41670189e-03
83600 8.36000000e+03 1.40446820e-03 -1.69900246e-04 1.41470740e-03
83700 8.37000000e+03 1.46642001e-03 -1.67751496e-04 1.47598381e-03
83800 8.38000000e+03 1.54550024e-03 -4.87644371e-04 1.62060730e-03
83900 8.39000000e+03 1.43164163e-03 -3.56102799e-04 1.47526505e-03
84000 8.40000000e+03 1.41115813e-03 -3.08118120e-04 1.44440439e-03
84100 8.41000000e+03 1.36239361e-03 -3.91629175e-04 1.41756473e-03
84200 8.42000000e+03 1.29749719e-03 -4.50082618e-04 1.37334385e-03
84300 8.43000000e+03 1.24428305e-03 -3.41890642e-04 1.29039898e-03
84400 8.44000000e+03 1.20762049e-03 -4.36458213e-04 1.28407282e-03
84500 8.45000000e+03 1.22121559e-03 -4.44340578e-04 1.29954071e-03
84600 8.46000000e+03 1.17191917e-03 -3.55323020e-04 1.22460156e-03
84700 8.47000000e+03 1.12266466e-03 -2.81809713e-04 1.15749413e-03
84800 8.48000000e+03 1.12556224e-03 -4.52826149e-04 1.21323612e-03
84900 8.49000000e+03 1.14678440e-03 -4.91659681e-04 1.24773543e-03
85000 8.50000000e+03 1.04449806e-03 -4.66544356e-04 1.14395797e-03
85100 8.51000000e+03 1.14601990e-03 -4.80175891e-04 1.24255000e-03
85200 8.52000000e+03 1.09713280e-03 -4.08530555e-04 1.17072524e-03
85300 8.53000000e+03 1.20687776e-03 -5.95932419e-04 1.34599011e-03
85400 8.54000000e+03 1.21195836e-03 -5.90574404e-04 1.34819182e-03
85500 8.55000000e+03 1.16738502e-03 -5.07941761e-04 1.27310354e-03
85600 8.56000000e+03 1.09227630e-03 -5.95143007e-04 1.24389016e-03
85700 8.57000000e+03 1.19576987e-03 -6.88302505e-04 1.37971951e-03
85800 8.58000000e+03 1.41711021e-03 -8.52756319e-04 1.65390286e-03
85900 8.59000000e+03 1.36115472e-03 -9.48573113e-04 1.65907598e-03
86000 8.60000000e+03 1.32595631e-03 -8.03790288e-04 1.55056086e-03
86100 8.61000000e+03 1.28440198e-03 -6.84191473e-04 1.45526850e-03
86200 8.62000000e+03 1.39768980e-03 -7.82493153e-04 1.60182156e-03
86300 8.63000000e+03 1.35399261e-03 -6.52090006e-04 1.50283644e-03
86400 8.64000000e+03 1.26427144e-03 -5.96491736e-04 1.39792155e-03
86500 8.65000000e+03 1.26197841e-03 -5.68415795e-04 1.38408310e-03
86600 8.66000000e+03 1.39368989e-03 -4.53907618e-04 1.46574337e-03
86700 8.67000000e+03 1.33467861e-03 -3.66180349e-04 1.38399966e-03
86800 8.68000000e+03 1.43000018e-03 -3.77638557e-04 1.47902380e-03
86900 8.69000000e+03 1.36127975e-03 -2.85524817e-04 1.39090150e-03
87000 8.70000000e+03 1.32025941e-03 -4.19669610e-04 1.38535465e-03
87100 8.71000000e+03 1.32150494e-03 -4.00994992e-04 1.38100409e-03
87200 8.72000000e+03 1.30416802e-03 -4.02801204e-04 1.36495532e-03
87300 8.73000000e+03 1.34827371e-03 -7.32865417e-04 1.53457933e-03
87400 8.74000000e+03 1.39948621e-03 -8.11110309e-04 1.61754802e-03
87500 8.75000000e+03 1.51697895e-03 -8.84349109e-04 1.75593237e-03
87600 8.76000000e+03 1.53399655e-03 -8.30236706e-04 1.74425869e-03
87700 8.77000000e+03 1.54004339e-03 -7.75212888e-04 1.72414868e-03
87800 8.78000000e+03 1.60132290e-03 -7.71109248e-04 1.77731385e-03
87900 8.79000000e+03 1.70583837e-03 -7.44152814e-04 1.86108784e-03
88000 8.80000000e+03 1.63640291e-03 -6.42147381e-04 1.75788730e-03
88100 8.81000000e+03 1.54643808e-03 -7.15983799e-04 1.70414305e-03
88200 8.82000000e+03 1.52367039e-03 -6.81237259e-04 1.66902836e-03
88300 8.83000000e+03 1.46921317e-03 -5.89435105e-04 1.58304171e-03
88400 8.84000000e+03 1.46273500e-03 -5.66230156e-04 1.56850575e-03
88500 8.85000000e+03 1.45136449e-03 -5.44400187e-04 1.55010659e-03
88600 8.86000000e+03 1.45475450e-03 -5.87267452e-04 1.56881921e-03
88700 8.87000000e+03 1.44573604e-03 -5.36266714e-04 1.54199049e-03
88800 8.88000000e+03 1.38682884e-03 -7.53919769e-04 1.57850855e-03
88900 8.89000000e+03 1.34617591e-03 -6.55338168e-04 1.49721665e-03
89000 8.90000000e+03 1.38148572e-03 -6.33964140e-04 1.52000439e-03
89100 8.91000000e+03 1.34475785e-03 -6.77235133e-04 1.50566301e-03
89200 8.92000000e+03 1.30031770e-03 -5.77563595e-04 1.42281616e-03
89300 8.93000000e+03 1.30624301e-03 -6.25838758e-04 1.44842844e-03
89400 8.94000000e+03 1.25378673e-03 -5.39174711e-04 1.36480421e-03
89500 8.95000000e+03 1.20132091e-03 -4.59781295e-04 1.28630119e-03
89600 8.96000000e+03 1.14995695e-03 -3.87612556e-04 1.21352564e-03
89700 8.97000000e+03 1.18550076e-03 -4.38278134e-04 1.26392238e-03
89800 8.98000000e+03 1.10302749e-03 -4.40041244e-04 1.18756303e-03
89900 8.99000000e+03 1.05799967e-03 -3.70589842e-04 1.12102638e-03
90000 9.00000000e+03 1.01272867e-03 -3.09750088e-04 1.05903941e-03
90100 9.01000000e+03 9.67845088e-04 -2.55184917e-04 1.00092130e-03
90200 9.02000000e+03 9.23930493e-04 -2.06186582e-04 9.46657521e-04
90300 9.03000000e+03 8.81287036e-04 -1.62183205e-04 8.96086063e-04
90400 9.04000000e+03 8.95940000e-04 -1.96731547e-04 9.17285008e-04
90500 9.05000000e+03 9.41944076e-04 -1.95168497e-04 9.61950822e-04
90600 9.06000000e+03 9.78029682e-04 -1.58480048e-04 9.90786549e-04
90700 9.07000000e+03 9.73452930e-04 -1.90491934e-04 9.91916218e-04
90800 9.08000000e+03 9.24190157e-04 -1.41711178e-04 9.34991714e-04
90900 9.09000000e+03 8.76609585e-04 -9.98587784e-05 8.82278947e-04
91000 9.10000000e+03 9.86980041e-04 -3.62120976e-04 1.05131404e-03
91100 9.11000000e+03 1.05346926e-03 -4.65226505e-04 1.15162198e-03
91200 9.12000000e+03 1.19867327e-03 -5.99085295e-04 1.34004507e-03
91300 9.13000000e+03 1.16352458e-03 -5.33618499e-04 1.28005396e-03
91400 9.14000000e+03 1.20378553e-03 -4.69134422e-04 1.29197009e-03
91500 9.15000000e+03 1.21891755e-03 -4.79194423e-04 1.30972794e-03
91600 9.16000000e+03 1.34114688e-03 -7.01016048e-04 1.51330713e-03
91700 9.17000000e+03 1.44577795e-03 -6.58068690e-04 1.58849875e-03
91800 9.18000000e+03 1.37417088e-03 -5.73312282e-04 1.48897031e-03
91900 9.19000000e+03 1.38267060e-03 -5.57933992e-04 1.49099575e-03
92000 9.20000000e+03 1.32429844e-03 -4.79156035e-04 1.40831703e-03
92100 9.21000000e+03 1.34547765e-03 -4.37173672e-04 1.41471938e-03
92200 9.22000000e+03 1.44228432e-03 -5.65052032e-04 1.54902158e-03
92300 9.23000000e+03 1.36020291e-03 -4.70464147e-04 1.43926664e-03
92400 9.24000000e+03 1.29441521e-03 -3.93913215e-04 1.35302563e-03
92500 9.25000000e+03 1.23370031e-03 -3.27697140e-04 1.27648027e-03
92600 9.26000000e+03 1.35621428e-03 -4.52707201e-04 1.42977655e-03
92700 9.27000000e+03 1.36293191e-03 -4.66287922e-04 1.44048875e-03
92800 9.28000000e+03 1.31180231e-03 -4.05391067e-04 1.37301391e-03
92900 9.29000000e+03 1.26066373e-03 -3.47434776e-04 1.30766355e-03
93000 9.30000000e+03 1.39477313e-03 -4.04574472e-04 1.45226465e-03
93100 9.31000000e+03 1.41782267e-03 -3.89222376e-04 1.47027725e-03
93200 9.32000000e+03 1.41009630e-03 -3.74860188e-04 1.45907222e-03
93300 9.33000000e+03 1.39620074e-03 -3.89255467e-04 1.44944690e-03
93400 9.34000000e+03 1.33137486e-03 -3.33406730e-04 1.37248646e-03
93500 9.35000000e+03 1.27123552e-03 -2.82245572e-04 1.30219135e-03
93600 9.36000000e+03 1.21636107e-03 -2.36457883e-04 1.23913138e-03
93700 9.37000000e+03 1.23581977e-03 -1.65907724e-04 1.24690652e-03
93800 9.38000000e+03 1.17102545e-03 -1.33019406e-04 1.17855622e-03
93900 9.39000000e+03 1.18779042e-03 -1.51571730e-04 1.19742226e-03
94000 9.40000000e+03 1.11073814e-03 -1.90010964e-04 1.12687328e-03
94100 9.41000000e+03 1.27150270e-03 -3.09030351e-04 1.30851781e-03
94200 9.42000000e+03 1.31072325e-03 -4.20209864e-04 1.37643444e-03
94300 9.43000000e+03 1.40880770e-03 -3.76290118e-04 1.45819525e-03
94400 9.44000000e+03 1.46692141e-03 -3.74682597e-04 1.51401634e-03
94500 9.45000000e+03 1.62803382e-03 -3.58048273e-04 1.66694111e-03
94600 9.46000000e+03 1.60306774e-03 -3.95287585e-04 1.65108402e-03
94700 9.47000000e+03 1.52623898e-03 -3.11680662e-04 1.55773883e-03
94800 9.48000000e+03 1.50920264e-03 -3.19641549e-04 1.54268057e-03
94900 9.49000000e+03 1.44794188e-03 -2.58391636e-04 1.47081675e-03
95000 9.50000000e+03 1.39912206e-03 -2.88723124e-04 1.42860197e-03
95100 9.51000000e+03 1.42463367e-03 -3.28169699e-04 1.46194269e-03
95200 9.52000000e+03 1.36809342e-03 -3.24531458e-04 1.40605842e-03
95300 9.53000000e+03 1.36823475e-03 -3.10458068e-04 1.40301480e-03
95400 9.54000000e+03 1.33711542e-03 -3.12936347e-04 1.37324681e-03
95500 9.55000000e+03 1.53635733e-03 -4.63152974e-04 1.60465091e-03
95600 9.56000000e+03 1.59969111e-03 -4.61056654e-04 1.66480776e-03
95700 9.57000000e+03 1.60626555e-03 -4.15753660e-04 1.65919864e-03
95800 9.58000000e+03 1.61108887e-03 -3.87585227e-04 1.65705451e-03
95900 9.59000000e+03 1.70222088e-03 -4.44499514e-04 1.75929979e-03
96000 9.60000000e+03 1.76683383e-03 -4.73870808e-04 1.82927726e-03
96100 9.61000000e+03 1.73760997e-03 -5.30927209e-04 1.81691280e-03
96200 9.62000000e+03 1.78864610e-03 -6.47504465e-04 1.90223997e-03
96300 9.63000000e+03 1.87358644e-03 -6.52303046e-04 1.98389149e-03
96400 9.64000000e+03 1.87317154e-03 -6.97669049e-04 1.99887811e-03
96500 9.65000000e+03 1.82987633e-03 -7.62573327e-04 1.98241405e-03
96600 9.66000000e+03 1.79877446e-03 -7.47257494e-04 1.94781502e-03
96700 9.67000000e+03 1.86067121e-03 -8.43026559e-04 2.04274108e-03
96800 9.68000000e+03 1.83406402e-03 -8.49246630e-04 2.02114094e-03
96900 9.69000000e+03 1.82698434e-03 -7.50993495e-04 1.97531340e-03
97000 9.70000000e+03 1.74692541e-03 -6.36652636e-04 1.85932110e-03
97100 9.71000000e+03 1.71402073e-03 -5.98075974e-04 1.81536827e-03
97200 9.72000000e+03 1.63683482e-03 -4.96123801e-04 1.71037044e-03
97300 9.73000000e+03 1.64187816e-03 -6.46522851e-04 1.76458372e-03
97400 9.74000000e+03 1.62280269e-03 -6.24907087e-04 1.73896448e-03
97500 9.75000000e+03 1.53511739e-03 -6.17623504e-04 1.65470366e-03
97600 9.76000000e+03 1.52726471e-03 -6.03561813e-04 1.64220107e-03
97700 9.77000000e+03 1.54920726e-03 -6.64564082e-04 1.68573086e-03
97800 9.78000000e+03 1.46920339e-03 -5.41109417e-04 1.56568132e-03
97900 9.79000000e+03 1.51941448e-03 -5.77837811e-04 1.62558202e-03
98000 9.80000000e+03 1.47061655e-03 -5.60605549e-04 1.57384613e-03
98100 9.81000000e+03 1.48842204e-03 -5.01243456e-04 1.57055569e-03
98200 9.82000000e+03 1.47191412e-03 -4.58561990e-04 1.54169072e-03
98300 9.83000000e+03 1.50105986e-03 -4.50881780e-04 1.56731461e-03
98400 9.84000000e+03 1.44609320e-03 -4.61458578e-04 1.51793595e-03
98500 9.85000000e+03 1.50103215e-03 -5.02351322e-04 1.58286271e-03
98600 9.86000000e+03 1.56302936e-03 -5.43608796e-04 1.65486293e-03
98700 9.87000000e+03 1.68200140e-03 -8.32710415e-04 1.87684185e-03
98800 9.88000000e+03 1.62855396e-03 -7.10043241e-04 1.77661178e-03
98900 9.89000000e+03 1.68411096e-03 -7.61848467e-04 1.84841630e-03
99000 9.90000000e+03 1.72052649e-03 -8.25113035e-04 1.90814646e-03
99100 9.91000000e+03 1.73227256e-03 -7.78206857e-04 1.89904559e-03
99200 9.92000000e+03 1.69553177e-03 -8.65977199e-04 1.90387618e-03
99300 9.93000000e+03 1.74181361e-03 -1.03192800e-03 2.02454688e-03
99400 9.94000000e+03 1.68927584e-03 -9.22727806e-04 1.92485830e-03
99500 9.95000000e+03 1.66965171e-03 -9.10818693e-04 1.90192732e-03
99600 9.96000000e+03 1.78575388e-03 -1.08306832e-03 2.08852912e-03
99700 9.97000000e+03 1.72867347e-03 -9.58763761e-04 1.97674983e-03
99800 9.98000000e+03 1.66738615e-03 -9.37656616e-04 1.91294969e-03
99900 9.99000000e+03 1.63966848e-03 -9.09379567e-04 1.87496238e-03
100000 1.00000000e+04 1.62921636e-03 -9.42756713e-04 1.88232202e-03
