# step  t  vx_mean  vy_mean  vmag_mean
0 0.00000000e+00 5.39438147e-03 -4.35243547e-03 6.93130911e-03
100 1.00000000e+01 5.30789141e-03 -4.50590299e-03 6.96253352e-03
200 2.00000000e+01 5.25724841e-03 -4.23790561e-03 6.75266650e-03
300 3.00000000e+01 5.23659680e-03 -4.24220087e-03 6.73930369e-03
400 4.00000000e+01 5.12809306e-03 -3.75425769e-03 6.35545351e-03
500 5.00000000e+01 5.12679806e-03 -3.61301098e-03 6.27199384e-03
600 6.00000000e+01 5.07960143e-03 -3.35262297e-03 6.08624937e-03
700 7.00000000e+01 5.10984659e-03 -3.54436343e-03 6.21876550e-03
800 8.00000000e+01 4.97274380e-03 -3.36766010e-03 6.00577351e-03
900 9.00000000e+01 4.97015752e-03 -3.32306465e-03 5.97873101e-03
1000 1.00000000e+02 4.92219301e-03 -3.28863459e-03 5.91972140e-03
1100 1.10000000e+02 4.82465699e-03 -3.03182611e-03 5.69818258e-03
1200 1.20000000e+02 4.95056575e-03 -3.08766752e-03 5.83453442e-03
1300 1.30000000e+02 4.76637390e-03 -3.32835549e-03 5.81345598e-03
1400 1.40000000e+02 4.60426323e-03 -3.25776730e-03 5.64023826e-03
1500 1.50000000e+02 4.63342201e-03 -3.15423729e-03 5.60515944e-03
1600 1.60000000e+02 4.41410858e-03 -2.98415194e-03 5.32818143e-03
1700 1.70000000e+02 4.44685295e-03 -3.01775476e-03 5.37413667e-03
1800 1.80000000e+02 4.44398914e-03 -3.08751618e-03 5.41126562e-03
1900 1.90000000e+02 4.64984775e-03 -3.16472584e-03 5.62463988e-03
2000 2.00000000e+02 4.87741875e-03 -3.28161847e-03 5.87862513e-03
2100 2.10000000e+02 4.98120859e-03 -3.65599571e-03 6.17889502e-03
2200 2.20000000e+02 5.10536926e-03 -3.69860162e-03 6.30431989e-03
2300 2.30000000e+02 5.07091545e-03 -3.41522344e-03 6.11374964e-03
2400 2.40000000e+02 5.29238395e-03 -3.60777602e-03 6.40510544e-03
2500 2.50000000e+02 5.30336145e-03 -3.99798853e-03 6.64150247e-03
2600 2.60000000e+02 5.19269332e-03 -4.00994439e-03 6.56077114e-03
2700 2.70000000e+02 5.08343801e-03 -3.92358471e-03 6.42151532e-03
2800 2.80000000e+02 5.04418556e-03 -3.96474916e-03 6.41584319e-03
2900 2.90000000e+02 4.92003793e-03 -3.78377107e-03 6.20674607e-03
3000 3.00000000e+02 4.92031453e-03 -3.52327805e-03 6.05169260e-03
3100 3.10000000e+02 4.88075987e-03 -3.21332575e-03 5.84356734e-03
3200 3.20000000e+02 5.00079617e-03 -2.89728353e-03 5.77946487e-03
3300 3.30000000e+02 4.93298238e-03 -2.80954363e-03 5.67695786e-03
3400 3.40000000e+02 4.94992593e-03 -2.59357388e-03 5.58823695e-03
3500 3.50000000e+02 4.76818159e-03 -2.97755515e-03 5.62151140e-03
3600 3.60000000e+02 4.88681858e-03 -3.13725881e-03 5.80718423e-03
3700 3.70000000e+02 4.83111897e-03 -3.03982920e-03 5.70791311e-03
3800 3.80000000e+02 4.84695751e-03 -2.86254985e-03 5.62913748e-03
3900 3.90000000e+02 4.80799889e-03 -2.71737296e-03 5.52276825e-03
4000 4.00000000e+02 4.69690328e-03 -2.75314180e-03 5.44432643e-03
4100 4.10000000e+02 4.88402788e-03 -2.99705518e-03 5.73027644e-03
4200 4.20000000e+02 4.79799742e-03 -3.15074623e-03 5.74003319e-03
4300 4.30000000e+02 4.93267179e-03 -3.17071145e-03 5.86384363e-03
4400 4.40000000e+02 4.98033222e-03 -3.35750356e-03 6.00637488e-03
4500 4.50000000e+02 4.99366689e-03 -3.42637603e-03 6.05613423e-03
4600 4.60000000e+02 5.02032787e-03 -3.54579603e-03 6.14624775e-03
4700 4.70000000e+02 5.08703990e-03 -3.37756611e-03 6.10622042e-03
4800 4.80000000e+02 5.00198547e-03 -3.69581324e-03 6.21923582e-03
4900 4.90000000e+02 5.12537919e-03 -3.60411080e-03 6.26571037e-03
5000 5.00000000e+02 5.05857915e-03 -3.64341680e-03 6.23407643e-03
5100 5.10000000e+02 5.09064086e-03 -3.43126990e-03 6.13907464e-03
5200 5.20000000e+02 5.40884258e-03 -3.35312355e-03 6.36388369e-03
5300 5.30000000e+02 5.34484675e-03 -3.39987082e-03 6.33454879e-03
5400 5.40000000e+02 5.48765529e-03 -3.37359775e-03 6.44170182e-03
5500 5.50000000e+02 5.57950884e-03 -3.52010690e-03 6.59712600e-03
5600 5.60000000e+02 5.58813103e-03 -3.26678785e-03 6.47295228e-03
5700 5.70000000e+02 5.56418579e-03 -3.28065315e-03 6.45932261e-03
5800 5.80000000e+02 5.56250336e-03 -3.32104834e-03 6.47848791e-03
5900 5.90000000e+02 5.61849866e-03 -3.37447971e-03 6.55397898e-03
6000 6.00000000e+02 5.48716914e-03 -3.14363814e-03 6.32388219e-03
6100 6.10000000e+02 5.51922387e-03 -3.23268119e-03 6.39625357e-03
6200 6.20000000e+02 5.47652552e-03 -3.11870058e-03 6.30227142e-03
6300 6.30000000e+02 5.37034310e-03 -2.77091516e-03 6.04305849e-03
6400 6.40000000e+02 5.43054892e-03 -2.94852420e-03 6.17937347e-03
6500 6.50000000e+02 5.34558576e-03 -3.07350187e-03 6.16617392e-03
6600 6.60000000e+02 5.51168201e-03 -3.35028023e-03 6.45004002e-03
6700 6.70000000e+02 5.28605236e-03 -3.27722705e-03 6.21953106e-03
6800 6.80000000e+02 5.58759412e-03 -3.62831634e-03 6.66227345e-03
6900 6.90000000e+02 5.39077725e-03 -3.62639665e-03 6.49701716e-03
7000 7.00000000e+02 5.42454608e-03 -3.62889003e-03 6.52644949e-03
7100 7.10000000e+02 5.37747610e-03 -3.26073309e-03 6.28884962e-03
7200 7.20000000e+02 5.34512196e-03 -3.49671370e-03 6.38727919e-03
7300 7.30000000e+02 5.16753970e-03 -3.37829557e-03 6.17384382e-03
7400 7.40000000e+02 5.05909557e-03 -3.45189660e-03 6.12454391e-03
7500 7.50000000e+02 4.99449065e-03 -3.40280635e-03 6.04351122e-03
7600 7.60000000e+02 4.87909699e-03 -3.24034831e-03 5.85708499e-03
7700 7.70000000e+02 4.68559610e-03 -3.28800851e-03 5.72414279e-03
7800 7.80000000e+02 4.50780336e-03 -3.37265502e-03 5.62983952e-03
7900 7.90000000e+02 4.68953932e-03 -3.29220714e-03 5.72978244e-03
8000 8.00000000e+02 4.77991905e-03 -3.37208668e-03 5.84966620e-03
8100 8.10000000e+02 4.70211077e-03 -3.47518525e-03 5.84694435e-03
8200 8.20000000e+02 4.60283970e-03 -3.16479872e-03 5.58588259e-03
8300 8.30000000e+02 4.49511968e-03 -3.10179498e-03 5.46143141e-03
8400 8.40000000e+02 4.47351346e-03 -2.87359720e-03 5.31694306e-03
8500 8.50000000e+02 4.38142940e-03 -2.83961091e-03 5.22114104e-03
8600 8.60000000e+02 4.31778654e-03 -3.02377064e-03 5.27128727e-03
8700 8.70000000e+02 4.48578130e-03 -3.04447021e-03 5.42134972e-03
8800 8.80000000e+02 4.47630603e-03 -2.89619854e-03 5.33153652e-03
8900 8.90000000e+02 4.55450034e-03 -3.15170456e-03 5.53865642e-03
9000 9.00000000e+02 4.79147444e-03 -3.27449339e-03 5.80349328e-03
9100 9.10000000e+02 4.92661260e-03 -3.39111895e-03 5.98090290e-03
9200 9.20000000e+02 4.82199760e-03 -3.44422599e-03 5.92573654e-03
9300 9.30000000e+02 4.93210182e-03 -3.46740615e-03 6.02897452e-03
9400 9.40000000e+02 4.95756743e-03 -3.34389112e-03 5.97988986e-03
9500 9.50000000e+02 5.07168053e-03 -3.40684224e-03 6.10970682e-03
9600 9.60000000e+02 5.23183215e-03 -3.39036435e-03 6.23431136e-03
9700 9.70000000e+02 5.13020484e-03 -3.09891719e-03 5.99352062e-03
9800 9.80000000e+02 5.28713129e-03 -3.02928174e-03 6.09346414e-03
9900 9.90000000e+02 5.29902242e-03 -3.10459035e-03 6.14150794e-03
10000 1.00000000e+03 5.27551491e-03 -3.13749909e-03 6.13799300e-03
10100 1.01000000e+03 5.13980538e-03 -3.06214625e-03 5.98283703e-03
10200 1.02000000e+03 4.93521476e-03 -3.03406361e-03 5.79326219e-03
10300 1.03000000e+03 5.30111603e-03 -3.40551510e-03 6.30074316e-03
10400 1.04000000e+03 5.22252452e-03 -3.33986757e-03 6.19915137e-03
10500 1.05000000e+03 5.39823808e-03 -3.18842917e-03 6.26953387e-03
10600 1.06000000e+03 5.20317908e-03 -3.05699022e-03 6.03475449e-03
10700 1.07000000e+03 5.17164962e-03 -2.97922059e-03 5.96839301e-03
10800 1.08000000e+03 5.03873732e-03 -3.26609099e-03 6.00468352e-03
10900 1.09000000e+03 5.04547358e-03 -3.48627334e-03 6.13277306e-03
11000 1.10000000e+03 4.88737691e-03 -3.50381713e-03 6.01358359e-03
11100 1.11000000e+03 4.81883157e-03 -3.70951160e-03 6.08125102e-03
11200 1.12000000e+03 4.85580508e-03 -3.54135176e-03 6.00999295e-03
11300 1.13000000e+03 4.99095721e-03 -3.79668153e-03 6.27092055e-03
11400 1.14000000e+03 5.16502000e-03 -3.79638141e-03 6.41014379e-03
11500 1.15000000e+03 5.12710772e-03 -3.67181026e-03 6.30630036e-03
11600 1.16000000e+03 5.08564292e-03 -3.70350876e-03 6.29124320e-03
11700 1.17000000e+03 5.01347100e-03 -3.52433277e-03 6.12827977e-03
11800 1.18000000e+03 5.14237490e-03 -3.53132468e-03 6.23813061e-03
11900 1.19000000e+03 5.03001129e-03 -3.37216724e-03 6.05578446e-03
12000 1.20000000e+03 5.03862184e-03 -3.45248822e-03 6.10797715e-03
12100 1.21000000e+03 5.09058917e-03 -3.41324089e-03 6.12897312e-03
12200 1.22000000e+03 5.10476483e-03 -3.31421057e-03 6.08626451e-03
12300 1.23000000e+03 5.18411398e-03 -3.32028582e-03 6.15624363e-03
12400 1.24000000e+03 5.21100732e-03 -3.33036692e-03 6.18433028e-03
12500 1.25000000e+03 5.28517365e-03 -3.26745235e-03 6.21363866e-03
12600 1.26000000e+03 5.12065087e-03 -3.13427043e-03 6.00372521e-03
12700 1.27000000e+03 5.46499062e-03 -3.18900030e-03 6.32738852e-03
12800 1.28000000e+03 5.23065170e-03 -3.21227824e-03 6.13827734e-03
12900 1.29000000e+03 5.27913403e-03 -3.60221555e-03 6.39102597e-03
13000 1.30000000e+03 5.18548861e-03 -3.79994791e-03 6.42875542e-03
13100 1.31000000e+03 5.15482994e-03 -3.77668301e-03 6.39027435e-03
13200 1.32000000e+03 5.05359750e-03 -3.52254533e-03 6.16012770e-03
13300 1.33000000e+03 5.00847632e-03 -3.69160762e-03 6.22196126e-03
13400 1.34000000e+03 4.99776611e-03 -3.50587303e-03 6.10481874e-03
13500 1.35000000e+03 5.18821552e-03 -3.32966121e-03 6.16475661e-03
13600 1.36000000e+03 5.60412370e-03 -3.53434542e-03 6.62554148e-03
13700 1.37000000e+03 5.67595754e-03 -3.80053930e-03 6.83085595e-03
13800 1.38000000e+03 5.51993679e-03 -3.51790478e-03 6.54563643e-03
13900 1.39000000e+03 5.35410224e-03 -3.43754375e-03 6.36263450e-03
14000 1.40000000e+03 5.21179009e-03 -3.19819571e-03 6.11483539e-03
14100 1.41000000e+03 5.18462341e-03 -3.43199354e-03 6.21762813e-03
14200 1.42000000e+03 5.20084472e-03 -3.57504305e-03 6.31107904e-03
14300 1.43000000e+03 5.04458789e-03 -3.41149908e-03 6.08984343e-03
14400 1.44000000e+03 4.98589175e-03 -3.18449643e-03 5.91609111e-03
14500 1.45000000e+03 5.01783518e-03 -3.12197604e-03 5.90977193e-03
14600 1.46000000e+03 5.04487380e-03 -3.16842273e-03 5.95731939e-03
14700 1.47000000e+03 5.03802858e-03 -3.24053364e-03 5.99022456e-03
14800 1.48000000e+03 4.79762675e-03 -3.14837485e-03 5.73842196e-03
14900 1.49000000e+03 4.64165071e-03 -2.97098048e-03 5.51104766e-03
15000 1.50000000e+03 4.72009834e-03 -2.63525080e-03 5.40591113e-03
15100 1.51000000e+03 5.15818037e-03 -3.17997718e-03 6.05962702e-03
15200 1.52000000e+03 5.24134049e-03 -3.14924633e-03 6.11468745e-03
15300 1.53000000e+03 5.11686085e-03 -3.09822080e-03 5.98174197e-03
15400 1.54000000e+03 4.91707912e-03 -3.11924424e-03 5.82300195e-03
15500 1.55000000e+03 4.78371419e-03 -2.96302186e-03 5.62702586e-03
15600 1.56000000e+03 4.79196664e-03 -2.86555523e-03 5.58339960e-03
15700 1.57000000e+03 4.87325853e-03 -3.03986925e-03 5.74364464e-03
15800 1.58000000e+03 4.81297635e-03 -3.15369479e-03 5.75417519e-03
15900 1.59000000e+03 4.95320186e-03 -3.30970692e-03 5.95721148e-03
16000 1.60000000e+03 5.10622095e-03 -3.14411940e-03 5.99658063e-03
16100 1.61000000e+03 5.15613332e-03 -3.10274004e-03 6.01769944e-03
16200 1.62000000e+03 5.28796203e-03 -3.13281594e-03 6.14630606e-03
16300 1.63000000e+03 5.41438255e-03 -3.04884859e-03 6.21377632e-03
16400 1.64000000e+03 5.31562930e-03 -3.20579647e-03 6.20749916e-03
16500 1.65000000e+03 5.35216881e-03 -3.24708410e-03 6.26013307e-03
16600 1.66000000e+03 5.37126791e-03 -3.12371226e-03 6.21354144e-03
16700 1.67000000e+03 5.38349804e-03 -3.12779774e-03 6.22616815e-03
16800 1.68000000e+03 5.27435960e-03 -3.11395223e-03 6.12499532e-03
16900 1.69000000e+03 5.16308239e-03 -3.06049711e-03 6.00200486e-03
17000 1.70000000e+03 5.30814985e-03 -3.30044515e-03 6.25055142e-03
17100 1.71000000e+03 5.38337044e-03 -3.28587112e-03 6.30695064e-03
17200 1.72000000e+03 5.33296401e-03 -3.22017400e-03 6.22976931e-03
17300 1.73000000e+03 5.20580402e-03 -3.23844561e-03 6.13089924e-03
17400 1.74000000e+03 5.25012892e-03 -3.52167874e-03 6.32187273e-03
17500 1.75000000e+03 4.99711279e-03 -3.39153572e-03 6.03934191e-03
17600 1.76000000e+03 5.05429087e-03 -3.55138653e-03 6.17723259e-03
17700 1.77000000e+03 4.92206216e-03 -3.32390401e-03 5.93927889e-03
17800 1.78000000e+03 4.99941129e-03 -3.51230567e-03 6.10986124e-03
17900 1.79000000e+03 4.87017306e-03 -3.41667957e-03 5.94914152e-03
18000 1.80000000e+03 4.93710209e-03 -3.37605132e-03 5.98102830e-03
18100 1.81000000e+03 5.22637879e-03 -3.69806355e-03 6.40239872e-03
18200 1.82000000e+03 5.17797843e-03 -3.60903144e-03 6.31162170e-03
18300 1.83000000e+03 5.31914737e-03 -3.59492004e-03 6.42002950e-03
18400 1.84000000e+03 5.49115473e-03 -3.70835583e-03 6.62606092e-03
18500 1.85000000e+03 5.30669838e-03 -3.51404957e-03 6.36471461e-03
18600 1.86000000e+03 5.19632222e-03 -3.17886169e-03 6.09154548e-03
18700 1.87000000e+03 5.20150969e-03 -3.49696586e-03 6.26773270e-03
18800 1.88000000e+03 5.18878736e-03 -3.38009908e-03 6.19262335e-03
18900 1.89000000e+03 5.02703432e-03 -3.33077251e-03 6.03034987e-03
19000 1.90000000e+03 5.07991016e-03 -3.24752065e-03 6.02925183e-03
19100 1.91000000e+03 5.18151931e-03 -3.12390598e-03 6.05036618e-03
19200 1.92000000e+03 5.19270636e-03 -3.29200737e-03 6.14829341e-03
19300 1.93000000e+03 5.23368781e-03 -3.49011808e-03 6.29066072e-03
19400 1.94000000e+03 5.08187432e-03 -3.66956089e-03 6.26826321e-03
19500 1.95000000e+03 5.15541947e-03 -3.69229144e-03 6.34124325e-03
19600 1.96000000e+03 5.25796181e-03 -3.87156638e-03 6.52956267e-03
19700 1.97000000e+03 5.32990834e-03 -3.76365799e-03 6.52480225e-03
19800 1.98000000e+03 5.19878650e-03 -3.67291993e-03 6.36535324e-03
19900 1.99000000e+03 5.11481334e-03 -3.62612354e-03 6.26977570e-03
20000 2.00000000e+03 5.05564129e-03 -3.73333879e-03 6.28468992e-03
20100 2.01000000e+03 4.92370129e-03 -3.70451785e-03 6.16167890e-03
20200 2.02000000e+03 5.07667335e-03 -3.81351262e-03 6.34944807e-03
20300 2.03000000e+03 4.97137150e-03 -3.72389122e-03 6.21143304e-03
20400 2.04000000e+03 5.06247999e-03 -3.79455253e-03 6.32671578e-03
20500 2.05000000e+03 5.32722566e-03 -3.60912690e-03 6.43468183e-03
20600 2.06000000e+03 5.23797516e-03 -3.52575770e-03 6.31405979e-03
20700 2.07000000e+03 5.20144822e-03 -3.24319000e-03 6.12971003e-03
20800 2.08000000e+03 5.27081639e-03 -3.30480211e-03 6.22119140e-03
20900 2.09000000e+03 5.46440389e-03 -3.40892770e-03 6.44053553e-03
21000 2.10000000e+03 5.56395575e-03 -3.41206254e-03 6.52685026e-03
21100 2.11000000e+03 5.48223360e-03 -3.42323747e-03 6.46323758e-03
21200 2.12000000e+03 5.50935324e-03 -3.86214769e-03 6.72823587e-03
21300 2.13000000e+03 5.56199998e-03 -3.62429000e-03 6.63862348e-03
21400 2.14000000e+03 5.46314847e-03 -3.38485371e-03 6.42675858e-03
21500 2.15000000e+03 5.31754084e-03 -3.08146840e-03 6.14586756e-03
21600 2.16000000e+03 5.31005859e-03 -3.02049494e-03 6.10901890e-03
21700 2.17000000e+03 5.20389806e-03 -2.91947881e-03 5.96690134e-03
21800 2.18000000e+03 5.12766838e-03 -3.18901148e-03 6.03844162e-03
21900 2.19000000e+03 5.00801671e-03 -3.06281517e-03 5.87035503e-03
22000 2.20000000e+03 5.05155604e-03 -2.89690238e-03 5.82325183e-03
22100 2.21000000e+03 5.04462607e-03 -2.66520982e-03 5.70540056e-03
22200 2.22000000e+03 4.99880407e-03 -2.89331283e-03 5.77575114e-03
22300 2.23000000e+03 5.11641707e-03 -2.85698939e-03 5.86004369e-03
22400 2.24000000e+03 4.98347823e-03 -2.90806359e-03 5.76991240e-03
22500 2.25000000e+03 4.95886011e-03 -2.92791682e-03 5.75873168e-03
22600 2.26000000e+03 5.07401582e-03 -3.01280920e-03 5.90107243e-03
22700 2.27000000e+03 5.05512999e-03 -3.30513949e-03 6.03972568e-03
22800 2.28000000e+03 5.07680885e-03 -3.09074996e-03 5.94362881e-03
22900 2.29000000e+03 5.30402362e-03 -3.14983120e-03 6.16880079e-03
23000 2.30000000e+03 5.36403246e-03 -3.41356080e-03 6.35808474e-03
23100 2.31000000e+03 5.34252450e-03 -3.40409088e-03 6.33485617e-03
23200 2.32000000e+03 5.36766881e-03 -3.30421329e-03 6.30314952e-03
23300 2.33000000e+03 5.18221175e-03 -3.39169987e-03 6.19345999e-03
23400 2.34000000e+03 4.98249987e-03 -3.00213136e-03 5.81705232e-03
23500 2.35000000e+03 5.10909408e-03 -2.96709337e-03 5.90817107e-03
23600 2.36000000e+03 5.15833590e-03 -3.36766918e-03 6.16032670e-03
23700 2.37000000e+03 5.07264398e-03 -3.19621828e-03 5.99562576e-03
23800 2.38000000e+03 4.92032384e-03 -2.96871504e-03 5.74655164e-03
23900 2.39000000e+03 5.10421116e-03 -2.99865869e-03 5.91987546e-03
24000 2.40000000e+03 5.26851323e-03 -3.20435013e-03 6.16644884e-03
24100 2.41000000e+03 5.23855165e-03 -3.52000631e-03 6.31132853e-03
24200 2.42000000e+03 5.23433415e-03 -3.21110268e-03 6.14080080e-03
24300 2.43000000e+03 5.23132924e-03 -3.22212465e-03 6.14401277e-03
24400 2.44000000e+03 5.27910702e-03 -3.28107807e-03 6.21566120e-03
24500 2.45000000e+03 5.25943656e-03 -3.30980122e-03 6.21421411e-03
24600 2.46000000e+03 5.17211016e-03 -3.45478510e-03 6.21982826e-03
24700 2.47000000e+03 5.14787389e-03 -3.34916962e-03 6.14146096e-03
24800 2.48000000e+03 5.22962306e-03 -3.22742644e-03 6.14534285e-03
24900 2.49000000e+03 5.40800067e-03 -3.36597534e-03 6.36994986e-03
25000 2.50000000e+03 5.51302778e-03 -3.55240330e-03 6.55843308e-03
25100 2.51000000e+03 5.46682160e-03 -3.24012688e-03 6.35488479e-03
25200 2.52000000e+03 5.49236499e-03 -3.51047865e-03 6.51839961e-03
25300 2.53000000e+03 5.46002574e-03 -3.54410429e-03 6.50942058e-03
25400 2.54000000e+03 5.53961471e-03 -3.76898586e-03 6.70019295e-03
25500 2.55000000e+03 5.53807151e-03 -3.60315247e-03 6.60703744e-03
25600 2.56000000e+03 5.29919704e-03 -3.62956617e-03 6.42302420e-03
25700 2.57000000e+03 5.29299304e-03 -3.53014562e-03 6.36220901e-03
25800 2.58000000e+03 5.12641948e-03 -3.70170688e-03 6.32319623e-03
25900 2.59000000e+03 5.12071233e-03 -3.65275308e-03 6.29001588e-03
26000 2.60000000e+03 5.07565495e-03 -3.63004184e-03 6.24015039e-03
26100 2.61000000e+03 5.06596453e-03 -3.51304794e-03 6.16486030e-03
26200 2.62000000e+03 5.00743091e-03 -3.53848003e-03 6.13149290e-03
26300 2.63000000e+03 4.99855354e-03 -3.78746074e-03 6.27139509e-03
26400 2.64000000e+03 4.97372122e-03 -3.72196594e-03 6.21216012e-03
26500 2.65000000e+03 4.96840710e-03 -3.75171145e-03 6.22578573e-03
26600 2.66000000e+03 4.90110181e-03 -3.78498947e-03 6.19249096e-03
26700 2.67000000e+03 4.84339427e-03 -3.57775111e-03 6.02152564e-03
26800 2.68000000e+03 4.92638862e-03 -3.55336093e-03 6.07418132e-03
26900 2.69000000e+03 5.02743525e-03 -3.65802064e-03 6.21741266e-03
27000 2.70000000e+03 5.14990836e-03 -3.57339066e-03 6.26822757e-03
27100 2.71000000e+03 5.15757268e-03 -3.38815525e-03 6.17091176e-03
27200 2.72000000e+03 5.26975514e-03 -3.45721887e-03 6.30259325e-03
27300 2.73000000e+03 5.49602136e-03 -3.33475275e-03 6.42859446e-03
27400 2.74000000e+03 5.27292164e-03 -2.91760685e-03 6.02628678e-03
27500 2.75000000e+03 5.21075539e-03 -2.95701181e-03 5.99131793e-03
27600 2.76000000e+03 5.27845230e-03 -2.83392146e-03 5.99109085e-03
27700 2.77000000e+03 5.78112295e-03 -3.18893627e-03 6.60232513e-03
27800 2.78000000e+03 5.81326568e-03 -3.29534709e-03 6.68231774e-03
27900 2.79000000e+03 5.73930843e-03 -3.30478000e-03 6.62278129e-03
28000 2.80000000e+03 5.71101625e-03 -3.28172138e-03 6.58675958e-03
28100 2.81000000e+03 5.38137974e-03 -3.03738401e-03 6.17939719e-03
28200 2.82000000e+03 5.38822217e-03 -3.07821459e-03 6.20550910e-03
28300 2.83000000e+03 5.17526129e-03 -3.10498942e-03 6.03525382e-03
28400 2.84000000e+03 5.05637238e-03 -3.13082570e-03 5.94718179e-03
28500 2.85000000e+03 5.35529200e-03 -3.26136639e-03 6.27022034e-03
28600 2.86000000e+03 5.23566129e-03 -3.02037271e-03 6.04440240e-03
28700 2.87000000e+03 5.24384622e-03 -2.90701468e-03 5.99571993e-03
28800 2.88000000e+03 4.95327078e-03 -2.84921355e-03 5.71427241e-03
28900 2.89000000e+03 4.77022678e-03 -2.76748231e-03 5.51489092e-03
29000 2.90000000e+03 4.91907308e-03 -2.76682992e-03 5.64381323e-03
29100 2.91000000e+03 4.98668849e-03 -2.95492494e-03 5.79643369e-03
29200 2.92000000e+03 4.86970926e-03 -3.25885857e-03 5.85954157e-03
29300 2.93000000e+03 4.89475997e-03 -3.12232482e-03 5.80582358e-03
29400 2.94000000e+03 5.07212617e-03 -3.42542818e-03 6.12045930e-03
29500 2.95000000e+03 5.18870074e-03 -3.36526474e-03 6.18446620e-03
29600 2.96000000e+03 5.00034168e-03 -3.24023305e-03 5.95839972e-03
29700 2.97000000e+03 5.07303607e-03 -3.29686422e-03 6.05020732e-03
29800 2.98000000e+03 5.15620597e-03 -3.23841325e-03 6.08882422e-03
29900 2.99000000e+03 5.04780188e-03 -3.12911416e-03 5.93899480e-03
30000 3.00000000e+03 5.06926980e-03 -3.11363558e-03 5.94913631e-03
30100 3.01000000e+03 5.09484205e-03 -3.08886077e-03 5.95805979e-03
30200 3.02000000e+03 5.19261509e-03 -3.20026046e-03 6.09958347e-03
30300 3.03000000e+03 5.24640782e-03 -3.36494343e-03 6.23278744e-03
30400 3.04000000e+03 5.15682995e-03 -3.30004632e-03 6.12235256e-03
30500 3.05000000e+03 5.12964837e-03 -3.20052588e-03 6.04621025e-03
30600 3.06000000e+03 5.06373448e-03 -3.00423196e-03 5.88785331e-03
30700 3.07000000e+03 5.12151886e-03 -3.36824288e-03 6.12984629e-03
30800 3.08000000e+03 5.35368267e-03 -3.39472899e-03 6.33925099e-03
30900 3.09000000e+03 5.46970777e-03 -3.45552666e-03 6.46980430e-03
31000 3.10000000e+03 5.31358691e-03 -3.31991026e-03 6.26546167e-03
31100 3.11000000e+03 5.40639646e-03 -3.11881048e-03 6.24148232e-03
31200 3.12000000e+03 5.27808629e-03 -3.25315632e-03 6.20009846e-03
31300 3.13000000e+03 5.21669257e-03 -2.98312493e-03 6.00940228e-03
31400 3.14000000e+03 5.34997554e-03 -2.98182573e-03 6.12482841e-03
31500 3.15000000e+03 5.44616440e-03 -3.06585734e-03 6.24981503e-03
31600 3.16000000e+03 5.55771217e-03 -3.34076490e-03 6.48451036e-03
31700 3.17000000e+03 5.68063185e-03 -3.57054942e-03 6.70957535e-03
31800 3.18000000e+03 5.65514341e-03 -3.62759549e-03 6.71863796e-03
31900 3.19000000e+03 5.63359074e-03 -3.44684767e-03 6.60440031e-03
32000 3.20000000e+03 5.74470637e-03 -3.74364736e-03 6.85686130e-03
32100 3.21000000e+03 5.56761678e-03 -3.47354682e-03 6.56230784e-03
32200 3.22000000e+03 5.62002510e-03 -3.40557867e-03 6.57135056e-03
32300 3.23000000e+03 5.42022148e-03 -3.79954791e-03 6.61931758e-03
32400 3.24000000e+03 5.28787542e-03 -3.50249326e-03 6.34264026e-03
32500 3.25000000e+03 5.42366086e-03 -3.75605933e-03 6.59727814e-03
32600 3.26000000e+03 5.33113955e-03 -3.64251761e-03 6.45670066e-03
32700 3.27000000e+03 4.98158485e-03 -3.63955088e-03 6.16948281e-03
32800 3.28000000e+03 5.11103682e-03 -3.61607154e-03 6.26088418e-03
32900 3.29000000e+03 5.03981719e-03 -3.27602564e-03 6.01099836e-03
33000 3.30000000e+03 5.03303437e-03 -3.26202530e-03 5.99768655e-03
33100 3.31000000e+03 5.20715071e-03 -3.20319552e-03 6.11349982e-03
33200 3.32000000e+03 5.17906388e-03 -3.47507629e-03 6.23689489e-03
33300 3.33000000e+03 5.08404616e-03 -3.13252048e-03 5.97161703e-03
33400 3.34000000e+03 5.05065406e-03 -3.14295152e-03 5.94871841e-03
33500 3.35000000e+03 5.03106648e-03 -3.02206352e-03 5.86894351e-03
33600 3.36000000e+03 5.42439707e-03 -3.23174987e-03 6.31413420e-03
33700 3.37000000e+03 5.57170948e-03 -3.26480577e-03 6.45777851e-03
33800 3.38000000e+03 5.40625770e-03 -3.02103348e-03 6.19308207e-03
33900 3.39000000e+03 5.27268741e-03 -2.91936821e-03 6.02693482e-03
34000 3.40000000e+03 5.36253816e-03 -2.92929192e-03 6.11044733e-03
34100 3.41000000e+03 5.22200065e-03 -2.91957939e-03 5.98274474e-03
34200 3.42000000e+03 5.51006664e-03 -3.52712674e-03 6.54228228e-03
34300 3.43000000e+03 5.46174822e-03 -3.44824698e-03 6.45918732e-03
34400 3.44000000e+03 5.60095254e-03 -3.64873861e-03 6.68460641e-03
34500 3.45000000e+03 5.69220725e-03 -3.74198006e-03 6.81202160e-03
34600 3.46000000e+03 5.50856022e-03 -3.34700150e-03 6.44566946e-03
34700 3.47000000e+03 5.35231689e-03 -3.23505118e-03 6.25402688e-03
34800 3.48000000e+03 5.52104134e-03 -3.53106554e-03 6.55364947e-03
34900 3.49000000e+03 5.47784707e-03 -3.28805065e-03 6.38890331e-03
35000 3.50000000e+03 5.50833810e-03 -3.19669908e-03 6.36872622e-03
35100 3.51000000e+03 5.53024514e-03 -3.19508766e-03 6.38687689e-03
35200 3.52000000e+03 5.35632437e-03 -3.36801703e-03 6.32722289e-03
35300 3.53000000e+03 5.21312561e-03 -3.14854574e-03 6.09015754e-03
35400 3.54000000e+03 5.09570213e-03 -3.51098320e-03 6.18814861e-03
35500 3.55000000e+03 5.06205112e-03 -3.25431209e-03 6.01788241e-03
35600 3.56000000e+03 5.11128269e-03 -3.35915852e-03 6.11630254e-03
35700 3.57000000e+03 5.16797509e-03 -3.38314823e-03 6.17686478e-03
35800 3.58000000e+03 5.14788833e-03 -3.29334894e-03 6.11121113e-03
35900 3.59000000e+03 5.30862669e-03 -3.39385611e-03 6.30077587e-03
36000 3.60000000e+03 5.27677266e-03 -3.41161992e-03 6.28358816e-03
36100 3.61000000e+03 5.24157146e-03 -3.32987262e-03 6.20984082e-03
36200 3.62000000e+03 5.05360914e-03 -2.99577671e-03 5.87483136e-03
36300 3.63000000e+03 4.96436888e-03 -3.06307594e-03 5.83330032e-03
36400 3.64000000e+03 5.03040897e-03 -3.16661922e-03 5.94411404e-03
36500 3.65000000e+03 4.94983885e-03 -3.32404021e-03 5.96239449e-03
36600 3.66000000e+03 4.75866627e-03 -3.50120105e-03 5.90790263e-03
36700 3.67000000e+03 4.79458645e-03 -3.36206565e-03 5.85589828e-03
36800 3.68000000e+03 4.80345078e-03 -3.17706796e-03 5.75907112e-03
36900 3.69000000e+03 4.84467344e-03 -2.95999763e-03 5.67736266e-03
37000 3.70000000e+03 4.81389370e-03 -2.91297771e-03 5.62663413e-03
37100 3.71000000e+03 4.83413646e-03 -3.13791656e-03 5.76327994e-03
37200 3.72000000e+03 4.99998359e-03 -3.22658848e-03 5.95068980e-03
37300 3.73000000e+03 5.08942455e-03 -3.38321179e-03 6.11133081e-03
37400 3.74000000e+03 5.14878053e-03 -3.25208204e-03 6.08982582e-03
37500 3.75000000e+03 5.13034360e-03 -3.18675605e-03 6.03952313e-03
37600 3.76000000e+03 5.08316373e-03 -3.24307010e-03 6.02959843e-03
37700 3.77000000e+03 4.92221396e-03 -3.07470979e-03 5.80362220e-03
37800 3.78000000e+03 4.88915714e-03 -3.00926715e-03 5.74104052e-03
37900 3.79000000e+03 4.94677806e-03 -2.98442715e-03 5.77731933e-03
38000 3.80000000e+03 4.76450846e-03 -3.01187532e-03 5.63665981e-03
38100 3.81000000e+03 5.17802173e-03 -3.54301557e-03 6.27414284e-03
38200 3.82000000e+03 5.12193842e-03 -3.38543952e-03 6.13966236e-03
38300 3.83000000e+03 5.28239412e-03 -3.42435786e-03 6.29522949e-03
38400 3.84000000e+03 5.33197215e-03 -3.55541520e-03 6.40865854e-03
38500 3.85000000e+03 5.44185191e-03 -3.79015482e-03 6.63166840e-03
38600 3.86000000e+03 5.44872321e-03 -3.92757589e-03 6.71672815e-03
38700 3.87000000e+03 5.31977741e-03 -3.92376818e-03 6.61029412e-03
38800 3.88000000e+03 5.32612577e-03 -3.78231332e-03 6.53249644e-03
38900 3.89000000e+03 5.35078952e-03 -4.06079739e-03 6.71721847e-03
39000 3.90000000e+03 5.29176928e-03 -3.89723177e-03 6.57200408e-03
39100 3.91000000e+03 4.99101263e-03 -4.02447348e-03 6.41144242e-03
39200 3.92000000e+03 5.08882152e-03 -3.80948582e-03 6.35675127e-03
39300 3.93000000e+03 5.07353712e-03 -3.51979863e-03 6.17493006e-03
39400 3.94000000e+03 5.02852257e-03 -3.20070377e-03 5.96075028e-03
39500 3.95000000e+03 5.19803353e-03 -3.35047953e-03 6.18427567e-03
39600 3.96000000e+03 5.01382910e-03 -2.96796183e-03 5.82642941e-03
39700 3.97000000e+03 4.88283206e-03 -2.77924910e-03 5.61838718e-03
39800 3.98000000e+03 5.08293649e-03 -3.31115699e-03 6.06630069e-03
39900 3.99000000e+03 5.08279307e-03 -2.94828881e-03 5.87598436e-03
40000 4.00000000e+03 4.92751272e-03 -2.72105820e-03 5.62890215e-03
40100 4.01000000e+03 5.08131739e-03 -2.83510960e-03 5.81873120e-03
40200 4.02000000e+03 4.95426124e-03 -2.91938335e-03 5.75043508e-03
40300 4.03000000e+03 5.56265516e-03 -3.04228114e-03 6.34023714e-03
40400 4.04000000e+03 5.57320472e-03 -3.01052141e-03 6.33433895e-03
40500 4.05000000e+03 5.57669252e-03 -2.86396989e-03 6.26911660e-03
40600 4.06000000e+03 5.65849245e-03 -3.04973265e-03 6.42801727e-03
40700 4.07000000e+03 5.48083149e-03 -2.65229493e-03 6.08885722e-03
40800 4.08000000e+03 5.42961108e-03 -3.07990890e-03 6.24231650e-03
40900 4.09000000e+03 5.50278137e-03 -3.31872236e-03 6.42608130e-03
41000 4.10000000e+03 5.48802130e-03 -3.48642003e-03 6.50180762e-03
41100 4.11000000e+03 5.49810473e-03 -3.45477602e-03 6.49342998e-03
41200 4.12000000e+03 5.50776627e-03 -3.27865803e-03 6.40976503e-03
41300 4.13000000e+03 5.37109654e-03 -3.07490607e-03 6.18900036e-03
41400 4.14000000e+03 5.28946472e-03 -3.10285669e-03 6.13238589e-03
41500 4.15000000e+03 5.50194224e-03 -3.33771505e-03 6.43519310e-03
41600 4.16000000e+03 5.40071307e-03 -3.28938803e-03 6.32358879e-03
41700 4.17000000e+03 5.25707053e-03 -3.51106282e-03 6.32173653e-03
41800 4.18000000e+03 5.28670335e-03 -3.47474543e-03 6.32638034e-03
41900 4.19000000e+03 5.09381574e-03 -3.57484468e-03 6.22305980e-03
42000 4.20000000e+03 5.04954066e-03 -3.18084052e-03 5.96788131e-03
42100 4.21000000e+03 5.18524181e-03 -3.09489458e-03 6.03863437e-03
42200 4.22000000e+03 5.11122542e-03 -3.20057571e-03 6.03061441e-03
42300 4.23000000e+03 5.22987638e-03 -3.25114699e-03 6.15804869e-03
42400 4.24000000e+03 5.11596305e-03 -3.16878036e-03 6.01782742e-03
42500 4.25000000e+03 5.09892590e-03 -3.05380905e-03 5.94346659e-03
42600 4.26000000e+03 5.18797897e-03 -3.46016651e-03 6.23601460e-03
42700 4.27000000e+03 5.25713712e-03 -3.50075541e-03 6.31607308e-03
42800 4.28000000e+03 5.30665647e-03 -3.36403633e-03 6.28309982e-03
42900 4.29000000e+03 5.31598972e-03 -3.41599551e-03 6.31892175e-03
43000 4.30000000e+03 5.19591384e-03 -3.42410384e-03 6.22270100e-03
43100 4.31000000e+03 5.10008167e-03 -3.64385080e-03 6.26805247e-03
43200 4.32000000e+03 5.00334054e-03 -3.38492449e-03 6.04078889e-03
43300 4.33000000e+03 4.97188838e-03 -3.23994621e-03 5.93438502e-03
43400 4.34000000e+03 4.76778531e-03 -3.16102873e-03 5.72047895e-03
43500 4.35000000e+03 4.82184347e-03 -3.31812864e-03 5.85321724e-03
43600 4.36000000e+03 4.81792958e-03 -3.13171744e-03 5.74631183e-03
43700 4.37000000e+03 4.83160373e-03 -3.21028219e-03 5.80088841e-03
43800 4.38000000e+03 4.70557064e-03 -3.15714069e-03 5.66656266e-03
43900 4.39000000e+03 4.76543559e-03 -3.08058644e-03 5.67445056e-03
44000 4.40000000e+03 4.84167552e-03 -3.11482302e-03 5.75707775e-03
44100 4.41000000e+03 4.72302316e-03 -3.19866790e-03 5.70424614e-03
44200 4.42000000e+03 4.73993132e-03 -3.23750521e-03 5.74006872e-03
44300 4.43000000e+03 4.67226468e-03 -3.21104145e-03 5.66928959e-03
44400 4.44000000e+03 4.60397173e-03 -3.24538024e-03 5.63285439e-03
44500 4.45000000e+03 4.43841470e-03 -3.13722133e-03 5.43522610e-03
44600 4.46000000e+03 4.34857933e-03 -3.08093708e-03 5.32938228e-03
44700 4.47000000e+03 4.37800633e-03 -3.04056704e-03 5.33028961e-03
44800 4.48000000e+03 4.50772466e-03 -3.07983300e-03 5.45939126e-03
44900 4.49000000e+03 4.47236979e-03 -3.40831652e-03 5.62305194e-03
45000 4.50000000e+03 4.63558082e-03 -3.39963427e-03 5.74857571e-03
45100 4.51000000e+03 4.70756134e-03 -3.58905853e-03 5.91966848e-03
45200 4.52000000e+03 4.79516154e-03 -3.65075679e-03 6.02674036e-03
45300 4.53000000e+03 4.64881631e-03 -3.98591068e-03 6.12364083e-03
45400 4.54000000e+03 4.93951328e-03 -3.93445930e-03 6.31496329e-03
45500 4.55000000e+03 4.97756153e-03 -3.77846370e-03 6.24923249e-03
45600 4.56000000e+03 4.93114209e-03 -3.85114411e-03 6.25679417e-03
45700 4.57000000e+03 5.30777778e-03 -3.98621708e-03 6.63795387e-03
45800 4.58000000e+03 5.25200740e-03 -3.56502342e-03 6.34767467e-03
45900 4.59000000e+03 5.36918826e-03 -3.38756619e-03 6.34852639e-03
46000 4.60000000e+03 5.17823780e-03 -3.14754690e-03 6.05980183e-03
46100 4.61000000e+03 5.04686777e-03 -3.04713892e-03 5.89541600e-03
46200 4.62000000e+03 5.06984256e-03 -2.90319650e-03 5.84224730e-03
46300 4.63000000e+03 5.01622539e-03 -2.88365455e-03 5.78601597e-03
46400 4.64000000e+03 4.88945050e-03 -3.08067678e-03 5.77903933e-03
46500 4.65000000e+03 5.04920818e-03 -3.17295990e-03 5.96340320e-03
46600 4.66000000e+03 5.13261091e-03 -3.13107437e-03 6.01226425e-03
46700 4.67000000e+03 4.94863745e-03 -2.79114209e-03 5.68150392e-03
46800 4.68000000e+03 5.10632526e-03 -2.86599714e-03 5.85563808e-03
46900 4.69000000e+03 4.90288995e-03 -2.95475917e-03 5.72441540e-03
47000 4.70000000e+03 4.89500724e-03 -3.14860954e-03 5.82020944e-03
47100 4.71000000e+03 4.92386241e-03 -3.29801091e-03 5.92632238e-03
47200 4.72000000e+03 4.80446126e-03 -3.14758718e-03 5.74370552e-03
47300 4.73000000e+03 4.88276780e-03 -3.60434642e-03 6.06899781e-03
47400 4.74000000e+03 4.98620421e-03 -3.68571794e-03 6.20054426e-03
47500 4.75000000e+03 4.85911872e-03 -3.56864231e-03 6.02878451e-03
47600 4.76000000e+03 4.90435353e-03 -3.80717171e-03 6.20864236e-03
47700 4.77000000e+03 4.85975062e-03 -3.52527760e-03 6.00372870e-03
47800 4.78000000e+03 4.97827725e-03 -3.70342098e-03 6.20472170e-03
47900 4.79000000e+03 4.82943561e-03 -3.54683981e-03 5.99195469e-03
48000 4.80000000e+03 4.74244449e-03 -3.43704876e-03 5.85696883e-03
48100 4.81000000e+03 4.71500168e-03 -3.40463361e-03 5.81573476e-03
48200 4.82000000e+03 4.90717171e-03 -3.42838280e-03 5.98616261e-03
48300 4.83000000e+03 5.02394373e-03 -3.60259390e-03 6.18212693e-03
48400 4.84000000e+03 5.22529567e-03 -3.59121035e-03 6.34038694e-03
48500 4.85000000e+03 5.22320159e-03 -3.36099160e-03 6.21112706e-03
48600 4.86000000e+03 5.24017960e-03 -3.34234419e-03 6.21536378e-03
48700 4.87000000e+03 5.41216694e-03 -3.37975239e-03 6.38077403e-03
48800 4.88000000e+03 5.47670666e-03 -3.23255546e-03 6.35953856e-03
48900 4.89000000e+03 5.49065974e-03 -3.16150044e-03 6.33580535e-03
49000 4.90000000e+03 5.56469336e-03 -3.05688893e-03 6.34904577e-03
49100 4.91000000e+03 5.72054321e-03 -3.29789147e-03 6.60308282e-03
49200 4.92000000e+03 5.52917505e-03 -2.98044318e-03 6.28130705e-03
49300 4.93000000e+03 5.48816239e-03 -3.37922410e-03 6.44508200e-03
49400 4.94000000e+03 5.38898725e-03 -3.28608812e-03 6.31185858e-03
49500 4.95000000e+03 5.50767966e-03 -3.51580465e-03 6.53417306e-03
49600 4.96000000e+03 5.48968045e-03 -3.52434209e-03 6.52361699e-03
49700 4.97000000e+03 5.58526814e-03 -3.53099196e-03 6.60780784e-03
49800 4.98000000e+03 5.71776554e-03 -3.61139094e-03 6.76276477e-03
49900 4.99000000e+03 5.49061410e-03 -3.43466853e-03 6.47640264e-03
50000 5.00000000e+03 5.35867596e-03 -3.25029367e-03 6.26736124e-03
50100 5.01000000e+03 5.40989451e-03 -3.27711599e-03 6.32506505e-03
50200 5.02000000e+03 5.26749250e-03 -3.43272486e-03 6.28729490e-03
50300 5.03000000e+03 5.07303281e-03 -3.44399130e-03 6.13161789e-03
50400 5.04000000e+03 4.96807229e-03 -3.62217217e-03 6.14832282e-03
50500 5.05000000e+03 4.84557729e-03 -3.48228519e-03 5.96707042e-03
50600 5.06000000e+03 4.73634247e-03 -3.28017445e-03 5.76129190e-03
50700 5.07000000e+03 4.69904020e-03 -3.43764620e-03 5.82223241e-03
50800 5.08000000e+03 4.74965060e-03 -3.51472502e-03 5.90867775e-03
50900 5.09000000e+03 4.76662442e-03 -3.33521562e-03 5.81759156e-03
51000 5.10000000e+03 4.67067864e-03 -3.18658305e-03 5.65416223e-03
51100 5.11000000e+03 4.81941039e-03 -3.42301023e-03 5.91132096e-03
51200 5.12000000e+03 4.83751390e-03 -3.31384153e-03 5.86370927e-03
51300 5.13000000e+03 4.87902109e-03 -3.30886291e-03 5.89520318e-03
51400 5.14000000e+03 4.80371714e-03 -3.06232669e-03 5.69680113e-03
51500 5.15000000e+03 4.74049244e-03 -3.21659632e-03 5.72876605e-03
51600 5.16000000e+03 4.63585183e-03 -3.13463924e-03 5.59616702e-03
51700 5.17000000e+03 4.59969509e-03 -3.14797880e-03 5.57377480e-03
51800 5.18000000e+03 4.56496747e-03 -3.22635239e-03 5.59001590e-03
51900 5.19000000e+03 4.59134579e-03 -2.97772116e-03 5.47241075e-03
52000 5.20000000e+03 4.67363605e-03 -3.42360418e-03 5.79343935e-03
52100 5.21000000e+03 4.58883122e-03 -3.47824744e-03 5.75808798e-03
52200 5.22000000e+03 4.79183253e-03 -3.32450308e-03 5.83215052e-03
52300 5.23000000e+03 5.09079406e-03 -3.30538489e-03 6.06974080e-03
52400 5.24000000e+03 5.37299644e-03 -3.39654018e-03 6.35653805e-03
52500 5.25000000e+03 5.17702987e-03 -3.15984688e-03 6.06516864e-03
52600 5.26000000e+03 5.27067436e-03 -3.03258817e-03 6.08083869e-03
52700 5.27000000e+03 5.18753985e-03 -3.00745550e-03 5.99627870e-03
52800 5.28000000e+03 5.09655150e-03 -3.00477399e-03 5.91637591e-03
52900 5.29000000e+03 5.15609328e-03 -2.88382987e-03 5.90777222e-03
53000 5.30000000e+03 5.03298314e-03 -2.77855061e-03 5.74902277e-03
53100 5.31000000e+03 5.13012754e-03 -2.95177847e-03 5.91871647e-03
53200 5.32000000e+03 5.37853455e-03 -3.32402042e-03 6.32279572e-03
53300 5.33000000e+03 5.35522914e-03 -3.13457591e-03 6.20516279e-03
53400 5.34000000e+03 5.23519935e-03 -2.91322661e-03 5.99117697e-03
53500 5.35000000e+03 5.16667590e-03 -3.12787970e-03 6.03971615e-03
53600 5.36000000e+03 5.30394726e-03 -3.53422458e-03 6.37358611e-03
53700 5.37000000e+03 5.11184055e-03 -3.38767213e-03 6.13247391e-03
53800 5.38000000e+03 5.07704727e-03 -3.61938123e-03 6.23508857e-03
53900 5.39000000e+03 5.02698310e-03 -3.43151786e-03 6.08653217e-03
54000 5.40000000e+03 4.95732902e-03 -3.51946196e-03 6.07961540e-03
54100 5.41000000e+03 4.92275739e-03 -3.24617350e-03 5.89670948e-03
54200 5.42000000e+03 5.08221053e-03 -3.58753302e-03 6.22087269e-03
54300 5.43000000e+03 5.28630009e-03 -3.79254459e-03 6.50602514e-03
54400 5.44000000e+03 5.31518925e-03 -3.60381696e-03 6.42173913e-03
54500 5.45000000e+03 5.30946953e-03 -3.50799621e-03 6.36368636e-03
54600 5.46000000e+03 5.33012161e-03 -3.61821195e-03 6.44217775e-03
54700 5.47000000e+03 5.21809096e-03 -3.28363432e-03 6.16528406e-03
54800 5.48000000e+03 5.16249845e-03 -3.41834361e-03 6.19164463e-03
54900 5.49000000e+03 5.12121804e-03 -3.48350196e-03 6.19367905e-03
55000 5.50000000e+03 5.03513590e-03 -3.22724925e-03 5.98061295e-03
55100 5.51000000e+03 5.12200501e-03 -3.37139703e-03 6.13198608e-03
55200 5.52000000e+03 5.12931030e-03 -3.53838876e-03 6.23137378e-03
55300 5.53000000e+03 5.19209309e-03 -3.51319253e-03 6.26899931e-03
55400 5.54000000e+03 5.19303605e-03 -3.29076312e-03 6.14790577e-03
55500 5.55000000e+03 5.23619913e-03 -3.28350998e-03 6.18055168e-03
55600 5.56000000e+03 5.20088756e-03 -3.26436106e-03 6.14046290e-03
55700 5.57000000e+03 5.35193272e-03 -3.69334966e-03 6.50261605e-03
55800 5.58000000e+03 5.41710667e-03 -3.78838065e-03 6.61036101e-03
55900 5.59000000e+03 5.30347414e-03 -3.66417971e-03 6.44616560e-03
56000 5.60000000e+03 5.18598687e-03 -3.60276597e-03 6.31461657e-03
56100 5.61000000e+03 5.16888592e-03 -3.48571152e-03 6.23438582e-03
56200 5.62000000e+03 5.06032910e-03 -3.37870186e-03 6.08461641e-03
56300 5.63000000e+03 5.06463740e-03 -3.49502917e-03 6.15351777e-03
56400 5.64000000e+03 5.04185166e-03 -3.52088339e-03 6.14954372e-03
56500 5.65000000e+03 5.07024163e-03 -3.81557061e-03 6.34554405e-03
56600 5.66000000e+03 5.20317815e-03 -3.87271075e-03 6.48621241e-03
56700 5.67000000e+03 5.27456449e-03 -3.63220135e-03 6.40421090e-03
56800 5.68000000e+03 5.00824722e-03 -3.20441090e-03 5.94565298e-03
56900 5.69000000e+03 5.04837139e-03 -3.41959996e-03 6.09751733e-03
57000 5.70000000e+03 5.24106063e-03 -3.68748792e-03 6.40829803e-03
57100 5.71000000e+03 5.13457274e-03 -3.53497942e-03 6.23377227e-03
57200 5.72000000e+03 5.06447162e-03 -3.23163951e-03 6.00769230e-03
57300 5.73000000e+03 5.09042153e-03 -3.24376440e-03 6.03609135e-03
57400 5.74000000e+03 5.12588536e-03 -3.53683112e-03 6.22767012e-03
57500 5.75000000e+03 5.22648077e-03 -3.41737014e-03 6.24455923e-03
57600 5.76000000e+03 5.13968710e-03 -3.43723362e-03 6.18311883e-03
57700 5.77000000e+03 5.10918722e-03 -3.42596951e-03 6.15150885e-03
57800 5.78000000e+03 5.09224553e-03 -3.22970143e-03 6.03008589e-03
57900 5.79000000e+03 5.01936302e-03 -3.21452785e-03 5.96046931e-03
58000 5.80000000e+03 5.09347441e-03 -3.25740315e-03 6.04600338e-03
58100 5.81000000e+03 5.03052538e-03 -3.30177345e-03 6.01729952e-03
58200 5.82000000e+03 4.94727306e-03 -3.17258015e-03 5.87714008e-03
58300 5.83000000e+03 5.00991847e-03 -3.03093344e-03 5.85541123e-03
58400 5.84000000e+03 5.06392308e-03 -2.79478007e-03 5.78395302e-03
58500 5.85000000e+03 5.04811667e-03 -2.89547886e-03 5.81956010e-03
58600 5.86000000e+03 5.02461893e-03 -2.79101310e-03 5.74774300e-03
58700 5.87000000e+03 4.97532124e-03 -2.99507985e-03 5.80726482e-03
58800 5.88000000e+03 5.16969711e-03 -2.97449203e-03 5.96434162e-03
58900 5.89000000e+03 5.20665618e-03 -2.98437523e-03 6.00131353e-03
59000 5.90000000e+03 5.21147437e-03 -2.95606558e-03 5.99147635e-03
59100 5.91000000e+03 5.25751431e-03 -3.03214416e-03 6.06921369e-03
59200 5.92000000e+03 5.40622789e-03 -3.06275627e-03 6.21351559e-03
59300 5.93000000e+03 5.37832873e-03 -2.81493249e-03 6.07044190e-03
59400 5.94000000e+03 5.24406368e-03 -3.02305166e-03 6.05301951e-03
59500 5.95000000e+03 5.15481085e-03 -3.12406546e-03 6.02759155e-03
59600 5.96000000e+03 4.96440195e-03 -3.18758236e-03 5.89965829e-03
59700 5.97000000e+03 5.04092034e-03 -3.30021745e-03 6.02514009e-03
59800 5.98000000e+03 5.08750416e-03 -3.30832601e-03 6.06858464e-03
59900 5.99000000e+03 5.03951591e-03 -3.47413635e-03 6.12097573e-03
60000 6.00000000e+03 5.14317583e-03 -3.40324035e-03 6.16719568e-03
60100 6.01000000e+03 5.22754993e-03 -3.19404900e-03 6.12611029e-03
60200 6.02000000e+03 5.23787783e-03 -3.29967611e-03 6.19057563e-03
60300 6.03000000e+03 5.30367531e-03 -3.22804670e-03 6.20880482e-03
60400 6.04000000e+03 5.42093767e-03 -3.55832209e-03 6.48445998e-03
60500 6.05000000e+03 5.57131460e-03 -3.58715886e-03 6.62625498e-03
60600 6.06000000e+03 5.36606787e-03 -3.22161894e-03 6.25887474e-03
60700 6.07000000e+03 5.29818656e-03 -3.31851887e-03 6.25166764e-03
60800 6.08000000e+03 5.28554525e-03 -3.31305689e-03 6.23805535e-03
60900 6.09000000e+03 5.42851537e-03 -3.50371096e-03 6.46101924e-03
61000 6.10000000e+03 5.38533134e-03 -3.42163607e-03 6.38039082e-03
61100 6.11000000e+03 5.31200133e-03 -3.29737877e-03 6.25220481e-03
61200 6.12000000e+03 5.30618709e-03 -3.25155398e-03 6.22320052e-03
61300 6.13000000e+03 5.36464946e-03 -3.51133011e-03 6.41162250e-03
61400 6.14000000e+03 5.29279746e-03 -3.33332829e-03 6.25498061e-03
61500 6.15000000e+03 5.26191620e-03 -3.56240082e-03 6.35440490e-03
61600 6.16000000e+03 5.47083374e-03 -3.67581146e-03 6.59102509e-03
61700 6.17000000e+03 5.29729761e-03 -3.72601766e-03 6.47646274e-03
61800 6.18000000e+03 5.18557802e-03 -3.44454101e-03 6.22535800e-03
61900 6.19000000e+03 5.17250365e-03 -3.35796503e-03 6.16690548e-03
62000 6.20000000e+03 5.11936937e-03 -3.35974735e-03 6.12338509e-03
62100 6.21000000e+03 5.19473245e-03 -3.50257265e-03 6.26524225e-03
62200 6.22000000e+03 5.27755218e-03 -3.67753743e-03 6.43248308e-03
62300 6.23000000e+03 5.13698161e-03 -3.59098520e-03 6.26767539e-03
62400 6.24000000e+03 5.20397676e-03 -3.65879061e-03 6.36145603e-03
62500 6.25000000e+03 5.13601908e-03 -3.57615715e-03 6.25840171e-03
62600 6.26000000e+03 5.28561603e-03 -3.88635183e-03 6.56059962e-03
62700 6.27000000e+03 5.15533239e-03 -3.79760657e-03 6.40306705e-03
62800 6.28000000e+03 4.99129202e-03 -3.77924507e-03 6.26064608e-03
62900 6.29000000e+03 4.99650510e-03 -3.53138009e-03 6.11847273e-03
63000 6.30000000e+03 5.13997627e-03 -3.93382646e-03 6.47258424e-03
63100 6.31000000e+03 5.19755716e-03 -3.86222592e-03 6.47544511e-03
63200 6.32000000e+03 5.27847186e-03 -3.56283644e-03 6.36836468e-03
63300 6.33000000e+03 5.22871548e-03 -3.41879530e-03 6.24720953e-03
63400 6.34000000e+03 5.47566731e-03 -3.40256188e-03 6.44673249e-03
63500 6.35000000e+03 5.64701622e-03 -3.48734576e-03 6.63704548e-03
63600 6.36000000e+03 5.42325201e-03 -3.49215232e-03 6.45033256e-03
63700 6.37000000e+03 5.50430361e-03 -3.46083543e-03 6.50190281e-03
63800 6.38000000e+03 5.67502063e-03 -3.14863352e-03 6.48997320e-03
63900 6.39000000e+03 5.71225863e-03 -3.38109187e-03 6.63789732e-03
64000 6.40000000e+03 5.80821000e-03 -3.46150040e-03 6.76145609e-03
64100 6.41000000e+03 5.73833054e-03 -3.12273717e-03 6.53298743e-03
64200 6.42000000e+03 5.75450249e-03 -2.91658449e-03 6.45141566e-03
64300 6.43000000e+03 5.71357505e-03 -3.09972046e-03 6.50024667e-03
64400 6.44000000e+03 5.47792856e-03 -3.03981430e-03 6.26483617e-03
64500 6.45000000e+03 5.31663839e-03 -3.07594938e-03 6.14232109e-03
64600 6.46000000e+03 5.23949414e-03 -3.07939877e-03 6.07741686e-03
64700 6.47000000e+03 5.22303162e-03 -3.23338504e-03 6.14286888e-03
64800 6.48000000e+03 5.10467496e-03 -3.07126879e-03 5.95738184e-03
64900 6.49000000e+03 5.09078708e-03 -2.60884827e-03 5.72033236e-03
65000 6.50000000e+03 4.98246122e-03 -2.71867006e-03 5.67592166e-03
65100 6.51000000e+03 4.89805872e-03 -2.70612095e-03 5.59589759e-03
65200 6.52000000e+03 4.88343649e-03 -2.73253233e-03 5.59595254e-03
65300 6.53000000e+03 4.96496074e-03 -2.80766562e-03 5.70384268e-03
65400 6.54000000e+03 4.97801229e-03 -2.91689485e-03 5.76965181e-03
65500 6.55000000e+03 5.01850760e-03 -3.26602953e-03 5.98768464e-03
65600 6.56000000e+03 4.97202575e-03 -3.48784472e-03 6.07339286e-03
65700 6.57000000e+03 4.91550798e-03 -3.37910326e-03 5.96494405e-03
65800 6.58000000e+03 4.94061923e-03 -3.33235040e-03 5.95938567e-03
65900 6.59000000e+03 5.02980407e-03 -3.40431114e-03 6.07357089e-03
66000 6.60000000e+03 5.05392859e-03 -3.29905376e-03 6.03539144e-03
66100 6.61000000e+03 5.09663997e-03 -3.11439345e-03 5.97287080e-03
66200 6.62000000e+03 5.10137435e-03 -2.99263536e-03 5.91437965e-03
66300 6.63000000e+03 5.08052344e-03 -3.31607880e-03 6.06696769e-03
66400 6.64000000e+03 4.92266798e-03 -3.24562867e-03 5.89633493e-03
66500 6.65000000e+03 4.94518550e-03 -3.17318784e-03 5.87571108e-03
66600 6.66000000e+03 5.05115185e-03 -3.13797197e-03 5.94651184e-03
66700 6.67000000e+03 5.15929516e-03 -3.29659111e-03 6.12256805e-03
66800 6.68000000e+03 5.12478314e-03 -3.22330580e-03 6.05418058e-03
66900 6.69000000e+03 5.42946020e-03 -3.28687229e-03 6.34685493e-03
67000 6.70000000e+03 5.50147751e-03 -3.16183502e-03 6.34534912e-03
67100 6.71000000e+03 5.37385326e-03 -3.12300771e-03 6.21542243e-03
67200 6.72000000e+03 5.36660943e-03 -3.13649559e-03 6.21595539e-03
67300 6.73000000e+03 5.17415907e-03 -3.44761880e-03 6.21755559e-03
67400 6.74000000e+03 5.05557470e-03 -3.38042923e-03 6.08162292e-03
67500 6.75000000e+03 5.03826607e-03 -3.14409565e-03 5.93880985e-03
67600 6.76000000e+03 5.24191326e-03 -3.09903664e-03 6.08947310e-03
67700 6.77000000e+03 5.49514033e-03 -3.13309976e-03 6.32557360e-03
67800 6.78000000e+03 5.58458595e-03 -3.10491933e-03 6.38968890e-03
67900 6.79000000e+03 5.59546845e-03 -3.32134147e-03 6.50696368e-03
68000 6.80000000e+03 5.54987043e-03 -3.48725449e-03 6.55454085e-03
68100 6.81000000e+03 5.52305300e-03 -3.30838584e-03 6.43813104e-03
68200 6.82000000e+03 5.73368091e-03 -3.62716545e-03 6.78464634e-03
68300 6.83000000e+03 5.55536617e-03 -3.47704580e-03 6.55377302e-03
68400 6.84000000e+03 5.43126091e-03 -3.48387379e-03 6.45259418e-03
68500 6.85000000e+03 5.28791267e-03 -3.52379633e-03 6.35445993e-03
68600 6.86000000e+03 5.17934747e-03 -3.59405158e-03 6.30419281e-03
68700 6.87000000e+03 5.31153940e-03 -3.63785215e-03 6.43788933e-03
68800 6.88000000e+03 5.14760241e-03 -3.70744057e-03 6.34373125e-03
68900 6.89000000e+03 4.91559319e-03 -3.51917720e-03 6.04546645e-03
69000 6.90000000e+03 4.93214792e-03 -3.51568148e-03 6.05690510e-03
69100 6.91000000e+03 4.99621453e-03 -3.46487900e-03 6.08009425e-03
69200 6.92000000e+03 4.99093439e-03 -3.29448842e-03 5.98022408e-03
69300 6.93000000e+03 4.96034138e-03 -3.36479582e-03 5.99390002e-03
69400 6.94000000e+03 5.09575754e-03 -3.47657129e-03 6.16873511e-03
69500 6.95000000e+03 5.06222760e-03 -3.39843286e-03 6.09717100e-03
69600 6.96000000e+03 5.03391633e-03 -3.43149807e-03 6.09224857e-03
69700 6.97000000e+03 5.09289093e-03 -3.26638389e-03 6.05035551e-03
69800 6.98000000e+03 5.18494658e-03 -3.31908371e-03 6.15629659e-03
69900 6.99000000e+03 5.39113861e-03 -3.42848804e-03 6.38896750e-03
70000 7.00000000e+03 5.21979900e-03 -3.13811353e-03 6.09048916e-03
70100 7.01000000e+03 5.41260000e-03 -3.06226499e-03 6.21881867e-03
70200 7.02000000e+03 5.39873773e-03 -2.91148247e-03 6.13376714e-03
70300 7.03000000e+03 5.24257217e-03 -2.90133688e-03 5.99185435e-03
70400 7.04000000e+03 5.45097049e-03 -3.08090821e-03 6.26139559e-03
70500 7.05000000e+03 5.69447875e-03 -3.25911818e-03 6.56116907e-03
70600 7.06000000e+03 5.85357053e-03 -3.33292899e-03 6.73592634e-03
70700 7.07000000e+03 5.71753085e-03 -3.33912089e-03 6.62116963e-03
70800 7.08000000e+03 5.54510299e-03 -2.96379183e-03 6.28746604e-03
70900 7.09000000e+03 5.58013609e-03 -2.95778364e-03 6.31556829e-03
71000 7.10000000e+03 5.46498550e-03 -3.26710404e-03 6.36710573e-03
71100 7.11000000e+03 5.25840698e-03 -3.06548085e-03 6.08670821e-03
71200 7.12000000e+03 5.25248842e-03 -3.07055330e-03 6.08415419e-03
71300 7.13000000e+03 5.35752997e-03 -3.09599144e-03 6.18775326e-03
71400 7.14000000e+03 5.32080373e-03 -2.93988409e-03 6.07896955e-03
71500 7.15000000e+03 5.18766651e-03 -2.98599829e-03 5.98565532e-03
71600 7.16000000e+03 4.98149171e-03 -2.77956878e-03 5.70449492e-03
71700 7.17000000e+03 4.79648914e-03 -2.87467311e-03 5.59196330e-03
71800 7.18000000e+03 4.96541290e-03 -2.89899018e-03 5.74973645e-03
71900 7.19000000e+03 5.05582662e-03 -3.31211044e-03 6.04412594e-03
72000 7.20000000e+03 4.99698147e-03 -3.14136967e-03 5.90237471e-03
72100 7.21000000e+03 4.84648207e-03 -3.41104018e-03 5.92651530e-03
72200 7.22000000e+03 5.10599650e-03 -3.54422722e-03 6.21552467e-03
72300 7.23000000e+03 5.03157638e-03 -3.32629564e-03 6.03166673e-03
72400 7.24000000e+03 4.96574864e-03 -3.23308958e-03 5.92549810e-03
72500 7.25000000e+03 5.09468652e-03 -3.04772914e-03 5.93670647e-03
72600 7.26000000e+03 4.98295110e-03 -3.05077969e-03 5.84269273e-03
72700 7.27000000e+03 5.02237538e-03 -3.15969950e-03 5.93362919e-03
72800 7.28000000e+03 5.10999560e-03 -3.32270097e-03 6.09527660e-03
72900 7.29000000e+03 4.94577084e-03 -3.08069331e-03 5.82677616e-03
73000 7.30000000e+03 5.05671510e-03 -3.21469270e-03 5.99204613e-03
73100 7.31000000e+03 5.01397485e-03 -3.13040963e-03 5.91095663e-03
73200 7.32000000e+03 5.25059924e-03 -3.28431977e-03 6.19318566e-03
73300 7.33000000e+03 5.17868577e-03 -3.08425026e-03 6.02755223e-03
73400 7.34000000e+03 5.31326048e-03 -3.24770296e-03 6.22722341e-03
73500 7.35000000e+03 5.33087738e-03 -3.45133245e-03 6.35058653e-03
73600 7.36000000e+03 5.35458932e-03 -3.32989078e-03 6.30553720e-03
73700 7.37000000e+03 5.46075497e-03 -3.33423633e-03 6.39820105e-03
73800 7.38000000e+03 5.38901053e-03 -3.08596692e-03 6.21004238e-03
73900 7.39000000e+03 5.19322231e-03 -3.18545452e-03 6.09234590e-03
74000 7.40000000e+03 5.10773994e-03 -2.92319246e-03 5.88507106e-03
74100 7.41000000e+03 5.25578251e-03 -2.97630695e-03 6.04000437e-03
74200 7.42000000e+03 5.10872155e-03 -2.78149033e-03 5.81684832e-03
74300 7.43000000e+03 5.53757232e-03 -3.38067999e-03 6.48796612e-03
74400 7.44000000e+03 5.59109682e-03 -3.47211049e-03 6.58148273e-03
74500 7.45000000e+03 5.63891092e-03 -3.37106292e-03 6.56973223e-03
74600 7.46000000e+03 5.72097348e-03 -3.56699433e-03 6.74188298e-03
74700 7.47000000e+03 5.73353702e-03 -3.78187909e-03 6.86848282e-03
74800 7.48000000e+03 5.61341830e-03 -3.68548604e-03 6.71515244e-03
74900 7.49000000e+03 5.58484020e-03 -3.79063608e-03 6.74976755e-03
75000 7.50000000e+03 5.61600039e-03 -3.65471817e-03 6.70047948e-03
75100 7.51000000e+03 5.45969652e-03 -3.87669192e-03 6.69604557e-03
75200 7.52000000e+03 5.35709225e-03 -3.79608478e-03 6.56572136e-03
75300 7.53000000e+03 5.28484583e-03 -3.62389069e-03 6.40797778e-03
75400 7.54000000e+03 5.17270621e-03 -3.50185856e-03 6.24659130e-03
75500 7.55000000e+03 5.01620397e-03 -3.33587988e-03 6.02415113e-03
75600 7.56000000e+03 5.07276878e-03 -3.44080268e-03 6.12960897e-03
75700 7.57000000e+03 4.96011227e-03 -3.19395540e-03 5.89949700e-03
75800 7.58000000e+03 4.86759795e-03 -3.15227662e-03 5.79916871e-03
75900 7.59000000e+03 4.96927043e-03 -3.15441843e-03 5.88591576e-03
76000 7.60000000e+03 4.97179292e-03 -3.12839868e-03 5.87414701e-03
76100 7.61000000e+03 4.76769125e-03 -2.86487257e-03 5.56222750e-03
76200 7.62000000e+03 4.79166955e-03 -3.04231257e-03 5.67589313e-03
76300 7.63000000e+03 5.18332887e-03 -3.33455135e-03 6.16328897e-03
76400 7.64000000e+03 5.34783769e-03 -3.15334904e-03 6.20829914e-03
76500 7.65000000e+03 5.54730231e-03 -3.18635907e-03 6.39729998e-03
76600 7.66000000e+03 5.70040429e-03 -3.27993371e-03 6.57666893e-03
76700 7.67000000e+03 5.54005522e-03 -3.02566960e-03 6.31243918e-03
76800 7.68000000e+03 5.33109438e-03 -2.82908906e-03 6.03525577e-03
76900 7.69000000e+03 5.24098799e-03 -3.13509675e-03 6.10710952e-03
77000 7.70000000e+03 5.41899167e-03 -3.20098340e-03 6.29378784e-03
77100 7.71000000e+03 5.60835795e-03 -3.64946201e-03 6.69120706e-03
77200 7.72000000e+03 5.64338360e-03 -3.64628318e-03 6.71886594e-03
77300 7.73000000e+03 5.51691232e-03 -3.30420188e-03 6.43071315e-03
77400 7.74000000e+03 5.40631684e-03 -3.19741806e-03 6.28106233e-03
77500 7.75000000e+03 5.30592166e-03 -3.27362842e-03 6.23453669e-03
77600 7.76000000e+03 5.42476680e-03 -3.28049180e-03 6.33953636e-03
77700 7.77000000e+03 5.43513056e-03 -3.18823266e-03 6.30122779e-03
77800 7.78000000e+03 5.59600815e-03 -3.29981535e-03 6.49646739e-03
77900 7.79000000e+03 5.55206183e-03 -3.40849673e-03 6.51484770e-03
78000 7.80000000e+03 5.34196896e-03 -3.43827414e-03 6.35282311e-03
78100 7.81000000e+03 5.32350689e-03 -3.48976697e-03 6.36539073e-03
78200 7.82000000e+03 5.16220322e-03 -3.36201978e-03 6.16048043e-03
78300 7.83000000e+03 5.30104944e-03 -3.40398308e-03 6.29985921e-03
78400 7.84000000e+03 5.26487362e-03 -3.36730713e-03 6.24961211e-03
78500 7.85000000e+03 5.28290216e-03 -3.14499787e-03 6.14817589e-03
78600 7.86000000e+03 5.13943937e-03 -2.97277630e-03 5.93727513e-03
78700 7.87000000e+03 5.32585569e-03 -3.42955906e-03 6.33455714e-03
78800 7.88000000e+03 5.30154444e-03 -3.28871002e-03 6.23874884e-03
78900 7.89000000e+03 5.18993475e-03 -3.20765120e-03 6.10118422e-03
79000 7.90000000e+03 5.01738535e-03 -2.95545533e-03 5.82313249e-03
79100 7.91000000e+03 4.82900394e-03 -3.40716494e-03 5.90999594e-03
79200 7.92000000e+03 4.75833146e-03 -3.45407985e-03 5.87982873e-03
79300 7.93000000e+03 4.68388712e-03 -3.43380007e-03 5.80773462e-03
79400 7.94000000e+03 4.68345638e-03 -3.30611528e-03 5.73281449e-03
79500 7.95000000e+03 4.53665573e-03 -3.00222449e-03 5.44009165e-03
79600 7.96000000e+03 4.63001989e-03 -3.01903230e-03 5.52735382e-03
79700 7.97000000e+03 4.72213607e-03 -3.11618508e-03 5.65766547e-03
79800 7.98000000e+03 4.66609839e-03 -3.07657337e-03 5.58907666e-03
79900 7.99000000e+03 4.67879698e-03 -3.26690008e-03 5.70646802e-03
80000 8.00000000e+03 4.86428151e-03 -3.51859396e-03 6.00347717e-03
80100 8.01000000e+03 4.97372309e-03 -3.36103630e-03 6.00287318e-03
80200 8.02000000e+03 4.89409640e-03 -3.19929863e-03 5.84702415e-03
80300 8.03000000e+03 4.87914635e-03 -3.19134025e-03 5.83015623e-03
80400 8.04000000e+03 4.88042692e-03 -3.19554727e-03 5.83353145e-03
80500 8.05000000e+03 4.72330349e-03 -3.02335154e-03 5.60805228e-03
80600 8.06000000e+03 4.71708598e-03 -3.02397716e-03 5.60315429e-03
80700 8.07000000e+03 4.45655780e-03 -3.06589925e-03 5.40931101e-03
80800 8.08000000e+03 4.47605643e-03 -2.94648204e-03 5.35880935e-03
80900 8.09000000e+03 4.85270144e-03 -3.32625560e-03 5.88325485e-03
81000 8.10000000e+03 5.00459084e-03 -3.58084822e-03 6.15373086e-03
81100 8.11000000e+03 5.12163667e-03 -3.54156154e-03 6.22686280e-03
81200 8.12000000e+03 5.23589877e-03 -3.66869778e-03 6.39327611e-03
81300 8.13000000e+03 5.39145339e-03 -3.66218085e-03 6.51761753e-03
81400 8.14000000e+03 5.46672149e-03 -3.63385980e-03 6.56429591e-03
81500 8.15000000e+03 5.47781307e-03 -3.89840221e-03 6.72339021e-03
81600 8.16000000e+03 5.48901781e-03 -3.71439103e-03 6.62767058e-03
81700 8.17000000e+03 5.38271200e-03 -3.72358132e-03 6.54512386e-03
81800 8.18000000e+03 5.35204215e-03 -4.08065785e-03 6.73023949e-03
81900 8.19000000e+03 5.11398679e-03 -3.86404386e-03 6.40965645e-03
82000 8.20000000e+03 4.98484820e-03 -3.56656965e-03 6.12936625e-03
82100 8.21000000e+03 5.11623966e-03 -3.36423283e-03 6.12323205e-03
82200 8.22000000e+03 5.09325694e-03 -3.04152095e-03 5.93229433e-03
82300 8.23000000e+03 4.95409779e-03 -3.11400043e-03 5.85150268e-03
82400 8.24000000e+03 4.89484146e-03 -2.99171451e-03 5.73670887e-03
82500 8.25000000e+03 4.94323345e-03 -3.17070168e-03 5.87272561e-03
82600 8.26000000e+03 4.91733430e-03 -3.12257418e-03 5.82500182e-03
82700 8.27000000e+03 4.99424012e-03 -3.06954212e-03 5.86212617e-03
82800 8.28000000e+03 4.94431099e-03 -2.82187993e-03 5.69290940e-03
82900 8.29000000e+03 4.82644420e-03 -2.98612146e-03 5.67551627e-03
83000 8.30000000e+03 4.91121085e-03 -3.29514826e-03 5.91421965e-03
83100 8.31000000e+03 4.97024227e-03 -3.04957666e-03 5.83122851e-03
83200 8.32000000e+03 5.14074368e-03 -2.90288450e-03 5.90372629e-03
83300 8.33000000e+03 5.17345313e-03 -2.94022285e-03 5.95059054e-03
83400 8.34000000e+03 5.44692948e-03 -3.17226001e-03 6.30335422e-03
83500 8.35000000e+03 5.32457512e-03 -3.12892045e-03 6.17585973e-03
83600 8.36000000e+03 5.14660310e-03 -2.97750835e-03 5.94584556e-03
83700 8.37000000e+03 5.21134725e-03 -2.93557323e-03 5.98128166e-03
83800 8.38000000e+03 5.08514373e-03 -3.00884456e-03 5.90862356e-03
83900 8.39000000e+03 5.10928081e-03 -3.21122492e-03 6.03462641e-03
84000 8.40000000e+03 5.19114267e-03 -3.39810876e-03 6.20444239e-03
84100 8.41000000e+03 5.11702150e-03 -3.34931468e-03 6.11570256e-03
84200 8.42000000e+03 5.24300942e-03 -3.28891259e-03 6.18919169e-03
84300 8.43000000e+03 5.17404731e-03 -3.52143776e-03 6.25869711e-03
84400 8.44000000e+03 5.26003633e-03 -3.41713335e-03 6.27254195e-03
84500 8.45000000e+03 5.16494410e-03 -3.35627096e-03 6.15964303e-03
84600 8.46000000e+03 5.16189169e-03 -3.58645292e-03 6.28552069e-03
84700 8.47000000e+03 5.25533687e-03 -3.40137235e-03 6.26002392e-03
84800 8.48000000e+03 5.40288724e-03 -3.50964791e-03 6.44273381e-03
84900 8.49000000e+03 5.26927086e-03 -3.14673665e-03 6.13735830e-03
85000 8.50000000e+03 5.23541123e-03 -3.06669180e-03 6.06746482e-03
85100 8.51000000e+03 5.21470932e-03 -3.31540196e-03 6.17940802e-03
85200 8.52000000e+03 5.15982695e-03 -3.30092851e-03 6.12535249e-03
85300 8.53000000e+03 5.13872365e-03 -3.32693872e-03 6.12168293e-03
85400 8.54000000e+03 5.32556325e-03 -3.40778986e-03 6.32255136e-03
85500 8.55000000e+03 5.28954947e-03 -3.39665869e-03 6.28622493e-03
85600 8.56000000e+03 5.11148991e-03 -3.11662257e-03 5.98670739e-03
85700 8.57000000e+03 5.21372864e-03 -3.68888304e-03 6.38676948e-03
85800 8.58000000e+03 5.20635536e-03 -3.67152807e-03 6.37073422e-03
85900 8.59000000e+03 5.24013955e-03 -3.61052039e-03 6.36356190e-03
86000 8.60000000e+03 5.31478086e-03 -3.50802392e-03 6.36813375e-03
86100 8.61000000e+03 5.26163867e-03 -3.36586218e-03 6.24610836e-03
86200 8.62000000e+03 5.13939466e-03 -3.22459289e-03 6.06723799e-03
86300 8.63000000e+03 5.00917993e-03 -3.11896903e-03 5.90083481e-03
86400 8.64000000e+03 5.11880172e-03 -3.20016732e-03 6.03682052e-03
86500 8.65000000e+03 5.16860606e-03 -3.35629401e-03 6.16272651e-03
86600 8.66000000e+03 4.96138353e-03 -3.19415471e-03 5.90067376e-03
86700 8.67000000e+03 4.76905238e-03 -3.14955111e-03 5.71520190e-03
86800 8.68000000e+03 4.62549040e-03 -3.05822026e-03 5.54507643e-03
86900 8.69000000e+03 4.74634254e-03 -3.45694693e-03 5.87181825e-03
87000 8.70000000e+03 4.72839968e-03 -3.34863015e-03 5.79405622e-03
87100 8.71000000e+03 4.89328522e-03 -3.42432363e-03 5.97245616e-03
87200 8.72000000e+03 4.75181825e-03 -3.33277415e-03 5.80406412e-03
87300 8.73000000e+03 4.72747069e-03 -3.09975864e-03 5.65309497e-03
87400 8.74000000e+03 4.52990690e-03 -2.81933765e-03 5.33560881e-03
87500 8.75000000e+03 4.41259146e-03 -2.76694307e-03 5.20835265e-03
87600 8.76000000e+03 4.27873572e-03 -2.82458775e-03 5.12697526e-03
87700 8.77000000e+03 4.63080592e-03 -3.30883684e-03 5.69146420e-03
87800 8.78000000e+03 4.44089388e-03 -3.26245720e-03 5.51045965e-03
87900 8.79000000e+03 4.67190240e-03 -3.21774837e-03 5.67279266e-03
88000 8.80000000e+03 4.83277626e-03 -3.28586274e-03 5.84402433e-03
88100 8.81000000e+03 4.89784032e-03 -3.58932931e-03 6.07224215e-03
88200 8.82000000e+03 4.83788643e-03 -3.59855010e-03 6.02948654e-03
88300 8.83000000e+03 4.93773539e-03 -3.63933481e-03 6.13400266e-03
88400 8.84000000e+03 5.10011427e-03 -3.78515106e-03 6.35126240e-03
88500 8.85000000e+03 5.18742111e-03 -3.53472913e-03 6.27723249e-03
88600 8.86000000e+03 5.27066551e-03 -3.47628049e-03 6.31382934e-03
88700 8.87000000e+03 5.17001096e-03 -3.33732902e-03 6.15359881e-03
88800 8.88000000e+03 5.09719178e-03 -3.23912874e-03 6.03931445e-03
88900 8.89000000e+03 5.14847506e-03 -3.12491902e-03 6.02261690e-03
89000 8.90000000e+03 5.05679613e-03 -3.20455316e-03 5.98668089e-03
89100 8.91000000e+03 4.98353178e-03 -2.93907383e-03 5.78564983e-03
89200 8.92000000e+03 5.02751814e-03 -3.15348874e-03 5.93468027e-03
89300 8.93000000e+03 5.32598561e-03 -3.43041285e-03 6.33512865e-03
89400 8.94000000e+03 5.38001163e-03 -3.27193621e-03 6.29683188e-03
89500 8.95000000e+03 5.24355704e-03 -3.05727753e-03 6.06974763e-03
89600 8.96000000e+03 5.20508830e-03 -2.99594761e-03 6.00571780e-03
89700 8.97000000e+03 5.17298654e-03 -2.89032236e-03 5.92568587e-03
89800 8.98000000e+03 5.10339579e-03 -3.16835893e-03 6.00692491e-03
89900 8.99000000e+03 5.00917668e-03 -3.30360513e-03 6.00047147e-03
90000 9.00000000e+03 4.87351604e-03 -3.28289415e-03 5.87610011e-03
90100 9.01000000e+03 4.83538629e-03 -3.29611218e-03 5.85194977e-03
90200 9.02000000e+03 5.03645092e-03 -3.38426256e-03 6.06787203e-03
90300 9.03000000e+03 5.19601256e-03 -3.66437249e-03 6.35815793e-03
90400 9.04000000e+03 5.10329986e-03 -3.72168748e-03 6.31621937e-03
90500 9.05000000e+03 5.05509414e-03 -3.60124884e-03 6.20668752e-03
90600 9.06000000e+03 5.09422505e-03 -3.48362606e-03 6.17144873e-03
90700 9.07000000e+03 5.09032747e-03 -3.46371764e-03 6.15701012e-03
90800 9.08000000e+03 5.03586186e-03 -3.41997109e-03 6.08737275e-03
90900 9.09000000e+03 5.01434645e-03 -3.37314606e-03 6.04332563e-03
91000 9.10000000e+03 4.96368017e-03 -3.53837712e-03 6.09575536e-03
91100 9.11000000e+03 5.01240930e-03 -3.47697851e-03 6.10029725e-03
91200 9.12000000e+03 5.19160880e-03 -3.36824311e-03 6.18852677e-03
91300 9.13000000e+03 5.21961413e-03 -3.41814663e-03 6.23923858e-03
91400 9.14000000e+03 5.24384063e-03 -3.31813213e-03 6.20547060e-03
91500 9.15000000e+03 5.17689250e-03 -3.25110299e-03 6.11309141e-03
91600 9.16000000e+03 5.45764854e-03 -3.27139837e-03 6.36301618e-03
91700 9.17000000e+03 5.48562780e-03 -3.18225985e-03 6.34183650e-03
91800 9.18000000e+03 5.53782703e-03 -3.20057687e-03 6.39618797e-03
91900 9.19000000e+03 5.46446722e-03 -3.12171248e-03 6.29328935e-03
92000 9.20000000e+03 5.39885694e-03 -3.44298687e-03 6.40326595e-03
92100 9.21000000e+03 5.44693694e-03 -3.58302612e-03 6.51975445e-03
92200 9.22000000e+03 5.25596598e-03 -3.51019157e-03 6.32033411e-03
92300 9.23000000e+03 5.14410995e-03 -3.40687903e-03 6.16998313e-03
92400 9.24000000e+03 5.46060596e-03 -3.41875385e-03 6.44252244e-03
92500 9.25000000e+03 5.62819280e-03 -3.42669524e-03 6.58929393e-03
92600 9.26000000e+03 5.63199306e-03 -3.42066330e-03 6.58940689e-03
92700 9.27000000e+03 5.66829834e-03 -3.47980461e-03 6.65121389e-03
92800 9.28000000e+03 5.67107368e-03 -3.30807664e-03 6.56539776e-03
92900 9.29000000e+03 5.53220976e-03 -3.33851413e-03 6.46150303e-03
93000 9.30000000e+03 5.25040785e-03 -3.17346584e-03 6.13495461e-03
93100 9.31000000e+03 5.31440228e-03 -3.40642780e-03 6.31241808e-03
93200 9.32000000e+03 5.28602349e-03 -3.47380200e-03 6.32529404e-03
93300 9.33000000e+03 5.20878099e-03 -3.35257384e-03 6.19444515e-03
93400 9.34000000e+03 4.99911141e-03 -3.15962685e-03 5.91391213e-03
93500 9.35000000e+03 4.87371441e-03 -3.14528961e-03 5.80051195e-03
93600 9.36000000e+03 4.88224067e-03 -3.28125968e-03 5.88242629e-03
93700 9.37000000e+03 4.87055071e-03 -3.14758881e-03 5.79910161e-03
93800 9.38000000e+03 4.74084634e-03 -3.31005733e-03 5.78205012e-03
93900 9.39000000e+03 4.73766821e-03 -3.12427292e-03 5.67508425e-03
94000 9.40000000e+03 4.87071788e-03 -3.05168028e-03 5.74775132e-03
94100 9.41000000e+03 5.02237445e-03 -3.29308142e-03 6.00571647e-03
94200 9.42000000e+03 5.03703859e-03 -3.10490024e-03 5.91710768e-03
94300 9.43000000e+03 4.97864652e-03 -3.17690405e-03 5.90589879e-03
94400 9.44000000e+03 4.73788381e-03 -2.90235085e-03 5.55618425e-03
94500 9.45000000e+03 4.71471576e-03 -3.08756693e-03 5.63574434e-03
94600 9.46000000e+03 4.77644103e-03 -3.17620230e-03 5.73608315e-03
94700 9.47000000e+03 4.91729844e-03 -3.31186829e-03 5.92859980e-03
94800 9.48000000e+03 4.68778424e-03 -3.32961045e-03 5.74992407e-03
94900 9.49000000e+03 4.95958701e-03 -3.37062241e-03 5.99654890e-03
95000 9.50000000e+03 5.01234969e-03 -3.12974118e-03 5.90922408e-03
95100 9.51000000e+03 5.28454408e-03 -3.18608736e-03 6.17070164e-03
95200 9.52000000e+03 5.37009025e-03 -3.32746026e-03 6.31742519e-03
95300 9.53000000e+03 5.22646261e-03 -2.95206485e-03 6.00254932e-03
95400 9.54000000e+03 5.19723026e-03 -3.03430529e-03 6.01815678e-03
95500 9.55000000e+03 5.17787412e-03 -3.08832852e-03 6.02894298e-03
95600 9.56000000e+03 5.12305368e-03 -2.94335047e-03 5.90838311e-03
95700 9.57000000e+03 5.04297018e-03 -2.81268917e-03 5.77431975e-03
95800 9.58000000e+03 4.98741213e-03 -2.76882737e-03 5.70444430e-03
95900 9.59000000e+03 5.12354495e-03 -3.05401254e-03 5.96470498e-03
96000 9.60000000e+03 5.29778562e-03 -3.27559188e-03 6.22864630e-03
96100 9.61000000e+03 5.44055598e-03 -3.23136500e-03 6.32782499e-03
96200 9.62000000e+03 5.20694489e-03 -3.10304365e-03 6.06144826e-03
96300 9.63000000e+03 5.24377963e-03 -3.38488049e-03 6.24136529e-03
96400 9.64000000e+03 5.15165739e-03 -3.52472300e-03 6.24205463e-03
96500 9.65000000e+03 5.26641868e-03 -3.48359952e-03 6.31431955e-03
96600 9.66000000e+03 5.18938061e-03 -3.66099970e-03 6.35079443e-03
96700 9.67000000e+03 5.12615545e-03 -3.45443073e-03 6.18146919e-03
96800 9.68000000e+03 5.12072071e-03 -3.35575966e-03 6.12232828e-03
96900 9.69000000e+03 5.05628483e-03 -3.41510703e-03 6.10155491e-03
97000 9.70000000e+03 5.22138132e-03 -3.63633712e-03 6.36284296e-03
97100 9.71000000e+03 5.39794983e-03 -3.59729980e-03 6.48678875e-03
97200 9.72000000e+03 5.42375585e-03 -3.43921431e-03 6.42225215e-03
97300 9.73000000e+03 5.39946277e-03 -3.58099258e-03 6.47902045e-03
97400 9.74000000e+03 5.34953363e-03 -3.48828919e-03 6.38636607e-03
97500 9.75000000e+03 5.26255649e-03 -3.22306226e-03 6.17111263e-03
97600 9.76000000e+03 5.18433284e-03 -3.50612076e-03 6.25860925e-03
97700 9.77000000e+03 5.22071589e-03 -3.38459387e-03 6.22184459e-03
97800 9.78000000e+03 5.03626745e-03 -3.19986558e-03 5.96683581e-03
97900 9.79000000e+03 5.21491095e-03 -3.56043479e-03 6.31442730e-03
98000 9.80000000e+03 5.17133763e-03 -3.26385070e-03 6.11518228e-03
98100 9.81000000e+03 5.15843276e-03 -3.27862171e-03 6.11218364e-03
98200 9.82000000e+03 5.22320019e-03 -3.33935535e-03 6.19944468e-03
98300 9.83000000e+03 5.17840637e-03 -3.35512403e-03 6.17031197e-03
98400 9.84000000e+03 5.09384926e-03 -3.58144497e-03 6.22688111e-03
98500 9.85000000e+03 5.43857319e-03 -3.82538652e-03 6.64918494e-03
98600 9.86000000e+03 5.44120558e-03 -3.89786158e-03 6.69328342e-03
98700 9.87000000e+03 5.21085411e-03 -3.72842792e-03 6.40735323e-03
98800 9.88000000e+03 5.25517296e-03 -3.69259901e-03 6.42278213e-03
98900 9.89000000e+03 5.11966040e-03 -3.50249116e-03 6.20309334e-03
99000 9.90000000e+03 5.11427596e-03 -3.60875577e-03 6.25930801e-03
99100 9.91000000e+03 5.11905458e-03 -3.65024991e-03 6.28721275e-03
99200 9.92000000e+03 4.94662346e-03 -3.52673279e-03 6.07510723e-03
99300 9.93000000e+03 5.25365490e-03 -3.77366925e-03 6.46849824e-03
99400 9.94000000e+03 5.35139488e-03 -3.68916616e-03 6.49979801e-03
99500 9.95000000e+03 5.22385212e-03 -3.33055016e-03 6.19525587e-03
99600 9.96000000e+03 5.07022161e-03 -3.28374398e-03 6.04070540e-03
99700 9.97000000e+03 5.32458210e-03 -3.63832922e-03 6.44892348e-03
99800 9.98000000e+03 5.32500912e-03 -3.54098831e-03 6.39486672e-03
99900 9.99000000e+03 5.28104836e-03 -3.36704962e-03 6.26310585e-03
100000 1.00000000e+04 5.24986396e-03 -3.25714145e-03 6.17819083e-03
