# step  t  vx_mean  vy_mean  vmag_mean
0 0.00000000e+00 1.09182799e-03 -9.45691310e-04 1.44444467e-03
100 1.00000000e+01 1.09238271e-03 -8.74868594e-04 1.39953386e-03
200 2.00000000e+01 1.09196175e-03 -8.84431764e-04 1.40520461e-03
300 3.00000000e+01 1.09434442e-03 -1.01678132e-03 1.49379850e-03
400 4.00000000e+01 1.05333177e-03 -1.04155240e-03 1.48133022e-03
500 5.00000000e+01 1.01168361e-03 -1.05318078e-03 1.46037443e-03
600 6.00000000e+01 1.01081328e-03 -9.27149144e-04 1.37162277e-03
700 7.00000000e+01 9.26457520e-04 -8.69149808e-04 1.27033260e-03
800 8.00000000e+01 9.63022525e-04 -9.35967662e-04 1.34292511e-03
900 9.00000000e+01 9.18249250e-04 -8.99485429e-04 1.28540100e-03
1000 1.00000000e+02 9.56438598e-04 -8.83607427e-04 1.30212783e-03
1100 1.10000000e+02 9.63498955e-04 -8.42073816e-04 1.27961656e-03
1200 1.20000000e+02 9.41465900e-04 -7.44433783e-04 1.20022485e-03
1300 1.30000000e+02 9.71622881e-04 -7.28511543e-04 1.21440524e-03
1400 1.40000000e+02 9.29635717e-04 -7.01858429e-04 1.16482952e-03
1500 1.50000000e+02 9.08370072e-04 -6.10132120e-04 1.09425655e-03
1600 1.60000000e+02 8.85254180e-04 -5.33240614e-04 1.03345078e-03
1700 1.70000000e+02 8.60367261e-04 -4.66225960e-04 9.78569604e-04
1800 1.80000000e+02 8.34277074e-04 -4.95168497e-04 9.70159820e-04
1900 1.90000000e+02 8.16923974e-04 -4.17388073e-04 9.17375377e-04
2000 2.00000000e+02 7.91610801e-04 -3.56269680e-04 8.68087406e-04
2100 2.10000000e+02 7.79435504e-04 -3.93294729e-04 8.73040921e-04
2200 2.20000000e+02 7.59130111e-04 -3.43087595e-04 8.33059195e-04
2300 2.30000000e+02 7.36946764e-04 -2.98669678e-04 7.95169233e-04
2400 2.40000000e+02 7.13589427e-04 -2.58653105e-04 7.59019959e-04
2500 2.50000000e+02 6.89638255e-04 -2.22234332e-04 7.24561261e-04
2600 2.60000000e+02 6.65341038e-04 -1.88896636e-04 6.91636202e-04
2700 2.70000000e+02 7.58326205e-04 -2.65440991e-04 8.03441070e-04
2800 2.80000000e+02 7.15291942e-04 -2.08353958e-04 7.45019419e-04
2900 2.90000000e+02 6.77939330e-04 -1.69018327e-04 6.98690869e-04
3000 3.00000000e+02 6.45155145e-04 -1.36001414e-04 6.59334169e-04
3100 3.10000000e+02 5.74968231e-04 -1.73152235e-04 6.00474948e-04
3200 3.20000000e+02 5.50670549e-04 -1.37619485e-04 5.67606533e-04
3300 3.30000000e+02 5.26104355e-04 -1.08790555e-04 5.37234751e-04
3400 3.40000000e+02 5.52843267e-04 -1.63446326e-04 5.76498377e-04
3500 3.50000000e+02 5.34268620e-04 -1.39848664e-04 5.52268600e-04
3600 3.60000000e+02 5.81819157e-04 -1.46370468e-04 5.99948202e-04
3700 3.70000000e+02 5.97830222e-04 -5.57323656e-05 6.00422410e-04
3800 3.80000000e+02 5.51396399e-04 -3.63535582e-05 5.52593494e-04
3900 3.90000000e+02 5.17482404e-04 -1.78695009e-05 5.17790843e-04
4000 4.00000000e+02 4.88612568e-04 -1.22039910e-06 4.88614092e-04
4100 4.10000000e+02 5.44062466e-04 1.19327942e-05 5.44193310e-04
4200 4.20000000e+02 5.02171111e-04 3.34160359e-05 5.03281687e-04
4300 4.30000000e+02 4.70562722e-04 4.92618310e-05 4.73134234e-04
4400 4.40000000e+02 4.42754070e-04 6.19079728e-05 4.47061252e-04
4500 4.50000000e+02 4.75044711e-04 2.72189372e-05 4.75823863e-04
4600 4.60000000e+02 4.44482605e-04 4.13775633e-05 4.46404400e-04
4700 4.70000000e+02 4.64828569e-04 -2.70212095e-05 4.65613299e-04
4800 4.80000000e+02 4.99007409e-04 3.33609714e-05 5.00121333e-04
4900 4.90000000e+02 5.35821193e-04 -3.02284552e-05 5.36673188e-04
5000 5.00000000e+02 5.89598378e-04 -4.43256104e-05 5.91262215e-04
5100 5.10000000e+02 4.67037607e-04 -1.53271307e-04 4.91544729e-04
5200 5.20000000e+02 4.54972440e-04 -1.20119374e-04 4.70561988e-04
5300 5.30000000e+02 3.90900794e-04 -1.54265435e-04 4.20239521e-04
5400 5.40000000e+02 3.88577871e-04 -1.29398133e-04 4.09556637e-04
5500 5.50000000e+02 3.83165840e-04 -1.08177235e-04 3.98143661e-04
5600 5.60000000e+02 3.75256292e-04 -8.75852056e-05 3.85341994e-04
5700 5.70000000e+02 3.65275220e-04 -6.80802914e-05 3.71565489e-04
5800 5.80000000e+02 3.53860669e-04 -4.99565649e-05 3.57369600e-04
5900 5.90000000e+02 3.41502397e-04 -3.33937787e-05 3.43131216e-04
6000 6.00000000e+02 3.28452035e-04 -1.83929133e-05 3.28966623e-04
6100 6.10000000e+02 3.14986217e-04 -4.92078470e-06 3.15024651e-04
6200 6.20000000e+02 3.72794108e-04 5.53771770e-07 3.72794519e-04
6300 6.30000000e+02 3.49972514e-04 1.58062503e-05 3.50329270e-04
6400 6.40000000e+02 4.14517010e-04 1.52338598e-05 4.14796844e-04
6500 6.50000000e+02 3.83228820e-04 3.14947356e-05 3.84520802e-04
6600 6.60000000e+02 3.58532445e-04 4.29299544e-05 3.61093471e-04
6700 6.70000000e+02 3.35451390e-04 5.26956028e-05 3.39565107e-04
6800 6.80000000e+02 3.13882716e-04 6.09678245e-05 3.19749019e-04
6900 6.90000000e+02 2.93580990e-04 6.79675286e-05 3.01345952e-04
7000 7.00000000e+02 2.74404971e-04 7.38739764e-05 2.84175038e-04
7100 7.10000000e+02 3.13770841e-04 1.13924827e-04 3.33812832e-04
7200 7.20000000e+02 3.55220691e-04 5.25052965e-05 3.59080138e-04
7300 7.30000000e+02 3.93474184e-04 -1.76783942e-07 3.93474223e-04
7400 7.40000000e+02 3.63241910e-04 2.44229741e-05 3.64062037e-04
7500 7.50000000e+02 3.39381542e-04 3.85839121e-05 3.41567782e-04
7600 7.60000000e+02 3.18904960e-04 4.93240004e-05 3.22696809e-04
7700 7.70000000e+02 3.00089770e-04 5.79544503e-05 3.05634731e-04
7800 7.80000000e+02 2.82470253e-04 6.49773210e-05 2.89847367e-04
7900 7.90000000e+02 2.65845913e-04 7.07053696e-05 2.75087801e-04
8000 8.00000000e+02 2.50054873e-04 7.54236098e-05 2.61182236e-04
8100 8.10000000e+02 2.34925872e-04 7.92332721e-05 2.47927564e-04
8200 8.20000000e+02 3.66545341e-04 2.58774489e-05 3.67457656e-04
8300 8.30000000e+02 4.14800597e-04 2.47265016e-05 4.15536924e-04
8400 8.40000000e+02 3.70999274e-04 4.61458767e-05 3.73858133e-04
8500 8.50000000e+02 3.36972123e-04 5.88683943e-05 3.42075576e-04
8600 8.60000000e+02 3.07429611e-04 6.84975676e-05 3.14968066e-04
8700 8.70000000e+02 2.81327317e-04 7.59936956e-05 2.91410537e-04
8800 8.80000000e+02 2.57977226e-04 8.18432527e-05 2.70648420e-04
8900 8.90000000e+02 2.36926164e-04 8.63459572e-05 2.52169846e-04
9000 9.00000000e+02 2.17829147e-04 8.96592246e-05 2.35559576e-04
9100 9.10000000e+02 2.68932170e-04 7.01136159e-05 2.77921628e-04
9200 9.20000000e+02 2.52515485e-04 -1.54600639e-06 2.52520218e-04
9300 9.30000000e+02 2.34175473e-04 1.47456012e-05 2.34639266e-04
9400 9.40000000e+02 2.19327630e-04 2.48450960e-05 2.20730352e-04
9500 9.50000000e+02 2.05581513e-04 3.30802832e-05 2.08225992e-04
9600 9.60000000e+02 1.92391890e-04 3.99511628e-05 1.96496144e-04
9700 9.70000000e+02 1.79867304e-04 4.56881062e-05 1.85579228e-04
9800 9.80000000e+02 1.67902675e-04 5.04086820e-05 1.75306428e-04
9900 9.90000000e+02 1.56424343e-04 5.41940535e-05 1.65546279e-04
10000 1.00000000e+03 1.45392900e-04 5.72604258e-05 1.56262125e-04
10100 1.01000000e+03 1.34829956e-04 5.95827623e-05 1.47408353e-04
10200 1.02000000e+03 1.24760540e-04 6.12272925e-05 1.38974723e-04
10300 1.03000000e+03 1.15223331e-04 6.22916996e-05 1.30983479e-04
10400 1.04000000e+03 1.71021966e-04 -2.36705455e-06 1.71038346e-04
10500 1.05000000e+03 1.68145285e-04 2.14061947e-06 1.68158910e-04
10600 1.06000000e+03 1.62842582e-04 7.00036435e-06 1.62992980e-04
10700 1.07000000e+03 1.56767550e-04 1.04177425e-05 1.57113316e-04
10800 1.08000000e+03 1.13363603e-04 -4.85086493e-05 1.23306105e-04
10900 1.09000000e+03 1.98753143e-04 -2.28642766e-05 2.00063957e-04
11000 1.10000000e+03 1.85828278e-04 -1.64127850e-05 1.86551677e-04
11100 1.11000000e+03 1.77496288e-04 -1.02812483e-05 1.77793802e-04
11200 1.12000000e+03 1.69742125e-04 -4.67525615e-06 1.69806499e-04
11300 1.13000000e+03 1.62254684e-04 1.87487785e-07 1.62254793e-04
11400 1.14000000e+03 1.54850932e-04 4.54829024e-06 1.54917714e-04
11500 1.15000000e+03 1.47482555e-04 8.47298816e-06 1.47725744e-04
11600 1.16000000e+03 1.40136748e-04 1.20110481e-05 1.40650537e-04
11700 1.17000000e+03 1.32775676e-04 1.51829372e-05 1.33640944e-04
11800 1.18000000e+03 1.25479070e-04 1.80442330e-05 1.26769836e-04
11900 1.19000000e+03 1.18365984e-04 2.05499782e-05 1.20136622e-04
12000 1.20000000e+03 1.11397923e-04 2.27466371e-05 1.13696556e-04
12100 1.21000000e+03 1.04585110e-04 2.46342515e-05 1.07447157e-04
12200 1.22000000e+03 9.79542965e-05 2.61765290e-05 1.01391592e-04
12300 1.23000000e+03 9.15800920e-05 2.74828963e-05 9.56149718e-05
12400 1.24000000e+03 8.54046957e-05 2.85148308e-05 9.00392005e-05
12500 1.25000000e+03 7.95602100e-05 2.92835430e-05 8.47782573e-05
12600 1.26000000e+03 7.40084652e-05 2.97945335e-05 7.97807442e-05
12700 1.27000000e+03 6.87119318e-05 3.00382926e-05 7.49908568e-05
12800 1.28000000e+03 6.35857214e-05 3.01368727e-05 7.03660078e-05
12900 1.29000000e+03 5.88003495e-05 3.00017073e-05 6.60119954e-05
13000 1.30000000e+03 5.43230599e-05 2.97573861e-05 6.19394613e-05
13100 1.31000000e+03 1.21307174e-04 3.45720109e-05 1.26137442e-04
13200 1.32000000e+03 1.04244624e-04 3.21174921e-05 1.09080131e-04
13300 1.33000000e+03 9.39540696e-05 3.26572444e-05 9.94678984e-05
13400 1.34000000e+03 8.55354156e-05 3.41300984e-05 9.20932730e-05
13500 1.35000000e+03 7.80751579e-05 3.53655232e-05 8.57114375e-05
13600 1.36000000e+03 7.12555193e-05 3.61202292e-05 7.98875459e-05
13700 1.37000000e+03 6.49048015e-05 3.64578736e-05 7.44433329e-05
13800 1.38000000e+03 5.89986885e-05 3.63922736e-05 6.93198588e-05
13900 1.39000000e+03 1.35959068e-04 4.27960622e-05 1.42535508e-04
14000 1.40000000e+03 1.10397908e-04 4.76578207e-05 1.20245441e-04
14100 1.41000000e+03 9.43985142e-05 4.83411095e-05 1.06056317e-04
14200 1.42000000e+03 8.26015967e-05 4.80220842e-05 9.55465559e-05
14300 1.43000000e+03 7.31889304e-05 4.72019237e-05 8.70898452e-05
14400 1.44000000e+03 6.52194722e-05 4.61364689e-05 7.98883803e-05
14500 1.45000000e+03 5.81967688e-05 4.48454266e-05 7.34709207e-05
14600 1.46000000e+03 5.19554269e-05 4.34331960e-05 6.77186008e-05
14700 1.47000000e+03 4.64074838e-05 4.19548669e-05 6.25608936e-05
14800 1.48000000e+03 4.13709495e-05 4.04113962e-05 5.78328315e-05
14900 1.49000000e+03 3.68331894e-05 3.88161061e-05 5.35105030e-05
15000 1.50000000e+03 3.27615271e-05 3.72544018e-05 4.96105645e-05
15100 1.51000000e+03 2.90676853e-05 3.56714845e-05 4.60150534e-05
15200 1.52000000e+03 2.56651801e-05 3.40348779e-05 4.26271555e-05
15300 1.53000000e+03 2.25880412e-05 3.24226712e-05 3.95151770e-05
15400 1.54000000e+03 9.47092703e-05 5.40642177e-05 1.09054049e-04
15500 1.55000000e+03 1.28956352e-04 1.23929887e-04 1.78852894e-04
15600 1.56000000e+03 9.48478191e-05 1.09882792e-04 1.45156250e-04
15700 1.57000000e+03 7.81094714e-05 9.92929999e-05 1.26333643e-04
15800 1.58000000e+03 6.58163262e-05 9.16520730e-05 1.12835683e-04
15900 1.59000000e+03 5.57782587e-05 8.56300976e-05 1.02194558e-04
16000 1.60000000e+03 4.73025284e-05 8.05069358e-05 9.33750283e-05
16100 1.61000000e+03 3.99355158e-05 7.59825198e-05 8.58381543e-05
16200 1.62000000e+03 1.14260285e-04 7.82327843e-05 1.38476645e-04
16300 1.63000000e+03 9.40602549e-05 7.40863034e-05 1.19733504e-04
16400 1.64000000e+03 8.21947906e-05 7.16617506e-05 1.09047651e-04
16500 1.65000000e+03 7.25371792e-05 7.01419922e-05 1.00903624e-04
16600 1.66000000e+03 6.39605714e-05 6.86581916e-05 9.38344391e-05
16700 1.67000000e+03 5.63807698e-05 6.69560832e-05 8.75323271e-05
16800 1.68000000e+03 4.94847773e-05 6.50841394e-05 8.17599436e-05
16900 1.69000000e+03 4.31792359e-05 6.29187416e-05 7.63099893e-05
17000 1.70000000e+03 3.74908486e-05 6.06265094e-05 7.12820971e-05
17100 1.71000000e+03 3.23242202e-05 5.81799904e-05 6.65564911e-05
17200 1.72000000e+03 2.76106130e-05 5.57596650e-05 6.22212680e-05
17300 1.73000000e+03 2.33460705e-05 5.32328122e-05 5.81271993e-05
17400 1.74000000e+03 1.94711229e-05 5.06344149e-05 5.42491346e-05
17500 1.75000000e+03 1.59820047e-05 4.80674207e-05 5.06547274e-05
17600 1.76000000e+03 1.28369547e-05 4.54859073e-05 4.72626192e-05
17700 1.77000000e+03 9.98984797e-06 4.29042666e-05 4.40519370e-05
17800 1.78000000e+03 7.44533963e-06 4.03843987e-05 4.10649820e-05
17900 1.79000000e+03 5.22408027e-06 3.79422490e-05 3.83001994e-05
18000 1.80000000e+03 3.26429245e-06 3.55530210e-05 3.57025616e-05
18100 1.81000000e+03 1.52438372e-06 3.32237687e-05 3.32587214e-05
18200 1.82000000e+03 -2.82746555e-08 3.09668903e-05 3.09669032e-05
18300 1.83000000e+03 -1.34868355e-06 2.88553674e-05 2.88868686e-05
18400 1.84000000e+03 -2.52162204e-06 2.68352269e-05 2.69534410e-05
18500 1.85000000e+03 -3.55804696e-06 2.49034783e-05 2.51563696e-05
18600 1.86000000e+03 -4.46059357e-06 2.30793994e-05 2.35065006e-05
18700 1.87000000e+03 -5.26551139e-06 2.13508174e-05 2.19905210e-05
18800 1.88000000e+03 -5.95554002e-06 1.97692243e-05 2.06468081e-05
18900 1.89000000e+03 -6.52784638e-06 1.83286138e-05 1.94563836e-05
19000 1.90000000e+03 -6.99532757e-06 1.69999057e-05 1.83829106e-05
19100 1.91000000e+03 -7.37510072e-06 1.57744616e-05 1.74133785e-05
19200 1.92000000e+03 -7.68865903e-06 1.46337916e-05 1.65306786e-05
19300 1.93000000e+03 -7.94148946e-06 1.35753571e-05 1.57276055e-05
19400 1.94000000e+03 -8.11910650e-06 1.26152354e-05 1.50021350e-05
19500 1.95000000e+03 -8.22861057e-06 1.17079499e-05 1.43103502e-05
19600 1.96000000e+03 -8.31251327e-06 1.08763379e-05 1.36891418e-05
19700 1.97000000e+03 -8.36003801e-06 1.01273881e-05 1.31321828e-05
19800 1.98000000e+03 -8.37188418e-06 9.45815191e-06 1.26311156e-05
19900 1.99000000e+03 -8.33759714e-06 8.88272189e-06 1.21827039e-05
20000 2.00000000e+03 -8.27704389e-06 8.35989886e-06 1.17642409e-05
20100 2.01000000e+03 -8.19250636e-06 7.91442744e-06 1.13910194e-05
20200 2.02000000e+03 -8.11601967e-06 7.54779558e-06 1.10832754e-05
20300 2.03000000e+03 -8.06945172e-06 7.23255425e-06 1.08363228e-05
20400 2.04000000e+03 -8.01655460e-06 6.94600294e-06 1.06071723e-05
20500 2.05000000e+03 -7.97862049e-06 6.70500276e-06 1.04218735e-05
20600 2.06000000e+03 -7.94755579e-06 6.50044740e-06 1.02673979e-05
20700 2.07000000e+03 -7.91618641e-06 6.32498040e-06 1.01326889e-05
20800 2.08000000e+03 -7.86584405e-06 6.16474199e-06 9.99377539e-06
20900 2.09000000e+03 -7.80025493e-06 6.01535430e-06 9.85030276e-06
21000 2.10000000e+03 -7.74357432e-06 5.89078900e-06 9.72956002e-06
21100 2.11000000e+03 -7.69669077e-06 5.78844765e-06 9.63042964e-06
21200 2.12000000e+03 -7.65091409e-06 5.69967915e-06 9.54058849e-06
21300 2.13000000e+03 -7.60821968e-06 5.61162506e-06 9.45385331e-06
21400 2.14000000e+03 -7.57287398e-06 5.54614780e-06 9.38659554e-06
21500 2.15000000e+03 -7.54038501e-06 5.48795924e-06 9.32604433e-06
21600 2.16000000e+03 -7.51355992e-06 5.43984925e-06 9.27607366e-06
21700 2.17000000e+03 -7.49117771e-06 5.39103257e-06 9.22935402e-06
21800 2.18000000e+03 -7.47033573e-06 5.34847140e-06 9.18760373e-06
21900 2.19000000e+03 -7.44386216e-06 5.31163914e-06 9.14464839e-06
22000 2.20000000e+03 -7.43551527e-06 5.28662304e-06 9.12333659e-06
22100 2.21000000e+03 -7.42019347e-06 5.26454869e-06 9.09806265e-06
22200 2.22000000e+03 -7.41178110e-06 5.25324322e-06 9.08466088e-06
22300 2.23000000e+03 -7.40630912e-06 5.24798634e-06 9.07715679e-06
22400 2.24000000e+03 -7.40285395e-06 5.24078132e-06 9.07017285e-06
22500 2.25000000e+03 -7.40283076e-06 5.24070811e-06 9.07011162e-06
22600 2.26000000e+03 -7.40283076e-06 5.24070811e-06 9.07011162e-06
22700 2.27000000e+03 -7.40283076e-06 5.24070811e-06 9.07011162e-06
22800 2.28000000e+03 -7.40283076e-06 5.24070811e-06 9.07011162e-06
22900 2.29000000e+03 -7.40283076e-06 5.24070811e-06 9.07011162e-06
23000 2.30000000e+03 -7.40283076e-06 5.24070811e-06 9.07011162e-06
23100 2.31000000e+03 -7.40283076e-06 5.24070811e-06 9.07011162e-06
23200 2.32000000e+03 -7.40283076e-06 5.24070811e-06 9.07011162e-06
23300 2.33000000e+03 -7.40283076e-06 5.24070811e-06 9.07011162e-06
23400 2.34000000e+03 -7.40283076e-06 5.24070811e-06 9.07011162e-06
23500 2.35000000e+03 -7.40283076e-06 5.24070811e-06 9.07011162e-06
23600 2.36000000e+03 -7.40283076e-06 5.24070811e-06 9.07011162e-06
23700 2.37000000e+03 -7.40283076e-06 5.24070811e-06 9.07011162e-06
23800 2.38000000e+03 -7.40283076e-06 5.24070811e-06 9.07011162e-06
23900 2.39000000e+03 -7.40283076e-06 5.24070811e-06 9.07011162e-06
24000 2.40000000e+03 -7.40283076e-06 5.24070811e-06 9.07011162e-06
24100 2.41000000e+03 -7.40283076e-06 5.24070811e-06 9.07011162e-06
24200 2.42000000e+03 -7.40283076e-06 5.24070811e-06 9.07011162e-06
24300 2.43000000e+03 -7.40283076e-06 5.24070811e-06 9.07011162e-06
24400 2.44000000e+03 -7.40283076e-06 5.24070811e-06 9.07011162e-06
24500 2.45000000e+03 -7.40283076e-06 5.24070811e-06 9.07011162e-06
24600 2.46000000e+03 -7.40283076e-06 5.24070811e-06 9.07011162e-06
24700 2.47000000e+03 -7.40283076e-06 5.24070811e-06 9.07011162e-06
24800 2.48000000e+03 -7.40283076e-06 5.24070811e-06 9.07011162e-06
24900 2.49000000e+03 -7.40283076e-06 5.24070811e-06 9.07011162e-06
25000 2.50000000e+03 -7.40283076e-06 5.24070811e-06 9.07011162e-06
25100 2.51000000e+03 -7.40283076e-06 5.24070811e-06 9.07011162e-06
25200 2.52000000e+03 -7.40283076e-06 5.24070811e-06 9.07011162e-06
25300 2.53000000e+03 -7.40283076e-06 5.24070811e-06 9.07011162e-06
25400 2.54000000e+03 -7.40283076e-06 5.24070811e-06 9.07011162e-06
25500 2.55000000e+03 -7.40283076e-06 5.24070811e-06 9.07011162e-06
25600 2.56000000e+03 -7.40283076e-06 5.24070811e-06 9.07011162e-06
25700 2.57000000e+03 -7.40283076e-06 5.24070811e-06 9.07011162e-06
25800 2.58000000e+03 -7.40283076e-06 5.24070811e-06 9.07011162e-06
25900 2.59000000e+03 -7.40283076e-06 5.24070811e-06 9.07011162e-06
26000 2.60000000e+03 -7.40283076e-06 5.24070811e-06 9.07011162e-06
26100 2.61000000e+03 -7.40283076e-06 5.24070811e-06 9.07011162e-06
26200 2.62000000e+03 -7.40283076e-06 5.24070811e-06 9.07011162e-06
26300 2.63000000e+03 -7.40283076e-06 5.24070811e-06 9.07011162e-06
26400 2.64000000e+03 -7.40283076e-06 5.24070811e-06 9.07011162e-06
26500 2.65000000e+03 -7.40283076e-06 5.24070811e-06 9.07011162e-06
26600 2.66000000e+03 -7.40283076e-06 5.24070811e-06 9.07011162e-06
26700 2.67000000e+03 -7.40283076e-06 5.24070811e-06 9.07011162e-06
26800 2.68000000e+03 -7.40283076e-06 5.24070811e-06 9.07011162e-06
26900 2.69000000e+03 -7.40283076e-06 5.24070811e-06 9.07011162e-06
27000 2.70000000e+03 -7.40283076e-06 5.24070811e-06 9.07011162e-06
27100 2.71000000e+03 -7.40283076e-06 5.24070811e-06 9.07011162e-06
27200 2.72000000e+03 -7.40283076e-06 5.24070811e-06 9.07011162e-06
27300 2.73000000e+03 -7.40283076e-06 5.24070811e-06 9.07011162e-06
27400 2.74000000e+03 -7.40283076e-06 5.24070811e-06 9.07011162e-06
27500 2.75000000e+03 -7.40283076e-06 5.24070811e-06 9.07011162e-06
27600 2.76000000e+03 -7.40283076e-06 5.24070811e-06 9.07011162e-06
27700 2.77000000e+03 -7.40283076e-06 5.24070811e-06 9.07011162e-06
27800 2.78000000e+03 -7.40283076e-06 5.24070811e-06 9.07011162e-06
27900 2.79000000e+03 -7.40283076e-06 5.24070811e-06 9.07011162e-06
28000 2.80000000e+03 -7.40283076e-06 5.24070811e-06 9.07011162e-06
28100 2.81000000e+03 -7.40283076e-06 5.24070811e-06 9.07011162e-06
28200 2.82000000e+03 -7.40283076e-06 5.24070811e-06 9.07011162e-06
28300 2.83000000e+03 -7.40283076e-06 5.24070811e-06 9.07011162e-06
28400 2.84000000e+03 -7.40283076e-06 5.24070811e-06 9.07011162e-06
28500 2.85000000e+03 -7.40283076e-06 5.24070811e-06 9.07011162e-06
28600 2.86000000e+03 -7.40283076e-06 5.24070811e-06 9.07011162e-06
28700 2.87000000e+03 -7.40283076e-06 5.24070811e-06 9.07011162e-06
28800 2.88000000e+03 -7.40283076e-06 5.24070811e-06 9.07011162e-06
28900 2.89000000e+03 -7.40283076e-06 5.24070811e-06 9.07011162e-06
29000 2.90000000e+03 -7.40283076e-06 5.24070811e-06 9.07011162e-06
29100 2.91000000e+03 -7.40283076e-06 5.24070811e-06 9.07011162e-06
29200 2.92000000e+03 -7.40283076e-06 5.24070811e-06 9.07011162e-06
29300 2.93000000e+03 -7.40283076e-06 5.24070811e-06 9.07011162e-06
29400 2.94000000e+03 -7.40283076e-06 5.24070811e-06 9.07011162e-06
29500 2.95000000e+03 -7.40283076e-06 5.24070811e-06 9.07011162e-06
29600 2.96000000e+03 -7.40283076e-06 5.24070811e-06 9.07011162e-06
29700 2.97000000e+03 -7.40283076e-06 5.24070811e-06 9.07011162e-06
29800 2.98000000e+03 -7.40283076e-06 5.24070811e-06 9.07011162e-06
29900 2.99000000e+03 -7.40283076e-06 5.24070811e-06 9.07011162e-06
30000 3.00000000e+03 -7.40283076e-06 5.24070811e-06 9.07011162e-06
30100 3.01000000e+03 -7.40283076e-06 5.24070811e-06 9.07011162e-06
30200 3.02000000e+03 -7.40283076e-06 5.24070811e-06 9.07011162e-06
30300 3.03000000e+03 -7.40283076e-06 5.24070811e-06 9.07011162e-06
30400 3.04000000e+03 -7.40283076e-06 5.24070811e-06 9.07011162e-06
30500 3.05000000e+03 -7.40283076e-06 5.24070811e-06 9.07011162e-06
30600 3.06000000e+03 -7.40283076e-06 5.24070811e-06 9.07011162e-06
30700 3.07000000e+03 -7.40283076e-06 5.24070811e-06 9.07011162e-06
30800 3.08000000e+03 -7.40283076e-06 5.24070811e-06 9.07011162e-06
30900 3.09000000e+03 -7.40283076e-06 5.24070811e-06 9.07011162e-06
31000 3.10000000e+03 -7.40283076e-06 5.24070811e-06 9.07011162e-06
31100 3.11000000e+03 -7.40283076e-06 5.24070811e-06 9.07011162e-06
31200 3.12000000e+03 -7.40283076e-06 5.24070811e-06 9.07011162e-06
31300 3.13000000e+03 -7.40283076e-06 5.24070811e-06 9.07011162e-06
31400 3.14000000e+03 -7.40283076e-06 5.24070811e-06 9.07011162e-06
31500 3.15000000e+03 -7.40283076e-06 5.24070811e-06 9.07011162e-06
31600 3.16000000e+03 -7.40283076e-06 5.24070811e-06 9.07011162e-06
31700 3.17000000e+03 -7.40283076e-06 5.24070811e-06 9.07011162e-06
31800 3.18000000e+03 -7.40283076e-06 5.24070811e-06 9.07011162e-06
31900 3.19000000e+03 -7.40283076e-06 5.24070811e-06 9.07011162e-06
32000 3.20000000e+03 -7.40283076e-06 5.24070811e-06 9.07011162e-06
32100 3.21000000e+03 -7.40283076e-06 5.24070811e-06 9.07011162e-06
32200 3.22000000e+03 -7.40283076e-06 5.24070811e-06 9.07011162e-06
32300 3.23000000e+03 -7.40283076e-06 5.24070811e-06 9.07011162e-06
32400 3.24000000e+03 -7.40283076e-06 5.24070811e-06 9.07011162e-06
32500 3.25000000e+03 -7.40283076e-06 5.24070811e-06 9.07011162e-06
32600 3.26000000e+03 -7.40283076e-06 5.24070811e-06 9.07011162e-06
32700 3.27000000e+03 -7.40283076e-06 5.24070811e-06 9.07011162e-06
32800 3.28000000e+03 -7.40283076e-06 5.24070811e-06 9.07011162e-06
32900 3.29000000e+03 -7.40283076e-06 5.24070811e-06 9.07011162e-06
33000 3.30000000e+03 -7.40283076e-06 5.24070811e-06 9.07011162e-06
33100 3.31000000e+03 -7.40283076e-06 5.24070811e-06 9.07011162e-06
33200 3.32000000e+03 -7.40283076e-06 5.24070811e-06 9.07011162e-06
33300 3.33000000e+03 -7.40283076e-06 5.24070811e-06 9.07011162e-06
33400 3.34000000e+03 -7.40283076e-06 5.24070811e-06 9.07011162e-06
33500 3.35000000e+03 -7.40283076e-06 5.24070811e-06 9.07011162e-06
33600 3.36000000e+03 -7.40283076e-06 5.24070811e-06 9.07011162e-06
33700 3.37000000e+03 -7.40283076e-06 5.24070811e-06 9.07011162e-06
33800 3.38000000e+03 -7.40283076e-06 5.24070811e-06 9.07011162e-06
33900 3.39000000e+03 -7.40283076e-06 5.24070811e-06 9.07011162e-06
34000 3.40000000e+03 -7.40283076e-06 5.24070811e-06 9.07011162e-06
34100 3.41000000e+03 -7.40283076e-06 5.24070811e-06 9.07011162e-06
34200 3.42000000e+03 -7.40283076e-06 5.24070811e-06 9.07011162e-06
34300 3.43000000e+03 -7.40283076e-06 5.24070811e-06 9.07011162e-06
34400 3.44000000e+03 -7.40283076e-06 5.24070811e-06 9.07011162e-06
34500 3.45000000e+03 -7.40283076e-06 5.24070811e-06 9.07011162e-06
34600 3.46000000e+03 -7.40283076e-06 5.24070811e-06 9.07011162e-06
34700 3.47000000e+03 -7.40283076e-06 5.24070811e-06 9.07011162e-06
34800 3.48000000e+03 -7.40283076e-06 5.24070811e-06 9.07011162e-06
34900 3.49000000e+03 -7.40283076e-06 5.24070811e-06 9.07011162e-06
35000 3.50000000e+03 -7.40283076e-06 5.24070811e-06 9.07011162e-06
35100 3.51000000e+03 -7.40283076e-06 5.24070811e-06 9.07011162e-06
35200 3.52000000e+03 -7.40283076e-06 5.24070811e-06 9.07011162e-06
35300 3.53000000e+03 -7.40283076e-06 5.24070811e-06 9.07011162e-06
35400 3.54000000e+03 -7.40283076e-06 5.24070811e-06 9.07011162e-06
35500 3.55000000e+03 -7.40283076e-06 5.24070811e-06 9.07011162e-06
35600 3.56000000e+03 -7.40283076e-06 5.24070811e-06 9.07011162e-06
35700 3.57000000e+03 -7.40283076e-06 5.24070811e-06 9.07011162e-06
35800 3.58000000e+03 -7.40283076e-06 5.24070811e-06 9.07011162e-06
35900 3.59000000e+03 -7.40283076e-06 5.24070811e-06 9.07011162e-06
36000 3.60000000e+03 -7.40283076e-06 5.24070811e-06 9.07011162e-06
36100 3.61000000e+03 -7.40283076e-06 5.24070811e-06 9.07011162e-06
36200 3.62000000e+03 -7.40283076e-06 5.24070811e-06 9.07011162e-06
36300 3.63000000e+03 -7.40283076e-06 5.24070811e-06 9.07011162e-06
36400 3.64000000e+03 -7.40283076e-06 5.24070811e-06 9.07011162e-06
36500 3.65000000e+03 -7.40283076e-06 5.24070811e-06 9.07011162e-06
36600 3.66000000e+03 -7.40283076e-06 5.24070811e-06 9.07011162e-06
36700 3.67000000e+03 -7.40283076e-06 5.24070811e-06 9.07011162e-06
36800 3.68000000e+03 -7.40283076e-06 5.24070811e-06 9.07011162e-06
36900 3.69000000e+03 -7.40283076e-06 5.24070811e-06 9.07011162e-06
37000 3.70000000e+03 -7.40283076e-06 5.24070811e-06 9.07011162e-06
37100 3.71000000e+03 -7.40283076e-06 5.24070811e-06 9.07011162e-06
37200 3.72000000e+03 -7.40283076e-06 5.24070811e-06 9.07011162e-06
37300 3.73000000e+03 -7.40283076e-06 5.24070811e-06 9.07011162e-06
37400 3.74000000e+03 -7.40283076e-06 5.24070811e-06 9.07011162e-06
37500 3.75000000e+03 -7.40283076e-06 5.24070811e-06 9.07011162e-06
37600 3.76000000e+03 -7.40283076e-06 5.24070811e-06 9.07011162e-06
37700 3.77000000e+03 -7.40283076e-06 5.24070811e-06 9.07011162e-06
37800 3.78000000e+03 -7.40283076e-06 5.24070811e-06 9.07011162e-06
37900 3.79000000e+03 -7.40283076e-06 5.24070811e-06 9.07011162e-06
38000 3.80000000e+03 -7.40283076e-06 5.24070811e-06 9.07011162e-06
38100 3.81000000e+03 -7.40283076e-06 5.24070811e-06 9.07011162e-06
38200 3.82000000e+03 -7.40283076e-06 5.24070811e-06 9.07011162e-06
38300 3.83000000e+03 -7.40283076e-06 5.24070811e-06 9.07011162e-06
38400 3.84000000e+03 -7.40283076e-06 5.24070811e-06 9.07011162e-06
38500 3.85000000e+03 -7.40283076e-06 5.24070811e-06 9.07011162e-06
38600 3.86000000e+03 -7.40283076e-06 5.24070811e-06 9.07011162e-06
38700 3.87000000e+03 -7.40283076e-06 5.24070811e-06 9.07011162e-06
38800 3.88000000e+03 -7.40283076e-06 5.24070811e-06 9.07011162e-06
38900 3.89000000e+03 -7.40283076e-06 5.24070811e-06 9.07011162e-06
39000 3.90000000e+03 -7.40283076e-06 5.24070811e-06 9.07011162e-06
39100 3.91000000e+03 -7.40283076e-06 5.24070811e-06 9.07011162e-06
39200 3.92000000e+03 -7.40283076e-06 5.24070811e-06 9.07011162e-06
39300 3.93000000e+03 -7.40283076e-06 5.24070811e-06 9.07011162e-06
39400 3.94000000e+03 -7.40283076e-06 5.24070811e-06 9.07011162e-06
39500 3.95000000e+03 -7.40283076e-06 5.24070811e-06 9.07011162e-06
39600 3.96000000e+03 -7.40283076e-06 5.24070811e-06 9.07011162e-06
39700 3.97000000e+03 -7.40283076e-06 5.24070811e-06 9.07011162e-06
39800 3.98000000e+03 -7.40283076e-06 5.24070811e-06 9.07011162e-06
39900 3.99000000e+03 -7.40283076e-06 5.24070811e-06 9.07011162e-06
40000 4.00000000e+03 -7.40283076e-06 5.24070811e-06 9.07011162e-06
40100 4.01000000e+03 -7.40283076e-06 5.24070811e-06 9.07011162e-06
40200 4.02000000e+03 -7.40283076e-06 5.24070811e-06 9.07011162e-06
40300 4.03000000e+03 -7.40283076e-06 5.24070811e-06 9.07011162e-06
40400 4.04000000e+03 -7.40283076e-06 5.24070811e-06 9.07011162e-06
40500 4.05000000e+03 -7.40283076e-06 5.24070811e-06 9.07011162e-06
40600 4.06000000e+03 -7.40283076e-06 5.24070811e-06 9.07011162e-06
40700 4.07000000e+03 -7.40283076e-06 5.24070811e-06 9.07011162e-06
40800 4.08000000e+03 -7.40283076e-06 5.24070811e-06 9.07011162e-06
40900 4.09000000e+03 -7.40283076e-06 5.24070811e-06 9.07011162e-06
41000 4.10000000e+03 -7.40283076e-06 5.24070811e-06 9.07011162e-06
41100 4.11000000e+03 -7.40283076e-06 5.24070811e-06 9.07011162e-06
41200 4.12000000e+03 -7.40283076e-06 5.24070811e-06 9.07011162e-06
41300 4.13000000e+03 -7.40283076e-06 5.24070811e-06 9.07011162e-06
41400 4.14000000e+03 -7.40283076e-06 5.24070811e-06 9.07011162e-06
41500 4.15000000e+03 -7.40283076e-06 5.24070811e-06 9.07011162e-06
41600 4.16000000e+03 -7.40283076e-06 5.24070811e-06 9.07011162e-06
41700 4.17000000e+03 -7.40283076e-06 5.24070811e-06 9.07011162e-06
41800 4.18000000e+03 -7.40283076e-06 5.24070811e-06 9.07011162e-06
41900 4.19000000e+03 -7.40283076e-06 5.24070811e-06 9.07011162e-06
42000 4.20000000e+03 -7.40283076e-06 5.24070811e-06 9.07011162e-06
42100 4.21000000e+03 -7.40283076e-06 5.24070811e-06 9.07011162e-06
42200 4.22000000e+03 -7.40283076e-06 5.24070811e-06 9.07011162e-06
42300 4.23000000e+03 -7.40283076e-06 5.24070811e-06 9.07011162e-06
42400 4.24000000e+03 -7.40283076e-06 5.24070811e-06 9.07011162e-06
42500 4.25000000e+03 -7.40283076e-06 5.24070811e-06 9.07011162e-06
42600 4.26000000e+03 -7.40283076e-06 5.24070811e-06 9.07011162e-06
42700 4.27000000e+03 -7.40283076e-06 5.24070811e-06 9.07011162e-06
42800 4.28000000e+03 -7.40283076e-06 5.24070811e-06 9.07011162e-06
42900 4.29000000e+03 -7.40283076e-06 5.24070811e-06 9.07011162e-06
43000 4.30000000e+03 -7.40283076e-06 5.24070811e-06 9.07011162e-06
43100 4.31000000e+03 -7.40283076e-06 5.24070811e-06 9.07011162e-06
43200 4.32000000e+03 -7.40283076e-06 5.24070811e-06 9.07011162e-06
43300 4.33000000e+03 -7.40283076e-06 5.24070811e-06 9.07011162e-06
43400 4.34000000e+03 -7.40283076e-06 5.24070811e-06 9.07011162e-06
43500 4.35000000e+03 -7.40283076e-06 5.24070811e-06 9.07011162e-06
43600 4.36000000e+03 -7.40283076e-06 5.24070811e-06 9.07011162e-06
43700 4.37000000e+03 -7.40283076e-06 5.24070811e-06 9.07011162e-06
43800 4.38000000e+03 -7.40283076e-06 5.24070811e-06 9.07011162e-06
43900 4.39000000e+03 -7.40283076e-06 5.24070811e-06 9.07011162e-06
44000 4.40000000e+03 -7.40283076e-06 5.24070811e-06 9.07011162e-06
44100 4.41000000e+03 -7.40283076e-06 5.24070811e-06 9.07011162e-06
44200 4.42000000e+03 -7.40283076e-06 5.24070811e-06 9.07011162e-06
44300 4.43000000e+03 -7.40283076e-06 5.24070811e-06 9.07011162e-06
44400 4.44000000e+03 -7.40283076e-06 5.24070811e-06 9.07011162e-06
44500 4.45000000e+03 -7.40283076e-06 5.24070811e-06 9.07011162e-06
44600 4.46000000e+03 -7.40283076e-06 5.24070811e-06 9.07011162e-06
44700 4.47000000e+03 -7.40283076e-06 5.24070811e-06 9.07011162e-06
44800 4.48000000e+03 -7.40283076e-06 5.24070811e-06 9.07011162e-06
44900 4.49000000e+03 -7.40283076e-06 5.24070811e-06 9.07011162e-06
45000 4.50000000e+03 -7.40283076e-06 5.24070811e-06 9.07011162e-06
45100 4.51000000e+03 -7.40283076e-06 5.24070811e-06 9.07011162e-06
45200 4.52000000e+03 -7.40283076e-06 5.24070811e-06 9.07011162e-06
45300 4.53000000e+03 -7.40283076e-06 5.24070811e-06 9.07011162e-06
45400 4.54000000e+03 -7.40283076e-06 5.24070811e-06 9.07011162e-06
45500 4.55000000e+03 -7.40283076e-06 5.24070811e-06 9.07011162e-06
45600 4.56000000e+03 -7.40283076e-06 5.24070811e-06 9.07011162e-06
45700 4.57000000e+03 -7.40283076e-06 5.24070811e-06 9.07011162e-06
45800 4.58000000e+03 -7.40283076e-06 5.24070811e-06 9.07011162e-06
45900 4.59000000e+03 -7.40283076e-06 5.24070811e-06 9.07011162e-06
46000 4.60000000e+03 -7.40283076e-06 5.24070811e-06 9.07011162e-06
46100 4.61000000e+03 -7.40283076e-06 5.24070811e-06 9.07011162e-06
46200 4.62000000e+03 -7.40283076e-06 5.24070811e-06 9.07011162e-06
46300 4.63000000e+03 -7.40283076e-06 5.24070811e-06 9.07011162e-06
46400 4.64000000e+03 -7.40283076e-06 5.24070811e-06 9.07011162e-06
46500 4.65000000e+03 -7.40283076e-06 5.24070811e-06 9.07011162e-06
46600 4.66000000e+03 -7.40283076e-06 5.24070811e-06 9.07011162e-06
46700 4.67000000e+03 -7.40283076e-06 5.24070811e-06 9.07011162e-06
46800 4.68000000e+03 -7.40283076e-06 5.24070811e-06 9.07011162e-06
46900 4.69000000e+03 -7.40283076e-06 5.24070811e-06 9.07011162e-06
47000 4.70000000e+03 -7.40283076e-06 5.24070811e-06 9.07011162e-06
47100 4.71000000e+03 -7.40283076e-06 5.24070811e-06 9.07011162e-06
47200 4.72000000e+03 -7.40283076e-06 5.24070811e-06 9.07011162e-06
47300 4.73000000e+03 -7.40283076e-06 5.24070811e-06 9.07011162e-06
47400 4.74000000e+03 -7.40283076e-06 5.24070811e-06 9.07011162e-06
47500 4.75000000e+03 -7.40283076e-06 5.24070811e-06 9.07011162e-06
47600 4.76000000e+03 -7.40283076e-06 5.24070811e-06 9.07011162e-06
47700 4.77000000e+03 -7.40283076e-06 5.24070811e-06 9.07011162e-06
47800 4.78000000e+03 -7.40283076e-06 5.24070811e-06 9.07011162e-06
47900 4.79000000e+03 -7.40283076e-06 5.24070811e-06 9.07011162e-06
48000 4.80000000e+03 -7.40283076e-06 5.24070811e-06 9.07011162e-06
48100 4.81000000e+03 -7.40283076e-06 5.24070811e-06 9.07011162e-06
48200 4.82000000e+03 -7.40283076e-06 5.24070811e-06 9.07011162e-06
48300 4.83000000e+03 -7.40283076e-06 5.24070811e-06 9.07011162e-06
48400 4.84000000e+03 -7.40283076e-06 5.24070811e-06 9.07011162e-06
48500 4.85000000e+03 -7.40283076e-06 5.24070811e-06 9.07011162e-06
48600 4.86000000e+03 -7.40283076e-06 5.24070811e-06 9.07011162e-06
48700 4.87000000e+03 -7.40283076e-06 5.24070811e-06 9.07011162e-06
48800 4.88000000e+03 -7.40283076e-06 5.24070811e-06 9.07011162e-06
48900 4.89000000e+03 -7.40283076e-06 5.24070811e-06 9.07011162e-06
49000 4.90000000e+03 -7.40283076e-06 5.24070811e-06 9.07011162e-06
49100 4.91000000e+03 -7.40283076e-06 5.24070811e-06 9.07011162e-06
49200 4.92000000e+03 -7.40283076e-06 5.24070811e-06 9.07011162e-06
49300 4.93000000e+03 -7.40283076e-06 5.24070811e-06 9.07011162e-06
49400 4.94000000e+03 -7.40283076e-06 5.24070811e-06 9.07011162e-06
49500 4.95000000e+03 -7.40283076e-06 5.24070811e-06 9.07011162e-06
49600 4.96000000e+03 -7.40283076e-06 5.24070811e-06 9.07011162e-06
49700 4.97000000e+03 -7.40283076e-06 5.24070811e-06 9.07011162e-06
49800 4.98000000e+03 -7.40283076e-06 5.24070811e-06 9.07011162e-06
49900 4.99000000e+03 -7.40283076e-06 5.24070811e-06 9.07011162e-06
50000 5.00000000e+03 -7.40283076e-06 5.24070811e-06 9.07011162e-06
50100 5.01000000e+03 -7.40283076e-06 5.24070811e-06 9.07011162e-06
50200 5.02000000e+03 -7.40283076e-06 5.24070811e-06 9.07011162e-06
50300 5.03000000e+03 -7.40283076e-06 5.24070811e-06 9.07011162e-06
50400 5.04000000e+03 -7.40283076e-06 5.24070811e-06 9.07011162e-06
50500 5.05000000e+03 -7.40283076e-06 5.24070811e-06 9.07011162e-06
50600 5.06000000e+03 -7.40283076e-06 5.24070811e-06 9.07011162e-06
50700 5.07000000e+03 -7.40283076e-06 5.24070811e-06 9.07011162e-06
50800 5.08000000e+03 -7.40283076e-06 5.24070811e-06 9.07011162e-06
50900 5.09000000e+03 -7.40283076e-06 5.24070811e-06 9.07011162e-06
51000 5.10000000e+03 -7.40283076e-06 5.24070811e-06 9.07011162e-06
51100 5.11000000e+03 -7.40283076e-06 5.24070811e-06 9.07011162e-06
51200 5.12000000e+03 -7.40283076e-06 5.24070811e-06 9.07011162e-06
51300 5.13000000e+03 -7.40283076e-06 5.24070811e-06 9.07011162e-06
51400 5.14000000e+03 -7.40283076e-06 5.24070811e-06 9.07011162e-06
51500 5.15000000e+03 -7.40283076e-06 5.24070811e-06 9.07011162e-06
51600 5.16000000e+03 -7.40283076e-06 5.24070811e-06 9.07011162e-06
51700 5.17000000e+03 -7.40283076e-06 5.24070811e-06 9.07011162e-06
51800 5.18000000e+03 -7.40283076e-06 5.24070811e-06 9.07011162e-06
51900 5.19000000e+03 -7.40283076e-06 5.24070811e-06 9.07011162e-06
52000 5.20000000e+03 -7.40283076e-06 5.24070811e-06 9.07011162e-06
52100 5.21000000e+03 -7.40283076e-06 5.24070811e-06 9.07011162e-06
52200 5.22000000e+03 -7.40283076e-06 5.24070811e-06 9.07011162e-06
52300 5.23000000e+03 -7.40283076e-06 5.24070811e-06 9.07011162e-06
52400 5.24000000e+03 -7.40283076e-06 5.24070811e-06 9.07011162e-06
52500 5.25000000e+03 -7.40283076e-06 5.24070811e-06 9.07011162e-06
52600 5.26000000e+03 -7.40283076e-06 5.24070811e-06 9.07011162e-06
52700 5.27000000e+03 -7.40283076e-06 5.24070811e-06 9.07011162e-06
52800 5.28000000e+03 -7.40283076e-06 5.24070811e-06 9.07011162e-06
52900 5.29000000e+03 -7.40283076e-06 5.24070811e-06 9.07011162e-06
53000 5.30000000e+03 -7.40283076e-06 5.24070811e-06 9.07011162e-06
53100 5.31000000e+03 -7.40283076e-06 5.24070811e-06 9.07011162e-06
53200 5.32000000e+03 -7.40283076e-06 5.24070811e-06 9.07011162e-06
53300 5.33000000e+03 -7.40283076e-06 5.24070811e-06 9.07011162e-06
53400 5.34000000e+03 -7.40283076e-06 5.24070811e-06 9.07011162e-06
53500 5.35000000e+03 -7.40283076e-06 5.24070811e-06 9.07011162e-06
53600 5.36000000e+03 -7.40283076e-06 5.24070811e-06 9.07011162e-06
53700 5.37000000e+03 -7.40283076e-06 5.24070811e-06 9.07011162e-06
53800 5.38000000e+03 -7.40283076e-06 5.24070811e-06 9.07011162e-06
53900 5.39000000e+03 -7.40283076e-06 5.24070811e-06 9.07011162e-06
54000 5.40000000e+03 -7.40283076e-06 5.24070811e-06 9.07011162e-06
54100 5.41000000e+03 -7.40283076e-06 5.24070811e-06 9.07011162e-06
54200 5.42000000e+03 -7.40283076e-06 5.24070811e-06 9.07011162e-06
54300 5.43000000e+03 -7.40283076e-06 5.24070811e-06 9.07011162e-06
54400 5.44000000e+03 -7.40283076e-06 5.24070811e-06 9.07011162e-06
54500 5.45000000e+03 -7.40283076e-06 5.24070811e-06 9.07011162e-06
54600 5.46000000e+03 -7.40283076e-06 5.24070811e-06 9.07011162e-06
54700 5.47000000e+03 -7.40283076e-06 5.24070811e-06 9.07011162e-06
54800 5.48000000e+03 -7.40283076e-06 5.24070811e-06 9.07011162e-06
54900 5.49000000e+03 -7.40283076e-06 5.24070811e-06 9.07011162e-06
55000 5.50000000e+03 -7.40283076e-06 5.24070811e-06 9.07011162e-06
55100 5.51000000e+03 -7.40283076e-06 5.24070811e-06 9.07011162e-06
55200 5.52000000e+03 -7.40283076e-06 5.24070811e-06 9.07011162e-06
55300 5.53000000e+03 -7.40283076e-06 5.24070811e-06 9.07011162e-06
55400 5.54000000e+03 -7.40283076e-06 5.24070811e-06 9.07011162e-06
55500 5.55000000e+03 -7.40283076e-06 5.24070811e-06 9.07011162e-06
55600 5.56000000e+03 -7.40283076e-06 5.24070811e-06 9.07011162e-06
55700 5.57000000e+03 -7.40283076e-06 5.24070811e-06 9.07011162e-06
55800 5.58000000e+03 -7.40283076e-06 5.24070811e-06 9.07011162e-06
55900 5.59000000e+03 -7.40283076e-06 5.24070811e-06 9.07011162e-06
56000 5.60000000e+03 -7.40283076e-06 5.24070811e-06 9.07011162e-06
56100 5.61000000e+03 -7.40283076e-06 5.24070811e-06 9.07011162e-06
56200 5.62000000e+03 -7.40283076e-06 5.24070811e-06 9.07011162e-06
56300 5.63000000e+03 -7.40283076e-06 5.24070811e-06 9.07011162e-06
56400 5.64000000e+03 -7.40283076e-06 5.24070811e-06 9.07011162e-06
56500 5.65000000e+03 -7.40283076e-06 5.24070811e-06 9.07011162e-06
56600 5.66000000e+03 -7.40283076e-06 5.24070811e-06 9.07011162e-06
56700 5.67000000e+03 -7.40283076e-06 5.24070811e-06 9.07011162e-06
56800 5.68000000e+03 -7.40283076e-06 5.24070811e-06 9.07011162e-06
56900 5.69000000e+03 -7.40283076e-06 5.24070811e-06 9.07011162e-06
57000 5.70000000e+03 -7.40283076e-06 5.24070811e-06 9.07011162e-06
57100 5.71000000e+03 -7.40283076e-06 5.24070811e-06 9.07011162e-06
57200 5.72000000e+03 -7.40283076e-06 5.24070811e-06 9.07011162e-06
57300 5.73000000e+03 -7.40283076e-06 5.24070811e-06 9.07011162e-06
57400 5.74000000e+03 -7.40283076e-06 5.24070811e-06 9.07011162e-06
57500 5.75000000e+03 -7.40283076e-06 5.24070811e-06 9.07011162e-06
57600 5.76000000e+03 -7.40283076e-06 5.24070811e-06 9.07011162e-06
57700 5.77000000e+03 -7.40283076e-06 5.24070811e-06 9.07011162e-06
57800 5.78000000e+03 -7.40283076e-06 5.24070811e-06 9.07011162e-06
57900 5.79000000e+03 -7.40283076e-06 5.24070811e-06 9.07011162e-06
58000 5.80000000e+03 -7.40283076e-06 5.24070811e-06 9.07011162e-06
58100 5.81000000e+03 -7.40283076e-06 5.24070811e-06 9.07011162e-06
58200 5.82000000e+03 -7.40283076e-06 5.24070811e-06 9.07011162e-06
58300 5.83000000e+03 -7.40283076e-06 5.24070811e-06 9.07011162e-06
58400 5.84000000e+03 -7.40283076e-06 5.24070811e-06 9.07011162e-06
58500 5.85000000e+03 -7.40283076e-06 5.24070811e-06 9.07011162e-06
58600 5.86000000e+03 -7.40283076e-06 5.24070811e-06 9.07011162e-06
58700 5.87000000e+03 -7.40283076e-06 5.24070811e-06 9.07011162e-06
58800 5.88000000e+03 -7.40283076e-06 5.24070811e-06 9.07011162e-06
58900 5.89000000e+03 -7.40283076e-06 5.24070811e-06 9.07011162e-06
59000 5.90000000e+03 -7.40283076e-06 5.24070811e-06 9.07011162e-06
59100 5.91000000e+03 -7.40283076e-06 5.24070811e-06 9.07011162e-06
59200 5.92000000e+03 -7.40283076e-06 5.24070811e-06 9.07011162e-06
59300 5.93000000e+03 -7.40283076e-06 5.24070811e-06 9.07011162e-06
59400 5.94000000e+03 -7.40283076e-06 5.24070811e-06 9.07011162e-06
59500 5.95000000e+03 -7.40283076e-06 5.24070811e-06 9.07011162e-06
59600 5.96000000e+03 -7.40283076e-06 5.24070811e-06 9.07011162e-06
59700 5.97000000e+03 -7.40283076e-06 5.24070811e-06 9.07011162e-06
59800 5.98000000e+03 -7.40283076e-06 5.24070811e-06 9.07011162e-06
59900 5.99000000e+03 -7.40283076e-06 5.24070811e-06 9.07011162e-06
60000 6.00000000e+03 -7.40283076e-06 5.24070811e-06 9.07011162e-06
60100 6.01000000e+03 -7.40283076e-06 5.24070811e-06 9.07011162e-06
60200 6.02000000e+03 -7.40283076e-06 5.24070811e-06 9.07011162e-06
60300 6.03000000e+03 -7.40283076e-06 5.24070811e-06 9.07011162e-06
60400 6.04000000e+03 -7.40283076e-06 5.24070811e-06 9.07011162e-06
60500 6.05000000e+03 -7.40283076e-06 5.24070811e-06 9.07011162e-06
60600 6.06000000e+03 -7.40283076e-06 5.24070811e-06 9.07011162e-06
60700 6.07000000e+03 -7.40283076e-06 5.24070811e-06 9.07011162e-06
60800 6.08000000e+03 -7.40283076e-06 5.24070811e-06 9.07011162e-06
60900 6.09000000e+03 -7.40283076e-06 5.24070811e-06 9.07011162e-06
61000 6.10000000e+03 -7.40283076e-06 5.24070811e-06 9.07011162e-06
61100 6.11000000e+03 -7.40283076e-06 5.24070811e-06 9.07011162e-06
61200 6.12000000e+03 -7.40283076e-06 5.24070811e-06 9.07011162e-06
61300 6.13000000e+03 -7.40283076e-06 5.24070811e-06 9.07011162e-06
61400 6.14000000e+03 -7.40283076e-06 5.24070811e-06 9.07011162e-06
61500 6.15000000e+03 -7.40283076e-06 5.24070811e-06 9.07011162e-06
61600 6.16000000e+03 -7.40283076e-06 5.24070811e-06 9.07011162e-06
61700 6.17000000e+03 -7.40283076e-06 5.24070811e-06 9.07011162e-06
61800 6.18000000e+03 -7.40283076e-06 5.24070811e-06 9.07011162e-06
61900 6.19000000e+03 -7.40283076e-06 5.24070811e-06 9.07011162e-06
62000 6.20000000e+03 -7.40283076e-06 5.24070811e-06 9.07011162e-06
62100 6.21000000e+03 -7.40283076e-06 5.24070811e-06 9.07011162e-06
62200 6.22000000e+03 -7.40283076e-06 5.24070811e-06 9.07011162e-06
62300 6.23000000e+03 -7.40283076e-06 5.24070811e-06 9.07011162e-06
62400 6.24000000e+03 -7.40283076e-06 5.24070811e-06 9.07011162e-06
62500 6.25000000e+03 -7.40283076e-06 5.24070811e-06 9.07011162e-06
62600 6.26000000e+03 -7.40283076e-06 5.24070811e-06 9.07011162e-06
62700 6.27000000e+03 -7.40283076e-06 5.24070811e-06 9.07011162e-06
62800 6.28000000e+03 -7.40283076e-06 5.24070811e-06 9.07011162e-06
62900 6.29000000e+03 -7.40283076e-06 5.24070811e-06 9.07011162e-06
63000 6.30000000e+03 -7.40283076e-06 5.24070811e-06 9.07011162e-06
63100 6.31000000e+03 -7.40283076e-06 5.24070811e-06 9.07011162e-06
63200 6.32000000e+03 -7.40283076e-06 5.24070811e-06 9.07011162e-06
63300 6.33000000e+03 -7.40283076e-06 5.24070811e-06 9.07011162e-06
63400 6.34000000e+03 -7.40283076e-06 5.24070811e-06 9.07011162e-06
63500 6.35000000e+03 -7.40283076e-06 5.24070811e-06 9.07011162e-06
63600 6.36000000e+03 -7.40283076e-06 5.24070811e-06 9.07011162e-06
63700 6.37000000e+03 -7.40283076e-06 5.24070811e-06 9.07011162e-06
63800 6.38000000e+03 -7.40283076e-06 5.24070811e-06 9.07011162e-06
63900 6.39000000e+03 -7.40283076e-06 5.24070811e-06 9.07011162e-06
64000 6.40000000e+03 -7.40283076e-06 5.24070811e-06 9.07011162e-06
64100 6.41000000e+03 -7.40283076e-06 5.24070811e-06 9.07011162e-06
64200 6.42000000e+03 -7.40283076e-06 5.24070811e-06 9.07011162e-06
64300 6.43000000e+03 -7.40283076e-06 5.24070811e-06 9.07011162e-06
64400 6.44000000e+03 -7.40283076e-06 5.24070811e-06 9.07011162e-06
64500 6.45000000e+03 -7.40283076e-06 5.24070811e-06 9.07011162e-06
64600 6.46000000e+03 -7.40283076e-06 5.24070811e-06 9.07011162e-06
64700 6.47000000e+03 -7.40283076e-06 5.24070811e-06 9.07011162e-06
64800 6.48000000e+03 -7.40283076e-06 5.24070811e-06 9.07011162e-06
64900 6.49000000e+03 -7.40283076e-06 5.24070811e-06 9.07011162e-06
65000 6.50000000e+03 -7.40283076e-06 5.24070811e-06 9.07011162e-06
65100 6.51000000e+03 -7.40283076e-06 5.24070811e-06 9.07011162e-06
65200 6.52000000e+03 -7.40283076e-06 5.24070811e-06 9.07011162e-06
65300 6.53000000e+03 -7.40283076e-06 5.24070811e-06 9.07011162e-06
65400 6.54000000e+03 -7.40283076e-06 5.24070811e-06 9.07011162e-06
65500 6.55000000e+03 -7.40283076e-06 5.24070811e-06 9.07011162e-06
65600 6.56000000e+03 -7.40283076e-06 5.24070811e-06 9.07011162e-06
65700 6.57000000e+03 -7.40283076e-06 5.24070811e-06 9.07011162e-06
65800 6.58000000e+03 -7.40283076e-06 5.24070811e-06 9.07011162e-06
65900 6.59000000e+03 -7.40283076e-06 5.24070811e-06 9.07011162e-06
66000 6.60000000e+03 -7.40283076e-06 5.24070811e-06 9.07011162e-06
66100 6.61000000e+03 -7.40283076e-06 5.24070811e-06 9.07011162e-06
66200 6.62000000e+03 -7.40283076e-06 5.24070811e-06 9.07011162e-06
66300 6.63000000e+03 -7.40283076e-06 5.24070811e-06 9.07011162e-06
66400 6.64000000e+03 -7.40283076e-06 5.24070811e-06 9.07011162e-06
66500 6.65000000e+03 -7.40283076e-06 5.24070811e-06 9.07011162e-06
66600 6.66000000e+03 -7.40283076e-06 5.24070811e-06 9.07011162e-06
66700 6.67000000e+03 -7.40283076e-06 5.24070811e-06 9.07011162e-06
66800 6.68000000e+03 -7.40283076e-06 5.24070811e-06 9.07011162e-06
66900 6.69000000e+03 -7.40283076e-06 5.24070811e-06 9.07011162e-06
67000 6.70000000e+03 -7.40283076e-06 5.24070811e-06 9.07011162e-06
67100 6.71000000e+03 -7.40283076e-06 5.24070811e-06 9.07011162e-06
67200 6.72000000e+03 -7.40283076e-06 5.24070811e-06 9.07011162e-06
67300 6.73000000e+03 -7.40283076e-06 5.24070811e-06 9.07011162e-06
67400 6.74000000e+03 -7.40283076e-06 5.24070811e-06 9.07011162e-06
67500 6.75000000e+03 -7.40283076e-06 5.24070811e-06 9.07011162e-06
67600 6.76000000e+03 -7.40283076e-06 5.24070811e-06 9.07011162e-06
67700 6.77000000e+03 -7.40283076e-06 5.24070811e-06 9.07011162e-06
67800 6.78000000e+03 -7.40283076e-06 5.24070811e-06 9.07011162e-06
67900 6.79000000e+03 -7.40283076e-06 5.24070811e-06 9.07011162e-06
68000 6.80000000e+03 -7.40283076e-06 5.24070811e-06 9.07011162e-06
68100 6.81000000e+03 -7.40283076e-06 5.24070811e-06 9.07011162e-06
68200 6.82000000e+03 -7.40283076e-06 5.24070811e-06 9.07011162e-06
68300 6.83000000e+03 -7.40283076e-06 5.24070811e-06 9.07011162e-06
68400 6.84000000e+03 -7.40283076e-06 5.24070811e-06 9.07011162e-06
68500 6.85000000e+03 -7.40283076e-06 5.24070811e-06 9.07011162e-06
68600 6.86000000e+03 -7.40283076e-06 5.24070811e-06 9.07011162e-06
68700 6.87000000e+03 -7.40283076e-06 5.24070811e-06 9.07011162e-06
68800 6.88000000e+03 -7.40283076e-06 5.24070811e-06 9.07011162e-06
68900 6.89000000e+03 -7.40283076e-06 5.24070811e-06 9.07011162e-06
69000 6.90000000e+03 -7.40283076e-06 5.24070811e-06 9.07011162e-06
69100 6.91000000e+03 -7.40283076e-06 5.24070811e-06 9.07011162e-06
69200 6.92000000e+03 -7.40283076e-06 5.24070811e-06 9.07011162e-06
69300 6.93000000e+03 -7.40283076e-06 5.24070811e-06 9.07011162e-06
69400 6.94000000e+03 -7.40283076e-06 5.24070811e-06 9.07011162e-06
69500 6.95000000e+03 -7.40283076e-06 5.24070811e-06 9.07011162e-06
69600 6.96000000e+03 -7.40283076e-06 5.24070811e-06 9.07011162e-06
69700 6.97000000e+03 -7.40283076e-06 5.24070811e-06 9.07011162e-06
69800 6.98000000e+03 -7.40283076e-06 5.24070811e-06 9.07011162e-06
69900 6.99000000e+03 -7.40283076e-06 5.24070811e-06 9.07011162e-06
70000 7.00000000e+03 -7.40283076e-06 5.24070811e-06 9.07011162e-06
70100 7.01000000e+03 -7.40283076e-06 5.24070811e-06 9.07011162e-06
70200 7.02000000e+03 -7.40283076e-06 5.24070811e-06 9.07011162e-06
70300 7.03000000e+03 -7.40283076e-06 5.24070811e-06 9.07011162e-06
70400 7.04000000e+03 -7.40283076e-06 5.24070811e-06 9.07011162e-06
70500 7.05000000e+03 -7.40283076e-06 5.24070811e-06 9.07011162e-06
70600 7.06000000e+03 -7.40283076e-06 5.24070811e-06 9.07011162e-06
70700 7.07000000e+03 -7.40283076e-06 5.24070811e-06 9.07011162e-06
70800 7.08000000e+03 -7.40283076e-06 5.24070811e-06 9.07011162e-06
70900 7.09000000e+03 -7.40283076e-06 5.24070811e-06 9.07011162e-06
71000 7.10000000e+03 -7.40283076e-06 5.24070811e-06 9.07011162e-06
71100 7.11000000e+03 -7.40283076e-06 5.24070811e-06 9.07011162e-06
71200 7.12000000e+03 -7.40283076e-06 5.24070811e-06 9.07011162e-06
71300 7.13000000e+03 -7.40283076e-06 5.24070811e-06 9.07011162e-06
71400 7.14000000e+03 -7.40283076e-06 5.24070811e-06 9.07011162e-06
71500 7.15000000e+03 -7.40283076e-06 5.24070811e-06 9.07011162e-06
71600 7.16000000e+03 -7.40283076e-06 5.24070811e-06 9.07011162e-06
71700 7.17000000e+03 -7.40283076e-06 5.24070811e-06 9.07011162e-06
71800 7.18000000e+03 -7.40283076e-06 5.24070811e-06 9.07011162e-06
71900 7.19000000e+03 -7.40283076e-06 5.24070811e-06 9.07011162e-06
72000 7.20000000e+03 -7.40283076e-06 5.24070811e-06 9.07011162e-06
72100 7.21000000e+03 -7.40283076e-06 5.24070811e-06 9.07011162e-06
72200 7.22000000e+03 -7.40283076e-06 5.24070811e-06 9.07011162e-06
72300 7.23000000e+03 -7.40283076e-06 5.24070811e-06 9.07011162e-06
72400 7.24000000e+03 -7.40283076e-06 5.24070811e-06 9.07011162e-06
72500 7.25000000e+03 -7.40283076e-06 5.24070811e-06 9.07011162e-06
72600 7.26000000e+03 -7.40283076e-06 5.24070811e-06 9.07011162e-06
72700 7.27000000e+03 -7.40283076e-06 5.24070811e-06 9.07011162e-06
72800 7.28000000e+03 -7.40283076e-06 5.24070811e-06 9.07011162e-06
72900 7.29000000e+03 -7.40283076e-06 5.24070811e-06 9.07011162e-06
73000 7.30000000e+03 -7.40283076e-06 5.24070811e-06 9.07011162e-06
73100 7.31000000e+03 -7.40283076e-06 5.24070811e-06 9.07011162e-06
73200 7.32000000e+03 -7.40283076e-06 5.24070811e-06 9.07011162e-06
73300 7.33000000e+03 -7.40283076e-06 5.24070811e-06 9.07011162e-06
73400 7.34000000e+03 -7.40283076e-06 5.24070811e-06 9.07011162e-06
73500 7.35000000e+03 -7.40283076e-06 5.24070811e-06 9.07011162e-06
73600 7.36000000e+03 -7.40283076e-06 5.24070811e-06 9.07011162e-06
73700 7.37000000e+03 -7.40283076e-06 5.24070811e-06 9.07011162e-06
73800 7.38000000e+03 -7.40283076e-06 5.24070811e-06 9.07011162e-06
73900 7.39000000e+03 -7.40283076e-06 5.24070811e-06 9.07011162e-06
74000 7.40000000e+03 -7.40283076e-06 5.24070811e-06 9.07011162e-06
74100 7.41000000e+03 -7.40283076e-06 5.24070811e-06 9.07011162e-06
74200 7.42000000e+03 -7.40283076e-06 5.24070811e-06 9.07011162e-06
74300 7.43000000e+03 -7.40283076e-06 5.24070811e-06 9.07011162e-06
74400 7.44000000e+03 -7.40283076e-06 5.24070811e-06 9.07011162e-06
74500 7.45000000e+03 -7.40283076e-06 5.24070811e-06 9.07011162e-06
74600 7.46000000e+03 -7.40283076e-06 5.24070811e-06 9.07011162e-06
74700 7.47000000e+03 -7.40283076e-06 5.24070811e-06 9.07011162e-06
74800 7.48000000e+03 -7.40283076e-06 5.24070811e-06 9.07011162e-06
74900 7.49000000e+03 -7.40283076e-06 5.24070811e-06 9.07011162e-06
75000 7.50000000e+03 -7.40283076e-06 5.24070811e-06 9.07011162e-06
75100 7.51000000e+03 -7.40283076e-06 5.24070811e-06 9.07011162e-06
75200 7.52000000e+03 -7.40283076e-06 5.24070811e-06 9.07011162e-06
75300 7.53000000e+03 -7.40283076e-06 5.24070811e-06 9.07011162e-06
75400 7.54000000e+03 -7.40283076e-06 5.24070811e-06 9.07011162e-06
75500 7.55000000e+03 -7.40283076e-06 5.24070811e-06 9.07011162e-06
75600 7.56000000e+03 -7.40283076e-06 5.24070811e-06 9.07011162e-06
75700 7.57000000e+03 -7.40283076e-06 5.24070811e-06 9.07011162e-06
75800 7.58000000e+03 -7.40283076e-06 5.24070811e-06 9.07011162e-06
75900 7.59000000e+03 -7.40283076e-06 5.24070811e-06 9.07011162e-06
76000 7.60000000e+03 -7.40283076e-06 5.24070811e-06 9.07011162e-06
76100 7.61000000e+03 -7.40283076e-06 5.24070811e-06 9.07011162e-06
76200 7.62000000e+03 -7.40283076e-06 5.24070811e-06 9.07011162e-06
76300 7.63000000e+03 -7.40283076e-06 5.24070811e-06 9.07011162e-06
76400 7.64000000e+03 -7.40283076e-06 5.24070811e-06 9.07011162e-06
76500 7.65000000e+03 -7.40283076e-06 5.24070811e-06 9.07011162e-06
76600 7.66000000e+03 -7.40283076e-06 5.24070811e-06 9.07011162e-06
76700 7.67000000e+03 -7.40283076e-06 5.24070811e-06 9.07011162e-06
76800 7.68000000e+03 -7.40283076e-06 5.24070811e-06 9.07011162e-06
76900 7.69000000e+03 -7.40283076e-06 5.24070811e-06 9.07011162e-06
77000 7.70000000e+03 -7.40283076e-06 5.24070811e-06 9.07011162e-06
77100 7.71000000e+03 -7.40283076e-06 5.24070811e-06 9.07011162e-06
77200 7.72000000e+03 -7.40283076e-06 5.24070811e-06 9.07011162e-06
77300 7.73000000e+03 -7.40283076e-06 5.24070811e-06 9.07011162e-06
77400 7.74000000e+03 -7.40283076e-06 5.24070811e-06 9.07011162e-06
77500 7.75000000e+03 -7.40283076e-06 5.24070811e-06 9.07011162e-06
77600 7.76000000e+03 -7.40283076e-06 5.24070811e-06 9.07011162e-06
77700 7.77000000e+03 -7.40283076e-06 5.24070811e-06 9.07011162e-06
77800 7.78000000e+03 -7.40283076e-06 5.24070811e-06 9.07011162e-06
77900 7.79000000e+03 -7.40283076e-06 5.24070811e-06 9.07011162e-06
78000 7.80000000e+03 -7.40283076e-06 5.24070811e-06 9.07011162e-06
78100 7.81000000e+03 -7.40283076e-06 5.24070811e-06 9.07011162e-06
78200 7.82000000e+03 -7.40283076e-06 5.24070811e-06 9.07011162e-06
78300 7.83000000e+03 -7.40283076e-06 5.24070811e-06 9.07011162e-06
78400 7.84000000e+03 -7.40283076e-06 5.24070811e-06 9.07011162e-06
78500 7.85000000e+03 -7.40283076e-06 5.24070811e-06 9.07011162e-06
78600 7.86000000e+03 -7.40283076e-06 5.24070811e-06 9.07011162e-06
78700 7.87000000e+03 -7.40283076e-06 5.24070811e-06 9.07011162e-06
78800 7.88000000e+03 -7.40283076e-06 5.24070811e-06 9.07011162e-06
78900 7.89000000e+03 -7.40283076e-06 5.24070811e-06 9.07011162e-06
79000 7.90000000e+03 -7.40283076e-06 5.24070811e-06 9.07011162e-06
79100 7.91000000e+03 -7.40283076e-06 5.24070811e-06 9.07011162e-06
79200 7.92000000e+03 -7.40283076e-06 5.24070811e-06 9.07011162e-06
79300 7.93000000e+03 -7.40283076e-06 5.24070811e-06 9.07011162e-06
79400 7.94000000e+03 -7.40283076e-06 5.24070811e-06 9.07011162e-06
79500 7.95000000e+03 -7.40283076e-06 5.24070811e-06 9.07011162e-06
79600 7.96000000e+03 -7.40283076e-06 5.24070811e-06 9.07011162e-06
79700 7.97000000e+03 -7.40283076e-06 5.24070811e-06 9.07011162e-06
79800 7.98000000e+03 -7.40283076e-06 5.24070811e-06 9.07011162e-06
79900 7.99000000e+03 -7.40283076e-06 5.24070811e-06 9.07011162e-06
80000 8.00000000e+03 -7.40283076e-06 5.24070811e-06 9.07011162e-06
80100 8.01000000e+03 -7.40283076e-06 5.24070811e-06 9.07011162e-06
80200 8.02000000e+03 -7.40283076e-06 5.24070811e-06 9.07011162e-06
80300 8.03000000e+03 -7.40283076e-06 5.24070811e-06 9.07011162e-06
80400 8.04000000e+03 -7.40283076e-06 5.24070811e-06 9.07011162e-06
80500 8.05000000e+03 -7.40283076e-06 5.24070811e-06 9.07011162e-06
80600 8.06000000e+03 -7.40283076e-06 5.24070811e-06 9.07011162e-06
80700 8.07000000e+03 -7.40283076e-06 5.24070811e-06 9.07011162e-06
80800 8.08000000e+03 -7.40283076e-06 5.24070811e-06 9.07011162e-06
80900 8.09000000e+03 -7.40283076e-06 5.24070811e-06 9.07011162e-06
81000 8.10000000e+03 -7.40283076e-06 5.24070811e-06 9.07011162e-06
81100 8.11000000e+03 -7.40283076e-06 5.24070811e-06 9.07011162e-06
81200 8.12000000e+03 -7.40283076e-06 5.24070811e-06 9.07011162e-06
81300 8.13000000e+03 -7.40283076e-06 5.24070811e-06 9.07011162e-06
81400 8.14000000e+03 -7.40283076e-06 5.24070811e-06 9.07011162e-06
81500 8.15000000e+03 -7.40283076e-06 5.24070811e-06 9.07011162e-06
81600 8.16000000e+03 -7.40283076e-06 5.24070811e-06 9.07011162e-06
81700 8.17000000e+03 -7.40283076e-06 5.24070811e-06 9.07011162e-06
81800 8.18000000e+03 -7.40283076e-06 5.24070811e-06 9.07011162e-06
81900 8.19000000e+03 -7.40283076e-06 5.24070811e-06 9.07011162e-06
82000 8.20000000e+03 -7.40283076e-06 5.24070811e-06 9.07011162e-06
82100 8.21000000e+03 -7.40283076e-06 5.24070811e-06 9.07011162e-06
82200 8.22000000e+03 -7.40283076e-06 5.24070811e-06 9.07011162e-06
82300 8.23000000e+03 -7.40283076e-06 5.24070811e-06 9.07011162e-06
82400 8.24000000e+03 -7.40283076e-06 5.24070811e-06 9.07011162e-06
82500 8.25000000e+03 -7.40283076e-06 5.24070811e-06 9.07011162e-06
82600 8.26000000e+03 -7.40283076e-06 5.24070811e-06 9.07011162e-06
82700 8.27000000e+03 -7.40283076e-06 5.24070811e-06 9.07011162e-06
82800 8.28000000e+03 -7.40283076e-06 5.24070811e-06 9.07011162e-06
82900 8.29000000e+03 -7.40283076e-06 5.24070811e-06 9.07011162e-06
83000 8.30000000e+03 -7.40283076e-06 5.24070811e-06 9.07011162e-06
83100 8.31000000e+03 -7.40283076e-06 5.24070811e-06 9.07011162e-06
83200 8.32000000e+03 -7.40283076e-06 5.24070811e-06 9.07011162e-06
83300 8.33000000e+03 -7.40283076e-06 5.24070811e-06 9.07011162e-06
83400 8.34000000e+03 -7.40283076e-06 5.24070811e-06 9.07011162e-06
83500 8.35000000e+03 -7.40283076e-06 5.24070811e-06 9.07011162e-06
83600 8.36000000e+03 -7.40283076e-06 5.24070811e-06 9.07011162e-06
83700 8.37000000e+03 -7.40283076e-06 5.24070811e-06 9.07011162e-06
83800 8.38000000e+03 -7.40283076e-06 5.24070811e-06 9.07011162e-06
83900 8.39000000e+03 -7.40283076e-06 5.24070811e-06 9.07011162e-06
84000 8.40000000e+03 -7.40283076e-06 5.24070811e-06 9.07011162e-06
84100 8.41000000e+03 -7.40283076e-06 5.24070811e-06 9.07011162e-06
84200 8.42000000e+03 -7.40283076e-06 5.24070811e-06 9.07011162e-06
84300 8.43000000e+03 -7.40283076e-06 5.24070811e-06 9.07011162e-06
84400 8.44000000e+03 -7.40283076e-06 5.24070811e-06 9.07011162e-06
84500 8.45000000e+03 -7.40283076e-06 5.24070811e-06 9.07011162e-06
84600 8.46000000e+03 -7.40283076e-06 5.24070811e-06 9.07011162e-06
84700 8.47000000e+03 -7.40283076e-06 5.24070811e-06 9.07011162e-06
84800 8.48000000e+03 -7.40283076e-06 5.24070811e-06 9.07011162e-06
84900 8.49000000e+03 -7.40283076e-06 5.24070811e-06 9.07011162e-06
85000 8.50000000e+03 -7.40283076e-06 5.24070811e-06 9.07011162e-06
85100 8.51000000e+03 -7.40283076e-06 5.24070811e-06 9.07011162e-06
85200 8.52000000e+03 -7.40283076e-06 5.24070811e-06 9.07011162e-06
85300 8.53000000e+03 -7.40283076e-06 5.24070811e-06 9.07011162e-06
85400 8.54000000e+03 -7.40283076e-06 5.24070811e-06 9.07011162e-06
85500 8.55000000e+03 -7.40283076e-06 5.24070811e-06 9.07011162e-06
85600 8.56000000e+03 -7.40283076e-06 5.24070811e-06 9.07011162e-06
85700 8.57000000e+03 -7.40283076e-06 5.24070811e-06 9.07011162e-06
85800 8.58000000e+03 -7.40283076e-06 5.24070811e-06 9.07011162e-06
85900 8.59000000e+03 -7.40283076e-06 5.24070811e-06 9.07011162e-06
86000 8.60000000e+03 -7.40283076e-06 5.24070811e-06 9.07011162e-06
86100 8.61000000e+03 -7.40283076e-06 5.24070811e-06 9.07011162e-06
86200 8.62000000e+03 -7.40283076e-06 5.24070811e-06 9.07011162e-06
86300 8.63000000e+03 -7.40283076e-06 5.24070811e-06 9.07011162e-06
86400 8.64000000e+03 -7.40283076e-06 5.24070811e-06 9.07011162e-06
86500 8.65000000e+03 -7.40283076e-06 5.24070811e-06 9.07011162e-06
86600 8.66000000e+03 -7.40283076e-06 5.24070811e-06 9.07011162e-06
86700 8.67000000e+03 -7.40283076e-06 5.24070811e-06 9.07011162e-06
86800 8.68000000e+03 -7.40283076e-06 5.24070811e-06 9.07011162e-06
86900 8.69000000e+03 -7.40283076e-06 5.24070811e-06 9.07011162e-06
87000 8.70000000e+03 -7.40283076e-06 5.24070811e-06 9.07011162e-06
87100 8.71000000e+03 -7.40283076e-06 5.24070811e-06 9.07011162e-06
87200 8.72000000e+03 -7.40283076e-06 5.24070811e-06 9.07011162e-06
87300 8.73000000e+03 -7.40283076e-06 5.24070811e-06 9.07011162e-06
87400 8.74000000e+03 -7.40283076e-06 5.24070811e-06 9.07011162e-06
87500 8.75000000e+03 -7.40283076e-06 5.24070811e-06 9.07011162e-06
87600 8.76000000e+03 -7.40283076e-06 5.24070811e-06 9.07011162e-06
87700 8.77000000e+03 -7.40283076e-06 5.24070811e-06 9.07011162e-06
87800 8.78000000e+03 -7.40283076e-06 5.24070811e-06 9.07011162e-06
87900 8.79000000e+03 -7.40283076e-06 5.24070811e-06 9.07011162e-06
88000 8.80000000e+03 -7.40283076e-06 5.24070811e-06 9.07011162e-06
88100 8.81000000e+03 -7.40283076e-06 5.24070811e-06 9.07011162e-06
88200 8.82000000e+03 -7.40283076e-06 5.24070811e-06 9.07011162e-06
88300 8.83000000e+03 -7.40283076e-06 5.24070811e-06 9.07011162e-06
88400 8.84000000e+03 -7.40283076e-06 5.24070811e-06 9.07011162e-06
88500 8.85000000e+03 -7.40283076e-06 5.24070811e-06 9.07011162e-06
88600 8.86000000e+03 -7.40283076e-06 5.24070811e-06 9.07011162e-06
88700 8.87000000e+03 -7.40283076e-06 5.24070811e-06 9.07011162e-06
88800 8.88000000e+03 -7.40283076e-06 5.24070811e-06 9.07011162e-06
88900 8.89000000e+03 -7.40283076e-06 5.24070811e-06 9.07011162e-06
89000 8.90000000e+03 -7.40283076e-06 5.24070811e-06 9.07011162e-06
89100 8.91000000e+03 -7.40283076e-06 5.24070811e-06 9.07011162e-06
89200 8.92000000e+03 -7.40283076e-06 5.24070811e-06 9.07011162e-06
89300 8.93000000e+03 -7.40283076e-06 5.24070811e-06 9.07011162e-06
89400 8.94000000e+03 -7.40283076e-06 5.24070811e-06 9.07011162e-06
89500 8.95000000e+03 -7.40283076e-06 5.24070811e-06 9.07011162e-06
89600 8.96000000e+03 -7.40283076e-06 5.24070811e-06 9.07011162e-06
89700 8.97000000e+03 -7.40283076e-06 5.24070811e-06 9.07011162e-06
89800 8.98000000e+03 -7.40283076e-06 5.24070811e-06 9.07011162e-06
89900 8.99000000e+03 -7.40283076e-06 5.24070811e-06 9.07011162e-06
90000 9.00000000e+03 -7.40283076e-06 5.24070811e-06 9.07011162e-06
90100 9.01000000e+03 -7.40283076e-06 5.24070811e-06 9.07011162e-06
90200 9.02000000e+03 -7.40283076e-06 5.24070811e-06 9.07011162e-06
90300 9.03000000e+03 -7.40283076e-06 5.24070811e-06 9.07011162e-06
90400 9.04000000e+03 -7.40283076e-06 5.24070811e-06 9.07011162e-06
90500 9.05000000e+03 -7.40283076e-06 5.24070811e-06 9.07011162e-06
90600 9.06000000e+03 -7.40283076e-06 5.24070811e-06 9.07011162e-06
90700 9.07000000e+03 -7.40283076e-06 5.24070811e-06 9.07011162e-06
90800 9.08000000e+03 -7.40283076e-06 5.24070811e-06 9.07011162e-06
90900 9.09000000e+03 -7.40283076e-06 5.24070811e-06 9.07011162e-06
91000 9.10000000e+03 -7.40283076e-06 5.24070811e-06 9.07011162e-06
91100 9.11000000e+03 -7.40283076e-06 5.24070811e-06 9.07011162e-06
91200 9.12000000e+03 -7.40283076e-06 5.24070811e-06 9.07011162e-06
91300 9.13000000e+03 -7.40283076e-06 5.24070811e-06 9.07011162e-06
91400 9.14000000e+03 -7.40283076e-06 5.24070811e-06 9.07011162e-06
91500 9.15000000e+03 -7.40283076e-06 5.24070811e-06 9.07011162e-06
91600 9.16000000e+03 -7.40283076e-06 5.24070811e-06 9.07011162e-06
91700 9.17000000e+03 -7.40283076e-06 5.24070811e-06 9.07011162e-06
91800 9.18000000e+03 -7.40283076e-06 5.24070811e-06 9.07011162e-06
91900 9.19000000e+03 -7.40283076e-06 5.24070811e-06 9.07011162e-06
92000 9.20000000e+03 -7.40283076e-06 5.24070811e-06 9.07011162e-06
92100 9.21000000e+03 -7.40283076e-06 5.24070811e-06 9.07011162e-06
92200 9.22000000e+03 -7.40283076e-06 5.24070811e-06 9.07011162e-06
92300 9.23000000e+03 -7.40283076e-06 5.24070811e-06 9.07011162e-06
92400 9.24000000e+03 -7.40283076e-06 5.24070811e-06 9.07011162e-06
92500 9.25000000e+03 -7.40283076e-06 5.24070811e-06 9.07011162e-06
92600 9.26000000e+03 -7.40283076e-06 5.24070811e-06 9.07011162e-06
92700 9.27000000e+03 -7.40283076e-06 5.24070811e-06 9.07011162e-06
92800 9.28000000e+03 -7.40283076e-06 5.24070811e-06 9.07011162e-06
92900 9.29000000e+03 -7.40283076e-06 5.24070811e-06 9.07011162e-06
93000 9.30000000e+03 -7.40283076e-06 5.24070811e-06 9.07011162e-06
93100 9.31000000e+03 -7.40283076e-06 5.24070811e-06 9.07011162e-06
93200 9.32000000e+03 -7.40283076e-06 5.24070811e-06 9.07011162e-06
93300 9.33000000e+03 -7.40283076e-06 5.24070811e-06 9.07011162e-06
93400 9.34000000e+03 -7.40283076e-06 5.24070811e-06 9.07011162e-06
93500 9.35000000e+03 -7.40283076e-06 5.24070811e-06 9.07011162e-06
93600 9.36000000e+03 -7.40283076e-06 5.24070811e-06 9.07011162e-06
93700 9.37000000e+03 -7.40283076e-06 5.24070811e-06 9.07011162e-06
93800 9.38000000e+03 -7.40283076e-06 5.24070811e-06 9.07011162e-06
93900 9.39000000e+03 -7.40283076e-06 5.24070811e-06 9.07011162e-06
94000 9.40000000e+03 -7.40283076e-06 5.24070811e-06 9.07011162e-06
94100 9.41000000e+03 -7.40283076e-06 5.24070811e-06 9.07011162e-06
94200 9.42000000e+03 -7.40283076e-06 5.24070811e-06 9.07011162e-06
94300 9.43000000e+03 -7.40283076e-06 5.24070811e-06 9.07011162e-06
94400 9.44000000e+03 -7.40283076e-06 5.24070811e-06 9.07011162e-06
94500 9.45000000e+03 -7.40283076e-06 5.24070811e-06 9.07011162e-06
94600 9.46000000e+03 -7.40283076e-06 5.24070811e-06 9.07011162e-06
94700 9.47000000e+03 -7.40283076e-06 5.24070811e-06 9.07011162e-06
94800 9.48000000e+03 -7.40283076e-06 5.24070811e-06 9.07011162e-06
94900 9.49000000e+03 -7.40283076e-06 5.24070811e-06 9.07011162e-06
95000 9.50000000e+03 -7.40283076e-06 5.24070811e-06 9.07011162e-06
95100 9.51000000e+03 -7.40283076e-06 5.24070811e-06 9.07011162e-06
95200 9.52000000e+03 -7.40283076e-06 5.24070811e-06 9.07011162e-06
95300 9.53000000e+03 -7.40283076e-06 5.24070811e-06 9.07011162e-06
95400 9.54000000e+03 -7.40283076e-06 5.24070811e-06 9.07011162e-06
95500 9.55000000e+03 -7.40283076e-06 5.24070811e-06 9.07011162e-06
95600 9.56000000e+03 -7.40283076e-06 5.24070811e-06 9.07011162e-06
95700 9.57000000e+03 -7.40283076e-06 5.24070811e-06 9.07011162e-06
95800 9.58000000e+03 -7.40283076e-06 5.24070811e-06 9.07011162e-06
95900 9.59000000e+03 -7.40283076e-06 5.24070811e-06 9.07011162e-06
96000 9.60000000e+03 -7.40283076e-06 5.24070811e-06 9.07011162e-06
96100 9.61000000e+03 -7.40283076e-06 5.24070811e-06 9.07011162e-06
96200 9.62000000e+03 -7.40283076e-06 5.24070811e-06 9.07011162e-06
96300 9.63000000e+03 -7.40283076e-06 5.24070811e-06 9.07011162e-06
96400 9.64000000e+03 -7.40283076e-06 5.24070811e-06 9.07011162e-06
96500 9.65000000e+03 -7.40283076e-06 5.24070811e-06 9.07011162e-06
96600 9.66000000e+03 -7.40283076e-06 5.24070811e-06 9.07011162e-06
96700 9.67000000e+03 -7.40283076e-06 5.24070811e-06 9.07011162e-06
96800 9.68000000e+03 -7.40283076e-06 5.24070811e-06 9.07011162e-06
96900 9.69000000e+03 -7.40283076e-06 5.24070811e-06 9.07011162e-06
97000 9.70000000e+03 -7.40283076e-06 5.24070811e-06 9.07011162e-06
97100 9.71000000e+03 -7.40283076e-06 5.24070811e-06 9.07011162e-06
97200 9.72000000e+03 -7.40283076e-06 5.24070811e-06 9.07011162e-06
97300 9.73000000e+03 -7.40283076e-06 5.24070811e-06 9.07011162e-06
97400 9.74000000e+03 -7.40283076e-06 5.24070811e-06 9.07011162e-06
97500 9.75000000e+03 -7.40283076e-06 5.24070811e-06 9.07011162e-06
97600 9.76000000e+03 -7.40283076e-06 5.24070811e-06 9.07011162e-06
97700 9.77000000e+03 -7.40283076e-06 5.24070811e-06 9.07011162e-06
97800 9.78000000e+03 -7.40283076e-06 5.24070811e-06 9.07011162e-06
97900 9.79000000e+03 -7.40283076e-06 5.24070811e-06 9.07011162e-06
98000 9.80000000e+03 -7.40283076e-06 5.24070811e-06 9.07011162e-06
98100 9.81000000e+03 -7.40283076e-06 5.24070811e-06 9.07011162e-06
98200 9.82000000e+03 -7.40283076e-06 5.24070811e-06 9.07011162e-06
98300 9.83000000e+03 -7.40283076e-06 5.24070811e-06 9.07011162e-06
98400 9.84000000e+03 -7.40283076e-06 5.24070811e-06 9.07011162e-06
98500 9.85000000e+03 -7.40283076e-06 5.24070811e-06 9.07011162e-06
98600 9.86000000e+03 -7.40283076e-06 5.24070811e-06 9.07011162e-06
98700 9.87000000e+03 -7.40283076e-06 5.24070811e-06 9.07011162e-06
98800 9.88000000e+03 -7.40283076e-06 5.24070811e-06 9.07011162e-06
98900 9.89000000e+03 -7.40283076e-06 5.24070811e-06 9.07011162e-06
99000 9.90000000e+03 -7.40283076e-06 5.24070811e-06 9.07011162e-06
99100 9.91000000e+03 -7.40283076e-06 5.24070811e-06 9.07011162e-06
99200 9.92000000e+03 -7.40283076e-06 5.24070811e-06 9.07011162e-06
99300 9.93000000e+03 -7.40283076e-06 5.24070811e-06 9.07011162e-06
99400 9.94000000e+03 -7.40283076e-06 5.24070811e-06 9.07011162e-06
99500 9.95000000e+03 -7.40283076e-06 5.24070811e-06 9.07011162e-06
99600 9.96000000e+03 -7.40283076e-06 5.24070811e-06 9.07011162e-06
99700 9.97000000e+03 -7.40283076e-06 5.24070811e-06 9.07011162e-06
99800 9.98000000e+03 -7.40283076e-06 5.24070811e-06 9.07011162e-06
99900 9.99000000e+03 -7.40283076e-06 5.24070811e-06 9.07011162e-06
100000 1.00000000e+04 -7.40283076e-06 5.24070811e-06 9.07011162e-06
