# step  t  vx_mean  vy_mean  vmag_mean
0 0.00000000e+00 2.62845447e-03 -2.16238573e-03 3.40362821e-03
100 1.00000000e+01 2.59636552e-03 -1.98076176e-03 3.26565936e-03
200 2.00000000e+01 2.61278171e-03 -2.39456585e-03 3.54408999e-03
300 3.00000000e+01 2.50631059e-03 -2.13877857e-03 3.29483938e-03
400 4.00000000e+01 2.46565160e-03 -1.97732728e-03 3.16057922e-03
500 5.00000000e+01 2.41822586e-03 -2.04715086e-03 3.16838176e-03
600 6.00000000e+01 2.39700265e-03 -1.98530685e-03 3.11240502e-03
700 7.00000000e+01 2.41156481e-03 -1.87306711e-03 3.05352669e-03
800 8.00000000e+01 2.34641740e-03 -1.63779850e-03 2.86147839e-03
900 9.00000000e+01 2.28298688e-03 -1.44018815e-03 2.69929084e-03
1000 1.00000000e+02 2.26553413e-03 -1.34825485e-03 2.63636796e-03
1100 1.10000000e+02 2.26926338e-03 -1.25783880e-03 2.59455482e-03
1200 1.20000000e+02 2.11240444e-03 -1.21951522e-03 2.43915352e-03
1300 1.30000000e+02 2.06149952e-03 -1.21553312e-03 2.39317802e-03
1400 1.40000000e+02 1.99896400e-03 -1.05837802e-03 2.26186231e-03
1500 1.50000000e+02 2.05066800e-03 -1.11880386e-03 2.33601398e-03
1600 1.60000000e+02 2.06655893e-03 -1.27360935e-03 2.42749801e-03
1700 1.70000000e+02 2.08922965e-03 -1.15001842e-03 2.38483183e-03
1800 1.80000000e+02 2.11035600e-03 -1.24143623e-03 2.44842120e-03
1900 1.90000000e+02 2.07418692e-03 -1.18456234e-03 2.38860615e-03
2000 2.00000000e+02 2.03308510e-03 -1.13413320e-03 2.32802344e-03
2100 2.10000000e+02 2.03005807e-03 -1.05713517e-03 2.28881422e-03
2200 2.20000000e+02 2.07010563e-03 -1.08461687e-03 2.33703468e-03
2300 2.30000000e+02 2.19940394e-03 -1.07569795e-03 2.44836757e-03
2400 2.40000000e+02 2.22546794e-03 -1.10301783e-03 2.48381881e-03
2500 2.50000000e+02 2.26470199e-03 -1.04182132e-03 2.49284311e-03
2600 2.60000000e+02 2.23680632e-03 -1.04340946e-03 2.46819890e-03
2700 2.70000000e+02 2.20391992e-03 -9.95269744e-04 2.41822764e-03
2800 2.80000000e+02 2.09434610e-03 -9.42034239e-04 2.29645686e-03
2900 2.90000000e+02 2.16671708e-03 -9.02174797e-04 2.34703691e-03
3000 3.00000000e+02 2.16362928e-03 -9.61629907e-04 2.36770432e-03
3100 3.10000000e+02 2.07551592e-03 -8.34320905e-04 2.23693042e-03
3200 3.20000000e+02 1.99895212e-03 -8.82341003e-04 2.18502523e-03
3300 3.30000000e+02 1.92782655e-03 -7.74760905e-04 2.07768373e-03
3400 3.40000000e+02 2.05375976e-03 -9.61405342e-04 2.26764843e-03
3500 3.50000000e+02 1.94912136e-03 -9.32793715e-04 2.16082813e-03
3600 3.60000000e+02 1.85854966e-03 -8.97085993e-04 2.06372724e-03
3700 3.70000000e+02 1.87563803e-03 -7.62224896e-04 2.02459991e-03
3800 3.80000000e+02 1.80809526e-03 -6.70645561e-04 1.92846414e-03
3900 3.90000000e+02 1.74847618e-03 -5.86838578e-04 1.84432873e-03
4000 4.00000000e+02 1.69734017e-03 -6.90686866e-04 1.83248792e-03
4100 4.10000000e+02 1.71934743e-03 -5.91822725e-04 1.81835358e-03
4200 4.20000000e+02 1.77325984e-03 -5.81409666e-04 1.86614245e-03
4300 4.30000000e+02 1.87486247e-03 -6.20246283e-04 1.97479486e-03
4400 4.40000000e+02 1.84246770e-03 -5.99840074e-04 1.93765201e-03
4500 4.50000000e+02 2.02571996e-03 -8.34819512e-04 2.19099635e-03
4600 4.60000000e+02 2.10213172e-03 -8.74658115e-04 2.27683653e-03
4700 4.70000000e+02 2.09036004e-03 -8.33214086e-04 2.25030016e-03
4800 4.80000000e+02 2.13782419e-03 -8.62257381e-04 2.30516379e-03
4900 4.90000000e+02 2.13075592e-03 -8.18576198e-04 2.28258358e-03
5000 5.00000000e+02 2.05410947e-03 -8.09827063e-04 2.20798224e-03
5100 5.10000000e+02 2.06438918e-03 -7.82884890e-04 2.20785222e-03
5200 5.20000000e+02 2.10815622e-03 -8.31125944e-04 2.26607435e-03
5300 5.30000000e+02 2.10742233e-03 -7.97326909e-04 2.25321084e-03
5400 5.40000000e+02 2.17192085e-03 -9.79199540e-04 2.38245082e-03
5500 5.50000000e+02 2.34988658e-03 -1.11562922e-03 2.60126805e-03
5600 5.60000000e+02 2.24016071e-03 -1.14047923e-03 2.51376469e-03
5700 5.70000000e+02 2.24145455e-03 -1.23594096e-03 2.55962274e-03
5800 5.80000000e+02 2.21777987e-03 -1.17368554e-03 2.50920013e-03
5900 5.90000000e+02 2.26474740e-03 -1.18357618e-03 2.55537343e-03
6000 6.00000000e+02 2.43533193e-03 -1.34652527e-03 2.78279930e-03
6100 6.10000000e+02 2.39524245e-03 -1.20985438e-03 2.68345561e-03
6200 6.20000000e+02 2.40629283e-03 -1.26568309e-03 2.71885985e-03
6300 6.30000000e+02 2.48804502e-03 -1.17178599e-03 2.75017280e-03
6400 6.40000000e+02 2.50862539e-03 -1.29119575e-03 2.82141592e-03
6500 6.50000000e+02 2.38667987e-03 -1.15537958e-03 2.65163021e-03
6600 6.60000000e+02 2.36548739e-03 -1.10132573e-03 2.60930048e-03
6700 6.70000000e+02 2.28432682e-03 -1.14544597e-03 2.55542472e-03
6800 6.80000000e+02 2.22742651e-03 -1.15350611e-03 2.50838697e-03
6900 6.90000000e+02 2.15193140e-03 -1.00581080e-03 2.37538715e-03
7000 7.00000000e+02 2.07735738e-03 -1.04599202e-03 2.32583597e-03
7100 7.10000000e+02 2.13800604e-03 -1.20019878e-03 2.45184561e-03
7200 7.20000000e+02 2.09817360e-03 -1.35815609e-03 2.49938401e-03
7300 7.30000000e+02 2.18038820e-03 -1.22175529e-03 2.49935565e-03
7400 7.40000000e+02 1.95775623e-03 -1.40851049e-03 2.41178591e-03
7500 7.50000000e+02 2.08674115e-03 -1.36026484e-03 2.49094542e-03
7600 7.60000000e+02 2.10421672e-03 -1.34239369e-03 2.49594648e-03
7700 7.70000000e+02 2.18293304e-03 -1.36438699e-03 2.57424717e-03
7800 7.80000000e+02 2.15394655e-03 -1.21517701e-03 2.47308328e-03
7900 7.90000000e+02 2.09976058e-03 -1.13009475e-03 2.38455627e-03
8000 8.00000000e+02 2.02861778e-03 -9.74066206e-04 2.25035443e-03
8100 8.10000000e+02 2.05443753e-03 -1.06482115e-03 2.31399171e-03
8200 8.20000000e+02 1.96580915e-03 -8.97157472e-04 2.16085565e-03
8300 8.30000000e+02 2.04721792e-03 -8.23271694e-04 2.20655330e-03
8400 8.40000000e+02 2.03423644e-03 -6.90043555e-04 2.14808706e-03
8500 8.50000000e+02 1.94129918e-03 -5.66568342e-04 2.02228638e-03
8600 8.60000000e+02 1.99989532e-03 -7.62227806e-04 2.14022721e-03
8700 8.70000000e+02 2.17970391e-03 -8.00824375e-04 2.32216037e-03
8800 8.80000000e+02 2.15923507e-03 -9.75050498e-04 2.36918120e-03
8900 8.90000000e+02 2.15580780e-03 -8.45862669e-04 2.31581323e-03
9000 9.00000000e+02 2.19919207e-03 -9.58946766e-04 2.39917166e-03
9100 9.10000000e+02 2.20004469e-03 -9.45392356e-04 2.39456955e-03
9200 9.20000000e+02 2.19025696e-03 -9.29248577e-04 2.37922854e-03
9300 9.30000000e+02 2.06794124e-03 -8.33499944e-04 2.22959708e-03
9400 9.40000000e+02 2.09156983e-03 -8.60965694e-04 2.26184134e-03
9500 9.50000000e+02 2.06961669e-03 -7.37825641e-04 2.19720275e-03
9600 9.60000000e+02 1.96073949e-03 -6.85793580e-04 2.07721260e-03
9700 9.70000000e+02 2.00152211e-03 -8.89624236e-04 2.19032464e-03
9800 9.80000000e+02 2.09245458e-03 -8.51502002e-04 2.25907544e-03
9900 9.90000000e+02 2.12348322e-03 -7.61402305e-04 2.25586225e-03
10000 1.00000000e+03 2.16758205e-03 -8.13211198e-04 2.31510785e-03
10100 1.01000000e+03 2.26890761e-03 -7.77392532e-04 2.39839132e-03
10200 1.02000000e+03 2.56630383e-03 -1.00202463e-03 2.75498978e-03
10300 1.03000000e+03 2.65308749e-03 -1.09106395e-03 2.86867457e-03
10400 1.04000000e+03 2.50836718e-03 -1.09989126e-03 2.73891707e-03
10500 1.05000000e+03 2.58118100e-03 -1.14644016e-03 2.82432654e-03
10600 1.06000000e+03 2.68754247e-03 -1.07904873e-03 2.89607159e-03
10700 1.07000000e+03 2.61080870e-03 -9.96916206e-04 2.79466707e-03
10800 1.08000000e+03 2.52577360e-03 -9.15279146e-04 2.68649738e-03
10900 1.09000000e+03 2.39937357e-03 -7.79516413e-04 2.52282369e-03
11000 1.10000000e+03 2.28122994e-03 -6.53924420e-04 2.37310497e-03
11100 1.11000000e+03 2.23577162e-03 -5.10251208e-04 2.29325774e-03
11200 1.12000000e+03 2.29418487e-03 -5.73167112e-04 2.36469972e-03
11300 1.13000000e+03 2.21696799e-03 -6.00480766e-04 2.29685093e-03
11400 1.14000000e+03 2.35363143e-03 -5.92721626e-04 2.42711759e-03
11500 1.15000000e+03 2.32893764e-03 -7.20361364e-04 2.43780045e-03
11600 1.16000000e+03 2.41995533e-03 -5.56065701e-04 2.48302091e-03
11700 1.17000000e+03 2.39501451e-03 -6.93816284e-04 2.49348662e-03
11800 1.18000000e+03 2.39722664e-03 -7.57655187e-04 2.51410758e-03
11900 1.19000000e+03 2.42006639e-03 -5.94598707e-04 2.49204112e-03
12000 1.20000000e+03 2.76614446e-03 -1.16373890e-03 3.00097374e-03
12100 1.21000000e+03 2.69088522e-03 -1.16930576e-03 2.93396305e-03
12200 1.22000000e+03 2.67316308e-03 -1.11275120e-03 2.89551655e-03
12300 1.23000000e+03 2.57737678e-03 -1.15742313e-03 2.82533173e-03
12400 1.24000000e+03 2.61758873e-03 -9.62778809e-04 2.78903457e-03
12500 1.25000000e+03 2.58089649e-03 -9.51551832e-04 2.75072310e-03
12600 1.26000000e+03 2.43708258e-03 -8.41692789e-04 2.57833634e-03
12700 1.27000000e+03 2.28129467e-03 -8.03704257e-04 2.41872816e-03
12800 1.28000000e+03 2.37902929e-03 -8.31112964e-04 2.52002562e-03
12900 1.29000000e+03 2.32253410e-03 -6.65742264e-04 2.41606651e-03
13000 1.30000000e+03 2.42468459e-03 -7.63939519e-04 2.54218389e-03
13100 1.31000000e+03 2.33547506e-03 -6.36594777e-04 2.42068103e-03
13200 1.32000000e+03 2.49704695e-03 -8.03506933e-04 2.62314065e-03
13300 1.33000000e+03 2.47947406e-03 -8.33191501e-04 2.61572164e-03
13400 1.34000000e+03 2.44434085e-03 -7.93069950e-04 2.56977861e-03
13500 1.35000000e+03 2.40672170e-03 -7.36265210e-04 2.51682256e-03
13600 1.36000000e+03 2.30654748e-03 -7.14815571e-04 2.41477175e-03
13700 1.37000000e+03 2.24103779e-03 -5.85433445e-04 2.31624322e-03
13800 1.38000000e+03 2.19903234e-03 -4.22924815e-04 2.23933219e-03
13900 1.39000000e+03 2.13610823e-03 -5.67063922e-04 2.21009499e-03
14000 1.40000000e+03 2.06005992e-03 -6.60031103e-04 2.16321241e-03
14100 1.41000000e+03 2.04291590e-03 -7.17204763e-04 2.16515313e-03
14200 1.42000000e+03 2.01354129e-03 -6.33487478e-04 2.11084223e-03
14300 1.43000000e+03 1.98111916e-03 -6.70702138e-04 2.09157225e-03
14400 1.44000000e+03 1.91256113e-03 -6.14555145e-04 2.00887234e-03
14500 1.45000000e+03 1.79650146e-03 -5.72118792e-04 1.88540112e-03
14600 1.46000000e+03 1.90675783e-03 -5.04507567e-04 1.97237250e-03
14700 1.47000000e+03 1.81665842e-03 -4.98770038e-04 1.88388412e-03
14800 1.48000000e+03 1.89824076e-03 -5.36647392e-04 1.97263996e-03
14900 1.49000000e+03 1.87357049e-03 -5.35043248e-04 1.94847060e-03
15000 1.50000000e+03 1.76541787e-03 -4.16865398e-04 1.81396720e-03
15100 1.51000000e+03 1.80182373e-03 -3.92053189e-04 1.84398331e-03
15200 1.52000000e+03 1.77219033e-03 -3.35607008e-04 1.80368806e-03
15300 1.53000000e+03 1.71309395e-03 -2.88125593e-04 1.73715493e-03
15400 1.54000000e+03 1.62578863e-03 -2.73267739e-04 1.64859453e-03
15500 1.55000000e+03 1.61250331e-03 -3.08543444e-04 1.64175698e-03
15600 1.56000000e+03 1.70602335e-03 -4.05534956e-04 1.75356046e-03
15700 1.57000000e+03 1.80319510e-03 -6.72146329e-04 1.92439426e-03
15800 1.58000000e+03 1.72363524e-03 -5.45432500e-04 1.80787584e-03
15900 1.59000000e+03 1.72381999e-03 -5.04102558e-04 1.79601636e-03
16000 1.60000000e+03 1.70849694e-03 -5.55724779e-04 1.79660564e-03
16100 1.61000000e+03 1.96228246e-03 -8.27081618e-04 2.12946389e-03
16200 1.62000000e+03 1.92140567e-03 -6.98625110e-04 2.04447470e-03
16300 1.63000000e+03 1.91825861e-03 -6.74451003e-04 2.03337165e-03
16400 1.64000000e+03 1.88988878e-03 -7.93124374e-04 2.04956724e-03
16500 1.65000000e+03 2.02486687e-03 -1.02226390e-03 2.26828334e-03
16600 1.66000000e+03 2.04499462e-03 -1.04617921e-03 2.29706202e-03
16700 1.67000000e+03 1.97755406e-03 -9.63739818e-04 2.19988965e-03
16800 1.68000000e+03 2.18841503e-03 -1.25404471e-03 2.52225861e-03
16900 1.69000000e+03 2.14919122e-03 -1.09212089e-03 2.41075734e-03
17000 1.70000000e+03 2.05450784e-03 -1.02718407e-03 2.29697836e-03
17100 1.71000000e+03 2.18225247e-03 -1.12144975e-03 2.45354344e-03
17200 1.72000000e+03 2.05726223e-03 -1.03184558e-03 2.30152844e-03
17300 1.73000000e+03 2.15536426e-03 -1.01642101e-03 2.38300373e-03
17400 1.74000000e+03 2.21890863e-03 -1.03982375e-03 2.45046709e-03
17500 1.75000000e+03 2.12801946e-03 -8.70155112e-04 2.29905127e-03
17600 1.76000000e+03 2.02572392e-03 -8.48901051e-04 2.19640397e-03
17700 1.77000000e+03 1.99716934e-03 -7.60664640e-04 2.13712332e-03
17800 1.78000000e+03 2.16007652e-03 -8.42525798e-04 2.31857290e-03
17900 1.79000000e+03 2.08164123e-03 -6.95669791e-04 2.19480903e-03
18000 1.80000000e+03 2.08167895e-03 -6.10177987e-04 2.16926357e-03
18100 1.81000000e+03 2.15326948e-03 -6.05063804e-04 2.23666530e-03
18200 1.82000000e+03 2.26449082e-03 -8.48400872e-04 2.41820237e-03
18300 1.83000000e+03 2.38444540e-03 -1.22290023e-03 2.67975089e-03
18400 1.84000000e+03 2.42546806e-03 -1.24563277e-03 2.72662728e-03
18500 1.85000000e+03 2.60198745e-03 -1.21166348e-03 2.87027299e-03
18600 1.86000000e+03 2.55201384e-03 -1.09050004e-03 2.77524143e-03
18700 1.87000000e+03 2.55850260e-03 -1.05195621e-03 2.76632381e-03
18800 1.88000000e+03 2.53197039e-03 -1.05841947e-03 2.74428967e-03
18900 1.89000000e+03 2.47178692e-03 -1.05747685e-03 2.68849175e-03
19000 1.90000000e+03 2.37261201e-03 -8.89870629e-04 2.53400030e-03
19100 1.91000000e+03 2.26444541e-03 -1.06142857e-03 2.50086858e-03
19200 1.92000000e+03 2.20580492e-03 -9.54789924e-04 2.40358049e-03
19300 1.93000000e+03 2.12146784e-03 -8.05273419e-04 2.26916088e-03
19400 1.94000000e+03 2.23560585e-03 -8.58101295e-04 2.39463386e-03
19500 1.95000000e+03 2.35994742e-03 -1.23808335e-03 2.66499573e-03
19600 1.96000000e+03 2.22954387e-03 -1.19266042e-03 2.52849851e-03
19700 1.97000000e+03 2.21750792e-03 -1.20304478e-03 2.52282741e-03
19800 1.98000000e+03 2.18032603e-03 -1.14659651e-03 2.46343361e-03
19900 1.99000000e+03 2.16584303e-03 -1.18501461e-03 2.46883286e-03
20000 2.00000000e+03 2.11591017e-03 -1.14101416e-03 2.40395282e-03
20100 2.01000000e+03 2.06224481e-03 -1.01541867e-03 2.29867978e-03
20200 2.02000000e+03 2.01728032e-03 -1.13218860e-03 2.31328142e-03
20300 2.03000000e+03 1.99920870e-03 -1.13112223e-03 2.29701392e-03
20400 2.04000000e+03 2.05345498e-03 -1.07599143e-03 2.31828275e-03
20500 2.05000000e+03 2.04505422e-03 -1.01085322e-03 2.28124330e-03
20600 2.06000000e+03 2.21298030e-03 -1.23313081e-03 2.53335615e-03
20700 2.07000000e+03 2.17101816e-03 -1.15214265e-03 2.45779424e-03
20800 2.08000000e+03 2.23561423e-03 -1.21058431e-03 2.54233856e-03
20900 2.09000000e+03 2.56984169e-03 -1.41702069e-03 2.93462671e-03
21000 2.10000000e+03 2.45580566e-03 -1.24387396e-03 2.75285377e-03
21100 2.11000000e+03 2.44020298e-03 -1.14738033e-03 2.69649258e-03
21200 2.12000000e+03 2.37769121e-03 -1.16280233e-03 2.64679519e-03
21300 2.13000000e+03 2.32333317e-03 -1.18366221e-03 2.60747642e-03
21400 2.14000000e+03 2.47995951e-03 -1.22031523e-03 2.76394074e-03
21500 2.15000000e+03 2.43363529e-03 -1.12054322e-03 2.67921590e-03
21600 2.16000000e+03 2.42293999e-03 -1.20545330e-03 2.70624386e-03
21700 2.17000000e+03 2.43776292e-03 -1.18860556e-03 2.71209720e-03
21800 2.18000000e+03 2.41223304e-03 -1.05473958e-03 2.63274454e-03
21900 2.19000000e+03 2.30419077e-03 -9.65121202e-04 2.49815012e-03
22000 2.20000000e+03 2.24985695e-03 -1.05984556e-03 2.48699193e-03
22100 2.21000000e+03 2.20180443e-03 -1.20886904e-03 2.51183341e-03
22200 2.22000000e+03 2.23729783e-03 -1.05656870e-03 2.47423503e-03
22300 2.23000000e+03 2.15040753e-03 -9.96439601e-04 2.37005156e-03
22400 2.24000000e+03 2.09133863e-03 -1.07102015e-03 2.34963431e-03
22500 2.25000000e+03 2.03494425e-03 -9.99806449e-04 2.26729156e-03
22600 2.26000000e+03 2.05693371e-03 -1.02089241e-03 2.29634439e-03
22700 2.27000000e+03 2.06510886e-03 -9.47434164e-04 2.27207088e-03
22800 2.28000000e+03 2.21121591e-03 -9.29907896e-04 2.39879230e-03
22900 2.29000000e+03 2.25414801e-03 -1.12875411e-03 2.52096591e-03
23000 2.30000000e+03 2.13994039e-03 -1.04906107e-03 2.38324863e-03
23100 2.31000000e+03 2.30324292e-03 -9.31980903e-04 2.48465618e-03
23200 2.32000000e+03 2.23424961e-03 -9.40059836e-04 2.42396036e-03
23300 2.33000000e+03 2.27198889e-03 -8.72760604e-04 2.43385386e-03
23400 2.34000000e+03 2.16895225e-03 -7.24484911e-04 2.28675147e-03
23500 2.35000000e+03 2.22764071e-03 -7.85867451e-04 2.36219618e-03
23600 2.36000000e+03 2.38615787e-03 -8.36251245e-04 2.52845121e-03
23700 2.37000000e+03 2.45130854e-03 -1.04994280e-03 2.66670085e-03
23800 2.38000000e+03 2.45354860e-03 -1.00009993e-03 2.64954725e-03
23900 2.39000000e+03 2.49120453e-03 -1.35076139e-03 2.83384127e-03
24000 2.40000000e+03 2.39072717e-03 -1.12162181e-03 2.64075972e-03
24100 2.41000000e+03 2.40202504e-03 -1.09875458e-03 2.64139848e-03
24200 2.42000000e+03 2.29150709e-03 -1.28555647e-03 2.62748172e-03
24300 2.43000000e+03 2.27831281e-03 -1.35383522e-03 2.65020359e-03
24400 2.44000000e+03 2.41971784e-03 -1.57979934e-03 2.88977515e-03
24500 2.45000000e+03 2.35453085e-03 -1.41155906e-03 2.74523487e-03
24600 2.46000000e+03 2.28806096e-03 -1.57849328e-03 2.77972372e-03
24700 2.47000000e+03 2.28750589e-03 -1.35352300e-03 2.65795179e-03
24800 2.48000000e+03 2.35461071e-03 -1.33313960e-03 2.70581832e-03
24900 2.49000000e+03 2.27941177e-03 -1.18417677e-03 2.56865580e-03
25000 2.50000000e+03 2.28880532e-03 -1.24132633e-03 2.60375131e-03
25100 2.51000000e+03 2.26342003e-03 -1.18495221e-03 2.55483502e-03
25200 2.52000000e+03 2.36972817e-03 -1.23244582e-03 2.67105491e-03
25300 2.53000000e+03 2.35377159e-03 -1.15061936e-03 2.61995527e-03
25400 2.54000000e+03 2.33393535e-03 -1.21756131e-03 2.63243419e-03
25500 2.55000000e+03 2.29987595e-03 -1.11501385e-03 2.55591183e-03
25600 2.56000000e+03 2.35601212e-03 -1.05673412e-03 2.58214642e-03
25700 2.57000000e+03 2.36537540e-03 -9.89604974e-04 2.56404345e-03
25800 2.58000000e+03 2.38676718e-03 -1.05362327e-03 2.60898057e-03
25900 2.59000000e+03 2.47810292e-03 -9.84631362e-04 2.66655077e-03
26000 2.60000000e+03 2.44993600e-03 -1.10556907e-03 2.68783730e-03
26100 2.61000000e+03 2.41402257e-03 -1.17440638e-03 2.68453633e-03
26200 2.62000000e+03 2.47350591e-03 -1.24132924e-03 2.76751329e-03
26300 2.63000000e+03 2.46327161e-03 -1.26250926e-03 2.76796616e-03
26400 2.64000000e+03 2.45312438e-03 -1.15956669e-03 2.71337689e-03
26500 2.65000000e+03 2.40888959e-03 -1.08713645e-03 2.64284216e-03
26600 2.66000000e+03 2.40336871e-03 -1.01327081e-03 2.60823674e-03
26700 2.67000000e+03 2.18462013e-03 -1.03045080e-03 2.41544902e-03
26800 2.68000000e+03 2.11544475e-03 -1.15825830e-03 2.41177709e-03
26900 2.69000000e+03 2.07890174e-03 -1.22207752e-03 2.41149454e-03
27000 2.70000000e+03 2.00563064e-03 -1.06963865e-03 2.27303346e-03
27100 2.71000000e+03 1.97210186e-03 -9.39086196e-04 2.18427760e-03
27200 2.72000000e+03 2.16207304e-03 -1.08308648e-03 2.41818861e-03
27300 2.73000000e+03 2.07241089e-03 -9.38394398e-04 2.27496614e-03
27400 2.74000000e+03 1.95101334e-03 -8.22477508e-04 2.11729127e-03
27500 2.75000000e+03 1.86345854e-03 -8.23496026e-04 2.03730789e-03
27600 2.76000000e+03 1.81969884e-03 -8.86443770e-04 2.02412609e-03
27700 2.77000000e+03 1.84196420e-03 -9.02853732e-04 2.05133541e-03
27800 2.78000000e+03 1.77658978e-03 -7.86970544e-04 1.94308875e-03
27900 2.79000000e+03 1.68095669e-03 -7.51503045e-04 1.84129634e-03
28000 2.80000000e+03 1.73268456e-03 -8.67111259e-04 1.93754425e-03
28100 2.81000000e+03 1.83315331e-03 -1.09961536e-03 2.13766344e-03
28200 2.82000000e+03 1.73431239e-03 -1.01859111e-03 2.01130985e-03
28300 2.83000000e+03 1.66547310e-03 -8.75567785e-04 1.88160027e-03
28400 2.84000000e+03 1.58137979e-03 -8.20140878e-04 1.78140201e-03
28500 2.85000000e+03 1.62802706e-03 -9.74614755e-04 1.89745778e-03
28600 2.86000000e+03 1.66124199e-03 -9.15538811e-04 1.89682267e-03
28700 2.87000000e+03 1.79994502e-03 -1.06407958e-03 2.09094893e-03
28800 2.88000000e+03 1.80721085e-03 -1.12520647e-03 2.12887310e-03
28900 2.89000000e+03 1.83030195e-03 -1.18977961e-03 2.18302101e-03
29000 2.90000000e+03 1.81808649e-03 -1.30077510e-03 2.23549867e-03
29100 2.91000000e+03 1.75044045e-03 -1.25765684e-03 2.15539846e-03
29200 2.92000000e+03 1.72116410e-03 -1.16690877e-03 2.07944269e-03
29300 2.93000000e+03 1.73984515e-03 -1.21064135e-03 2.11960223e-03
29400 2.94000000e+03 1.78624270e-03 -1.19534717e-03 2.14930637e-03
29500 2.95000000e+03 1.82939612e-03 -1.15972117e-03 2.16602016e-03
29600 2.96000000e+03 1.85490306e-03 -1.10428932e-03 2.15873117e-03
29700 2.97000000e+03 1.81597378e-03 -1.01314671e-03 2.07947759e-03
29800 2.98000000e+03 1.74952531e-03 -8.59367021e-04 1.94919227e-03
29900 2.99000000e+03 1.75183918e-03 -8.38188629e-04 1.94203520e-03
30000 3.00000000e+03 1.75390649e-03 -8.91539734e-04 1.96749360e-03
30100 3.01000000e+03 1.85748399e-03 -8.69048585e-04 2.05072968e-03
30200 3.02000000e+03 1.85775000e-03 -9.28328722e-04 2.07678340e-03
30300 3.03000000e+03 1.83250755e-03 -8.37167318e-04 2.01467939e-03
30400 3.04000000e+03 1.77209242e-03 -8.77891958e-04 1.97762632e-03
30500 3.05000000e+03 1.73045637e-03 -7.88662350e-04 1.90170122e-03
30600 3.06000000e+03 1.75599800e-03 -8.89350486e-04 1.96836818e-03
30700 3.07000000e+03 1.72571139e-03 -8.19918816e-04 1.91058805e-03
30800 3.08000000e+03 1.91886851e-03 -9.23926767e-04 2.12971759e-03
30900 3.09000000e+03 1.92180439e-03 -9.58067831e-04 2.14737656e-03
31000 3.10000000e+03 1.90823583e-03 -8.64837959e-04 2.09506771e-03
31100 3.11000000e+03 1.80663448e-03 -8.01099814e-04 1.97628162e-03
31200 3.12000000e+03 1.78005337e-03 -7.53405737e-04 1.93292788e-03
31300 3.13000000e+03 1.75291300e-03 -7.47368787e-04 1.90558760e-03
31400 3.14000000e+03 1.71744917e-03 -7.01385899e-04 1.85514792e-03
31500 3.15000000e+03 1.72304490e-03 -8.27280630e-04 1.91135475e-03
31600 3.16000000e+03 1.68566266e-03 -7.88002450e-04 1.86075427e-03
31700 3.17000000e+03 1.66652002e-03 -9.68755397e-04 1.92763482e-03
31800 3.18000000e+03 1.62418839e-03 -8.53560457e-04 1.83481698e-03
31900 3.19000000e+03 1.67153706e-03 -8.98539496e-04 1.89773796e-03
32000 3.20000000e+03 1.71700993e-03 -9.07465292e-04 1.94206497e-03
32100 3.21000000e+03 1.71192188e-03 -8.12602811e-04 1.89499337e-03
32200 3.22000000e+03 1.66942005e-03 -7.47969258e-04 1.82932263e-03
32300 3.23000000e+03 1.58994074e-03 -6.23426458e-04 1.70779745e-03
32400 3.24000000e+03 1.71948900e-03 -8.62819084e-04 1.92382410e-03
32500 3.25000000e+03 1.59997540e-03 -7.96352397e-04 1.78720408e-03
32600 3.26000000e+03 1.53984036e-03 -6.57942903e-04 1.67451402e-03
32700 3.27000000e+03 1.52931106e-03 -6.11477299e-04 1.64702666e-03
32800 3.28000000e+03 1.54097530e-03 -5.44415438e-04 1.63431730e-03
32900 3.29000000e+03 1.59863080e-03 -7.90628954e-04 1.78345580e-03
33000 3.30000000e+03 1.60240103e-03 -9.11186449e-04 1.84335287e-03
33100 3.31000000e+03 1.75709464e-03 -1.17503107e-03 2.11378324e-03
33200 3.32000000e+03 1.89393596e-03 -1.13870134e-03 2.20989460e-03
33300 3.33000000e+03 2.04072311e-03 -1.21483626e-03 2.37494798e-03
33400 3.34000000e+03 2.16773758e-03 -1.25419779e-03 2.50441576e-03
33500 3.35000000e+03 2.19211588e-03 -1.37125805e-03 2.58567606e-03
33600 3.36000000e+03 2.24571605e-03 -1.28490198e-03 2.58731786e-03
33700 3.37000000e+03 2.34532543e-03 -1.28267019e-03 2.67316183e-03
33800 3.38000000e+03 2.28599622e-03 -1.31997815e-03 2.63971988e-03
33900 3.39000000e+03 2.28071702e-03 -1.19372027e-03 2.57422574e-03
34000 3.40000000e+03 2.39757262e-03 -1.16303936e-03 2.66477298e-03
34100 3.41000000e+03 2.37980951e-03 -1.17351895e-03 2.65342044e-03
34200 3.42000000e+03 2.29777582e-03 -1.08676893e-03 2.54181833e-03
34300 3.43000000e+03 2.29195924e-03 -9.10859904e-04 2.46632174e-03
34400 3.44000000e+03 2.18502223e-03 -8.63430789e-04 2.34943288e-03
34500 3.45000000e+03 2.13093590e-03 -8.20662593e-04 2.28350058e-03
34600 3.46000000e+03 2.05315463e-03 -6.97782496e-04 2.16848896e-03
34700 3.47000000e+03 2.11248454e-03 -6.88994478e-04 2.22200457e-03
34800 3.48000000e+03 2.10276712e-03 -7.21621793e-04 2.22314362e-03
34900 3.49000000e+03 2.24614399e-03 -5.59070148e-04 2.31467541e-03
35000 3.50000000e+03 2.26261839e-03 -6.21919637e-04 2.34653490e-03
35100 3.51000000e+03 2.26264005e-03 -6.37720863e-04 2.35079303e-03
35200 3.52000000e+03 2.26116949e-03 -7.88428588e-04 2.39468309e-03
35300 3.53000000e+03 2.22964026e-03 -7.73598673e-04 2.36003191e-03
35400 3.54000000e+03 2.30600475e-03 -9.06600733e-04 2.47781816e-03
35500 3.55000000e+03 2.35329592e-03 -1.03930093e-03 2.57257616e-03
35600 3.56000000e+03 2.42276327e-03 -1.04980776e-03 2.64043144e-03
35700 3.57000000e+03 2.42489134e-03 -1.02082151e-03 2.63100258e-03
35800 3.58000000e+03 2.53327307e-03 -1.08000264e-03 2.75388419e-03
35900 3.59000000e+03 2.52539967e-03 -9.31603368e-04 2.69175191e-03
36000 3.60000000e+03 2.38603167e-03 -9.55762458e-04 2.57033636e-03
36100 3.61000000e+03 2.33355444e-03 -8.45845847e-04 2.48212238e-03
36200 3.62000000e+03 2.34058569e-03 -9.35319113e-04 2.52054820e-03
36300 3.63000000e+03 2.26628617e-03 -8.92394281e-04 2.43565609e-03
36400 3.64000000e+03 2.24274164e-03 -7.32737943e-04 2.35940564e-03
36500 3.65000000e+03 2.15749256e-03 -7.46992067e-04 2.28314943e-03
36600 3.66000000e+03 2.07287609e-03 -6.59712765e-04 2.17532439e-03
36700 3.67000000e+03 1.96210085e-03 -5.24501549e-04 2.03099523e-03
36800 3.68000000e+03 1.95031043e-03 -7.16600684e-04 2.07779385e-03
36900 3.69000000e+03 2.05251551e-03 -8.63072753e-04 2.22659258e-03
37000 3.70000000e+03 2.07662070e-03 -8.15616164e-04 2.23104981e-03
37100 3.71000000e+03 2.02449458e-03 -7.58874521e-04 2.16205200e-03
37200 3.72000000e+03 1.94564555e-03 -7.23332574e-04 2.07575206e-03
37300 3.73000000e+03 2.09820294e-03 -8.85757385e-04 2.27750340e-03
37400 3.74000000e+03 2.07413593e-03 -8.86204594e-04 2.25552620e-03
37500 3.75000000e+03 2.22948217e-03 -8.07036646e-04 2.37105438e-03
37600 3.76000000e+03 2.12314446e-03 -6.83157472e-04 2.23034672e-03
37700 3.77000000e+03 2.14634906e-03 -6.92827161e-04 2.25539880e-03
37800 3.78000000e+03 2.16784212e-03 -6.98469812e-04 2.27758634e-03
37900 3.79000000e+03 2.32671713e-03 -7.89306592e-04 2.45695289e-03
38000 3.80000000e+03 2.29112245e-03 -7.90148391e-04 2.42354628e-03
38100 3.81000000e+03 2.39577331e-03 -8.44128896e-04 2.54013451e-03
38200 3.82000000e+03 2.54562753e-03 -1.00683584e-03 2.73750579e-03
38300 3.83000000e+03 2.39224685e-03 -8.81782325e-04 2.54958528e-03
38400 3.84000000e+03 2.35865498e-03 -8.39880959e-04 2.50372789e-03
38500 3.85000000e+03 2.26684962e-03 -7.55433692e-04 2.38941149e-03
38600 3.86000000e+03 2.21582409e-03 -6.51223585e-04 2.30953860e-03
38700 3.87000000e+03 2.15413258e-03 -6.55817799e-04 2.25175136e-03
38800 3.88000000e+03 2.22589588e-03 -8.77395156e-04 2.39257909e-03
38900 3.89000000e+03 2.22531916e-03 -8.52595607e-04 2.38305783e-03
39000 3.90000000e+03 2.20464822e-03 -9.27516492e-04 2.39181116e-03
39100 3.91000000e+03 2.05004029e-03 -9.35252931e-04 2.25330052e-03
39200 3.92000000e+03 2.11947621e-03 -1.01798994e-03 2.35127262e-03
39300 3.93000000e+03 2.09952472e-03 -1.14866986e-03 2.39320841e-03
39400 3.94000000e+03 2.19024462e-03 -1.14308461e-03 2.47058979e-03
39500 3.95000000e+03 2.10147863e-03 -1.09399005e-03 2.36918270e-03
39600 3.96000000e+03 1.96173554e-03 -9.56049480e-04 2.18230084e-03
39700 3.97000000e+03 1.90319959e-03 -7.94377585e-04 2.06232985e-03
39800 3.98000000e+03 1.99152459e-03 -8.12837039e-04 2.15101703e-03
39900 3.99000000e+03 1.97519758e-03 -7.33100635e-04 2.10685595e-03
40000 4.00000000e+03 1.89729838e-03 -6.06364803e-04 1.99183820e-03
40100 4.01000000e+03 1.94963801e-03 -7.13521382e-04 2.07610239e-03
40200 4.02000000e+03 1.91061001e-03 -6.64364023e-04 2.02282232e-03
40300 4.03000000e+03 2.01849500e-03 -7.62257492e-04 2.15762799e-03
40400 4.04000000e+03 2.08597840e-03 -6.85994746e-04 2.19588130e-03
40500 4.05000000e+03 2.23884685e-03 -8.43446178e-04 2.39245411e-03
40600 4.06000000e+03 2.38302234e-03 -9.38252721e-04 2.56107665e-03
40700 4.07000000e+03 2.30572978e-03 -8.27792333e-04 2.44982244e-03
40800 4.08000000e+03 2.32872553e-03 -8.49967008e-04 2.47899304e-03
40900 4.09000000e+03 2.27495725e-03 -9.43078136e-04 2.46268692e-03
41000 4.10000000e+03 2.18032720e-03 -8.36764870e-04 2.33538051e-03
41100 4.11000000e+03 2.22279178e-03 -9.61727463e-04 2.42192548e-03
41200 4.12000000e+03 2.21630931e-03 -9.19620506e-04 2.39952679e-03
41300 4.13000000e+03 2.14347290e-03 -1.19465718e-03 2.45391154e-03
41400 4.14000000e+03 2.25507026e-03 -1.23685924e-03 2.57199585e-03
41500 4.15000000e+03 2.22878042e-03 -1.05497742e-03 2.46585472e-03
41600 4.16000000e+03 2.23312830e-03 -1.05314655e-03 2.46900378e-03
41700 4.17000000e+03 2.13734363e-03 -1.06412114e-03 2.38759117e-03
41800 4.18000000e+03 2.16534408e-03 -1.12735515e-03 2.44123834e-03
41900 4.19000000e+03 2.14318559e-03 -1.10445847e-03 2.41103151e-03
42000 4.20000000e+03 2.15986976e-03 -1.07556500e-03 2.41285670e-03
42100 4.21000000e+03 2.02996284e-03 -1.13367895e-03 2.32507571e-03
42200 4.22000000e+03 1.92249962e-03 -1.04383111e-03 2.18759873e-03
42300 4.23000000e+03 1.89639698e-03 -1.10684359e-03 2.19577417e-03
42400 4.24000000e+03 1.82569283e-03 -9.37162549e-04 2.05217639e-03
42500 4.25000000e+03 1.85009290e-03 -1.13583240e-03 2.17093505e-03
42600 4.26000000e+03 1.90789206e-03 -1.18529820e-03 2.24610417e-03
42700 4.27000000e+03 2.16268236e-03 -1.18147256e-03 2.46436044e-03
42800 4.28000000e+03 2.14295206e-03 -1.20552268e-03 2.45876564e-03
42900 4.29000000e+03 2.18596240e-03 -1.10409944e-03 2.44897268e-03
43000 4.30000000e+03 2.21745251e-03 -1.12374488e-03 2.48594010e-03
43100 4.31000000e+03 2.29516788e-03 -1.23901456e-03 2.60824705e-03
43200 4.32000000e+03 2.34302436e-03 -1.30364404e-03 2.68127785e-03
43300 4.33000000e+03 2.32916814e-03 -1.08415517e-03 2.56912761e-03
43400 4.34000000e+03 2.41922121e-03 -1.14856847e-03 2.67802928e-03
43500 4.35000000e+03 2.33235257e-03 -1.13878143e-03 2.59551375e-03
43600 4.36000000e+03 2.30207061e-03 -1.18379691e-03 2.58861048e-03
43700 4.37000000e+03 2.18326668e-03 -1.11394795e-03 2.45102702e-03
43800 4.38000000e+03 2.22311961e-03 -1.24883244e-03 2.54987122e-03
43900 4.39000000e+03 2.21492234e-03 -1.11721258e-03 2.48073475e-03
44000 4.40000000e+03 2.17968388e-03 -1.01556722e-03 2.40466185e-03
44100 4.41000000e+03 2.20621773e-03 -8.92243639e-04 2.37980995e-03
44200 4.42000000e+03 2.07562512e-03 -8.91199976e-04 2.25886189e-03
44300 4.43000000e+03 2.03854381e-03 -7.99099333e-04 2.18957087e-03
44400 4.44000000e+03 1.97828165e-03 -8.63107503e-04 2.15836810e-03
44500 4.45000000e+03 1.93494104e-03 -8.14727915e-04 2.09947098e-03
44600 4.46000000e+03 1.82447210e-03 -8.49297154e-04 2.01246220e-03
44700 4.47000000e+03 1.90945400e-03 -1.00172753e-03 2.15626358e-03
44800 4.48000000e+03 1.94841530e-03 -9.49206122e-04 2.16732887e-03
44900 4.49000000e+03 1.86128495e-03 -9.51197173e-04 2.09025303e-03
45000 4.50000000e+03 1.85960520e-03 -8.53631820e-04 2.04617173e-03
45100 4.51000000e+03 1.78019900e-03 -7.21469230e-04 1.92084001e-03
45200 4.52000000e+03 1.84974598e-03 -8.06634547e-04 2.01797411e-03
45300 4.53000000e+03 1.68860285e-03 -8.27586744e-04 1.88049977e-03
45400 4.54000000e+03 1.62457034e-03 -7.06108636e-04 1.77138878e-03
45500 4.55000000e+03 1.71919574e-03 -6.89305598e-04 1.85223546e-03
45600 4.56000000e+03 1.65502448e-03 -5.93139092e-04 1.75810125e-03
45700 4.57000000e+03 1.63650699e-03 -6.79319550e-04 1.77190016e-03
45800 4.58000000e+03 1.63428322e-03 -8.22791713e-04 1.82971797e-03
45900 4.59000000e+03 1.71559327e-03 -9.61722108e-04 1.96676630e-03
46000 4.60000000e+03 1.61770999e-03 -9.24834691e-04 1.86341214e-03
46100 4.61000000e+03 1.71114784e-03 -1.02832238e-03 1.99636516e-03
46200 4.62000000e+03 1.78906391e-03 -1.02650758e-03 2.06263606e-03
46300 4.63000000e+03 1.89013174e-03 -1.00556901e-03 2.14097338e-03
46400 4.64000000e+03 1.82504021e-03 -9.69065644e-04 2.06636395e-03
46500 4.65000000e+03 1.87494396e-03 -1.19162060e-03 2.22157028e-03
46600 4.66000000e+03 1.88487966e-03 -1.23652886e-03 2.25427925e-03
46700 4.67000000e+03 1.78384897e-03 -1.23108970e-03 2.16741759e-03
46800 4.68000000e+03 1.82216638e-03 -1.09797425e-03 2.12740165e-03
46900 4.69000000e+03 1.83855649e-03 -1.01768819e-03 2.10142314e-03
47000 4.70000000e+03 1.82575465e-03 -1.14083476e-03 2.15287807e-03
47100 4.71000000e+03 1.76303985e-03 -9.66520282e-04 2.01058971e-03
47200 4.72000000e+03 1.82378828e-03 -9.64314968e-04 2.06303345e-03
47300 4.73000000e+03 1.67009106e-03 -9.48045461e-04 1.92041515e-03
47400 4.74000000e+03 1.64342276e-03 -9.81664169e-04 1.91428914e-03
47500 4.75000000e+03 1.59330794e-03 -8.57337203e-04 1.80932509e-03
47600 4.76000000e+03 1.58247247e-03 -8.20477144e-04 1.78252682e-03
47700 4.77000000e+03 1.56606443e-03 -8.57980456e-04 1.78568985e-03
47800 4.78000000e+03 1.51630549e-03 -7.27489416e-04 1.68179166e-03
47900 4.79000000e+03 1.43219333e-03 -7.82502932e-04 1.63201978e-03
48000 4.80000000e+03 1.47869717e-03 -7.46607373e-04 1.65649265e-03
48100 4.81000000e+03 1.50544406e-03 -6.16090023e-04 1.62663110e-03
48200 4.82000000e+03 1.47922011e-03 -6.67613000e-04 1.62289841e-03
48300 4.83000000e+03 1.57100218e-03 -5.24747011e-04 1.65632342e-03
48400 4.84000000e+03 1.55011658e-03 -5.47682866e-04 1.64402492e-03
48500 4.85000000e+03 1.66973169e-03 -5.31140948e-04 1.75217426e-03
48600 4.86000000e+03 1.63470942e-03 -5.58992208e-04 1.72764209e-03
48700 4.87000000e+03 1.61772745e-03 -5.85402944e-04 1.72038912e-03
48800 4.88000000e+03 1.57891703e-03 -5.53054851e-04 1.67297599e-03
48900 4.89000000e+03 1.65866048e-03 -5.60726330e-04 1.75087652e-03
49000 4.90000000e+03 1.60784821e-03 -5.57957101e-04 1.70190834e-03
49100 4.91000000e+03 1.58832141e-03 -5.54766913e-04 1.68241827e-03
49200 4.92000000e+03 1.61814457e-03 -5.08989266e-04 1.69630832e-03
49300 4.93000000e+03 1.63658429e-03 -5.38476801e-04 1.72289448e-03
49400 4.94000000e+03 1.57632760e-03 -5.26860764e-04 1.66204422e-03
49500 4.95000000e+03 1.63296261e-03 -5.77379076e-04 1.73203160e-03
49600 4.96000000e+03 1.57095899e-03 -4.81773575e-04 1.64317313e-03
49700 4.97000000e+03 1.74407114e-03 -6.49173977e-04 1.86097044e-03
49800 4.98000000e+03 1.73212390e-03 -5.97117294e-04 1.83215782e-03
49900 4.99000000e+03 1.93213834e-03 -6.56981720e-04 2.04078014e-03
50000 5.00000000e+03 1.99666247e-03 -7.05604500e-04 2.11767295e-03
50100 5.01000000e+03 1.93310052e-03 -5.59772947e-04 2.01251667e-03
50200 5.02000000e+03 1.95544981e-03 -7.54669658e-04 2.09602249e-03
50300 5.03000000e+03 1.90320448e-03 -7.69355160e-04 2.05282602e-03
50400 5.04000000e+03 1.98925310e-03 -1.00937579e-03 2.23068765e-03
50500 5.05000000e+03 1.90787006e-03 -8.72691453e-04 2.09798916e-03
50600 5.06000000e+03 1.83144258e-03 -9.30193230e-04 2.05412789e-03
50700 5.07000000e+03 2.01821607e-03 -1.02111395e-03 2.26182886e-03
50800 5.08000000e+03 1.95238844e-03 -1.01232447e-03 2.19923202e-03
50900 5.09000000e+03 2.04474106e-03 -9.90243978e-04 2.27190430e-03
51000 5.10000000e+03 2.05506734e-03 -9.60924197e-04 2.26862890e-03
51100 5.11000000e+03 2.10229494e-03 -1.02809863e-03 2.34022025e-03
51200 5.12000000e+03 2.15269928e-03 -1.10735570e-03 2.42081615e-03
51300 5.13000000e+03 2.04165862e-03 -1.01696863e-03 2.28091979e-03
51400 5.14000000e+03 2.06213887e-03 -1.11725391e-03 2.34535136e-03
51500 5.15000000e+03 2.01095361e-03 -1.04513438e-03 2.26632749e-03
51600 5.16000000e+03 2.13160994e-03 -1.15052355e-03 2.42228516e-03
51700 5.17000000e+03 2.25348165e-03 -1.44252880e-03 2.67564364e-03
51800 5.18000000e+03 2.12626299e-03 -1.60342548e-03 2.66307483e-03
51900 5.19000000e+03 2.28626374e-03 -1.57855521e-03 2.77827976e-03
52000 5.20000000e+03 2.28521880e-03 -1.49111869e-03 2.72867365e-03
52100 5.21000000e+03 2.20612856e-03 -1.29106373e-03 2.55613943e-03
52200 5.22000000e+03 2.09427904e-03 -1.20424700e-03 2.41582606e-03
52300 5.23000000e+03 2.08744220e-03 -1.04981335e-03 2.33656222e-03
52400 5.24000000e+03 2.08068639e-03 -9.74788563e-04 2.29770942e-03
52500 5.25000000e+03 1.98676228e-03 -9.97744617e-04 2.22322258e-03
52600 5.26000000e+03 1.91369315e-03 -9.23185318e-04 2.12473354e-03
52700 5.27000000e+03 1.83153793e-03 -7.77718495e-04 1.98981839e-03
52800 5.28000000e+03 1.81058212e-03 -6.88422762e-04 1.93704247e-03
52900 5.29000000e+03 1.72093022e-03 -5.59947453e-04 1.80973533e-03
53000 5.30000000e+03 1.68889016e-03 -5.24181174e-04 1.76836531e-03
53100 5.31000000e+03 1.62188523e-03 -6.66711247e-04 1.75357223e-03
53200 5.32000000e+03 1.71493914e-03 -5.85745554e-04 1.81221249e-03
53300 5.33000000e+03 1.68030115e-03 -5.44772716e-04 1.76640575e-03
53400 5.34000000e+03 1.71168323e-03 -5.58206521e-04 1.80040384e-03
53500 5.35000000e+03 1.74212712e-03 -8.35808227e-04 1.93224799e-03
53600 5.36000000e+03 1.76901498e-03 -7.54923909e-04 1.92336271e-03
53700 5.37000000e+03 1.85745466e-03 -8.07236996e-04 2.02528254e-03
53800 5.38000000e+03 1.93302485e-03 -9.42636922e-04 2.15061606e-03
53900 5.39000000e+03 1.98909850e-03 -8.80895066e-04 2.17542845e-03
54000 5.40000000e+03 2.00042012e-03 -9.31007788e-04 2.20645783e-03
54100 5.41000000e+03 1.99258514e-03 -8.46682000e-04 2.16500945e-03
54200 5.42000000e+03 1.98862609e-03 -6.89224340e-04 2.10467667e-03
54300 5.43000000e+03 1.95330102e-03 -7.65995006e-04 2.09812612e-03
54400 5.44000000e+03 2.00365996e-03 -6.78672863e-04 2.11547869e-03
54500 5.45000000e+03 1.98533759e-03 -6.61721278e-04 2.09271125e-03
54600 5.46000000e+03 2.16967426e-03 -8.48267809e-04 2.32960183e-03
54700 5.47000000e+03 2.10385304e-03 -7.94303138e-04 2.24880303e-03
54800 5.48000000e+03 1.96261355e-03 -6.13849668e-04 2.05637140e-03
54900 5.49000000e+03 1.88043399e-03 -5.52062818e-04 1.95979727e-03
55000 5.50000000e+03 1.92743097e-03 -6.76266791e-04 2.04262746e-03
55100 5.51000000e+03 2.07245885e-03 -7.77466106e-04 2.21349029e-03
55200 5.52000000e+03 2.05401937e-03 -7.21959921e-04 2.17720502e-03
55300 5.53000000e+03 2.03008624e-03 -7.77067675e-04 2.17372590e-03
55400 5.54000000e+03 2.15109368e-03 -8.78784573e-04 2.32367518e-03
55500 5.55000000e+03 2.18119053e-03 -8.08658893e-04 2.32626768e-03
55600 5.56000000e+03 2.34925677e-03 -1.01028546e-03 2.55728060e-03
55700 5.57000000e+03 2.24500382e-03 -9.49822424e-04 2.43766380e-03
55800 5.58000000e+03 2.21476937e-03 -8.64609494e-04 2.37755188e-03
55900 5.59000000e+03 2.19588913e-03 -7.90309627e-04 2.33377771e-03
56000 5.60000000e+03 2.31789518e-03 -9.91023378e-04 2.52086600e-03
56100 5.61000000e+03 2.21042847e-03 -9.47924098e-04 2.40511000e-03
56200 5.62000000e+03 2.09679059e-03 -8.95096688e-04 2.27985281e-03
56300 5.63000000e+03 2.09378754e-03 -8.19008448e-04 2.24827069e-03
56400 5.64000000e+03 2.21195444e-03 -7.54214067e-04 2.33700264e-03
56500 5.65000000e+03 2.26073223e-03 -9.66955209e-04 2.45884375e-03
56600 5.66000000e+03 2.28646863e-03 -9.83952777e-04 2.48919703e-03
56700 5.67000000e+03 2.29993858e-03 -9.92476009e-04 2.50494034e-03
56800 5.68000000e+03 2.30580708e-03 -8.30355799e-04 2.45076254e-03
56900 5.69000000e+03 2.38645985e-03 -1.20786077e-03 2.67471835e-03
57000 5.70000000e+03 2.54656933e-03 -1.28006237e-03 2.85018859e-03
57100 5.71000000e+03 2.56080437e-03 -1.29944400e-03 2.87163259e-03
57200 5.72000000e+03 2.58432049e-03 -1.30918575e-03 2.89701221e-03
57300 5.73000000e+03 2.54261331e-03 -1.30152190e-03 2.85636862e-03
57400 5.74000000e+03 2.61912798e-03 -1.19291432e-03 2.87799860e-03
57500 5.75000000e+03 2.48771906e-03 -1.19507511e-03 2.75988236e-03
57600 5.76000000e+03 2.40022200e-03 -1.04318687e-03 2.61711760e-03
57700 5.77000000e+03 2.29006936e-03 -8.53468198e-04 2.44393650e-03
57800 5.78000000e+03 2.29804730e-03 -9.01903433e-04 2.46869423e-03
57900 5.79000000e+03 2.37838505e-03 -8.95520963e-04 2.54139199e-03
58000 5.80000000e+03 2.37461575e-03 -9.71209083e-04 2.56555005e-03
58100 5.81000000e+03 2.46528140e-03 -1.02061837e-03 2.66819681e-03
58200 5.82000000e+03 2.42289202e-03 -1.21049874e-03 2.70845213e-03
58300 5.83000000e+03 2.39122449e-03 -1.06177514e-03 2.61635644e-03
58400 5.84000000e+03 2.28326535e-03 -8.97124643e-04 2.45318839e-03
58500 5.85000000e+03 2.43946910e-03 -1.02274050e-03 2.64518574e-03
58600 5.86000000e+03 2.44996790e-03 -1.11370569e-03 2.69122334e-03
58700 5.87000000e+03 2.45550950e-03 -1.03298761e-03 2.66394262e-03
58800 5.88000000e+03 2.41615344e-03 -8.38400447e-04 2.55748172e-03
58900 5.89000000e+03 2.30446481e-03 -9.08216636e-04 2.47697709e-03
59000 5.90000000e+03 2.37815641e-03 -8.78073857e-04 2.53508217e-03
59100 5.91000000e+03 2.40192376e-03 -8.45895964e-04 2.54652267e-03
59200 5.92000000e+03 2.33955681e-03 -7.74362939e-04 2.46437904e-03
59300 5.93000000e+03 2.29110615e-03 -7.59760675e-04 2.41379446e-03
59400 5.94000000e+03 2.26154272e-03 -6.32590032e-04 2.34834955e-03
59500 5.95000000e+03 2.31282949e-03 -6.39673439e-04 2.39965880e-03
59600 5.96000000e+03 2.18113721e-03 -5.98286220e-04 2.26170421e-03
59700 5.97000000e+03 2.15241523e-03 -6.77684904e-04 2.25657886e-03
59800 5.98000000e+03 2.05954723e-03 -7.17119605e-04 2.18082446e-03
59900 5.99000000e+03 2.25737062e-03 -9.00046085e-04 2.43018622e-03
60000 6.00000000e+03 2.11621728e-03 -8.93083285e-04 2.29694870e-03
60100 6.01000000e+03 2.01962376e-03 -7.41953845e-04 2.15159839e-03
60200 6.02000000e+03 1.96653558e-03 -6.96192146e-04 2.08613175e-03
60300 6.03000000e+03 1.88324321e-03 -5.81699132e-04 1.97103497e-03
60400 6.04000000e+03 1.90487935e-03 -6.27463567e-04 2.00556123e-03
60500 6.05000000e+03 1.98264909e-03 -5.70239732e-04 2.06302466e-03
60600 6.06000000e+03 1.95355341e-03 -6.34067168e-04 2.05387733e-03
60700 6.07000000e+03 1.94696872e-03 -7.80490285e-04 2.09758249e-03
60800 6.08000000e+03 1.93471089e-03 -9.55120951e-04 2.15762885e-03
60900 6.09000000e+03 1.97796663e-03 -8.65823531e-04 2.15916706e-03
61000 6.10000000e+03 1.89381139e-03 -7.26765953e-04 2.02847488e-03
61100 6.11000000e+03 2.01919302e-03 -1.03852886e-03 2.27061284e-03
61200 6.12000000e+03 2.06878595e-03 -1.33342820e-03 2.46128139e-03
61300 6.13000000e+03 2.07423163e-03 -1.20164873e-03 2.39716426e-03
61400 6.14000000e+03 1.95548357e-03 -1.28255354e-03 2.33855930e-03
61500 6.15000000e+03 1.97904487e-03 -1.16411503e-03 2.29603624e-03
61600 6.16000000e+03 2.00704089e-03 -1.23973715e-03 2.35905942e-03
61700 6.17000000e+03 2.02311575e-03 -1.07912743e-03 2.29292681e-03
61800 6.18000000e+03 2.08675372e-03 -1.03455223e-03 2.32912847e-03
61900 6.19000000e+03 2.06341268e-03 -9.63619445e-04 2.27733053e-03
62000 6.20000000e+03 2.10390450e-03 -9.55035910e-04 2.31052109e-03
62100 6.21000000e+03 2.19029700e-03 -8.51981691e-04 2.35016463e-03
62200 6.22000000e+03 2.08937447e-03 -8.71916767e-04 2.26400630e-03
62300 6.23000000e+03 2.18097586e-03 -1.04375405e-03 2.41786646e-03
62400 6.24000000e+03 2.18367111e-03 -1.01253856e-03 2.40700101e-03
62500 6.25000000e+03 2.07132241e-03 -9.23842250e-04 2.26800816e-03
62600 6.26000000e+03 2.05870182e-03 -1.07651378e-03 2.32317350e-03
62700 6.27000000e+03 2.18186690e-03 -1.26548251e-03 2.52229839e-03
62800 6.28000000e+03 2.02039629e-03 -1.28768873e-03 2.39585965e-03
62900 6.29000000e+03 2.06754543e-03 -1.27079454e-03 2.42686276e-03
63000 6.30000000e+03 1.99765665e-03 -1.04050722e-03 2.25239592e-03
63100 6.31000000e+03 2.04975903e-03 -9.79385106e-04 2.27171901e-03
63200 6.32000000e+03 2.05390574e-03 -8.40169960e-04 2.21910215e-03
63300 6.33000000e+03 2.01709894e-03 -9.22491890e-04 2.21803504e-03
63400 6.34000000e+03 2.17517745e-03 -8.90003517e-04 2.35021343e-03
63500 6.35000000e+03 2.06005294e-03 -7.36406888e-04 2.18771872e-03
63600 6.36000000e+03 2.04759208e-03 -7.68844271e-04 2.18717965e-03
63700 6.37000000e+03 2.20266660e-03 -8.62237997e-04 2.36541635e-03
63800 6.38000000e+03 2.14670599e-03 -7.64778699e-04 2.27886661e-03
63900 6.39000000e+03 2.17451993e-03 -8.59036692e-04 2.33805068e-03
64000 6.40000000e+03 2.08188896e-03 -7.29603984e-04 2.20603346e-03
64100 6.41000000e+03 2.20227474e-03 -8.30677222e-04 2.35372868e-03
64200 6.42000000e+03 2.24689278e-03 -1.01517315e-03 2.46558384e-03
64300 6.43000000e+03 2.32393364e-03 -1.04622554e-03 2.54857911e-03
64400 6.44000000e+03 2.29366240e-03 -1.04507082e-03 2.52052777e-03
64500 6.45000000e+03 2.22502998e-03 -9.09044757e-04 2.40356418e-03
64600 6.46000000e+03 2.28886097e-03 -8.73023528e-04 2.44970500e-03
64700 6.47000000e+03 2.37453752e-03 -8.63247085e-04 2.52658346e-03
64800 6.48000000e+03 2.27291463e-03 -7.42047792e-04 2.39097801e-03
64900 6.49000000e+03 2.29268102e-03 -9.82877566e-04 2.49448082e-03
65000 6.50000000e+03 2.26187566e-03 -8.88315146e-04 2.43005871e-03
65100 6.51000000e+03 2.14179140e-03 -8.27445532e-04 2.29606979e-03
65200 6.52000000e+03 2.05611694e-03 -6.96300354e-04 2.17081806e-03
65300 6.53000000e+03 2.09434051e-03 -9.04334360e-04 2.28124589e-03
65400 6.54000000e+03 2.21242639e-03 -8.76044738e-04 2.37955561e-03
65500 6.55000000e+03 2.25817342e-03 -9.23929387e-04 2.43987555e-03
65600 6.56000000e+03 2.20711646e-03 -8.25723982e-04 2.35651929e-03
65700 6.57000000e+03 2.08276347e-03 -8.21922498e-04 2.23907576e-03
65800 6.58000000e+03 2.06298498e-03 -1.07490120e-03 2.32622432e-03
65900 6.59000000e+03 2.07995065e-03 -8.88025039e-04 2.26158864e-03
66000 6.60000000e+03 2.13615643e-03 -9.05381341e-04 2.32010337e-03
66100 6.61000000e+03 2.11211876e-03 -8.28491524e-04 2.26879789e-03
66200 6.62000000e+03 2.16727611e-03 -7.91664119e-04 2.30733998e-03
66300 6.63000000e+03 2.22466560e-03 -8.90314113e-04 2.39620455e-03
66400 6.64000000e+03 2.34921067e-03 -1.21327466e-03 2.64401705e-03
66500 6.65000000e+03 2.46531353e-03 -1.32635783e-03 2.79946350e-03
66600 6.66000000e+03 2.59343721e-03 -1.34341046e-03 2.92073077e-03
66700 6.67000000e+03 2.48623500e-03 -1.25631830e-03 2.78562383e-03
66800 6.68000000e+03 2.47787847e-03 -1.11647963e-03 2.71779478e-03
66900 6.69000000e+03 2.48301891e-03 -1.10025250e-03 2.71586790e-03
67000 6.70000000e+03 2.46822042e-03 -1.01122702e-03 2.66733803e-03
67100 6.71000000e+03 2.44106539e-03 -1.12859288e-03 2.68933488e-03
67200 6.72000000e+03 2.41513178e-03 -1.24493218e-03 2.71711568e-03
67300 6.73000000e+03 2.40314798e-03 -1.20489090e-03 2.68828613e-03
67400 6.74000000e+03 2.36449670e-03 -1.19486614e-03 2.64925456e-03
67500 6.75000000e+03 2.32939748e-03 -1.19920820e-03 2.61996048e-03
67600 6.76000000e+03 2.22470146e-03 -1.20699604e-03 2.53103457e-03
67700 6.77000000e+03 2.31926562e-03 -1.32374431e-03 2.67044791e-03
67800 6.78000000e+03 2.25774269e-03 -1.32328691e-03 2.61696203e-03
67900 6.79000000e+03 2.26198439e-03 -1.12808193e-03 2.52767526e-03
68000 6.80000000e+03 2.17276253e-03 -1.10980647e-03 2.43978839e-03
68100 6.81000000e+03 2.23905826e-03 -1.18275092e-03 2.53224833e-03
68200 6.82000000e+03 2.25486374e-03 -1.18889648e-03 2.54909500e-03
68300 6.83000000e+03 2.25826586e-03 -1.21156883e-03 2.56274535e-03
68400 6.84000000e+03 2.26459629e-03 -1.35399832e-03 2.63850484e-03
68500 6.85000000e+03 2.21689837e-03 -1.34667708e-03 2.59387308e-03
68600 6.86000000e+03 2.15878757e-03 -1.26732851e-03 2.50329489e-03
68700 6.87000000e+03 2.19227001e-03 -1.18041702e-03 2.48986589e-03
68800 6.88000000e+03 2.22797901e-03 -1.26194581e-03 2.56054637e-03
68900 6.89000000e+03 2.14654836e-03 -1.11551327e-03 2.41909894e-03
69000 6.90000000e+03 2.18611071e-03 -1.23226503e-03 2.50949340e-03
69100 6.91000000e+03 2.11236486e-03 -1.37629663e-03 2.52116594e-03
69200 6.92000000e+03 2.14735279e-03 -1.45694858e-03 2.59496111e-03
69300 6.93000000e+03 2.22613220e-03 -1.35713746e-03 2.60719901e-03
69400 6.94000000e+03 2.31839996e-03 -1.46519870e-03 2.74258739e-03
69500 6.95000000e+03 2.26097531e-03 -1.37303257e-03 2.64522736e-03
69600 6.96000000e+03 2.07272056e-03 -1.29270880e-03 2.44279891e-03
69700 6.97000000e+03 2.09997268e-03 -1.16199988e-03 2.40002688e-03
69800 6.98000000e+03 2.02470692e-03 -1.27414113e-03 2.39225286e-03
69900 6.99000000e+03 2.07363768e-03 -1.47374463e-03 2.54399223e-03
70000 7.00000000e+03 2.09809979e-03 -1.33484043e-03 2.48672912e-03
70100 7.01000000e+03 2.23410712e-03 -1.49436470e-03 2.68781704e-03
70200 7.02000000e+03 2.18978245e-03 -1.36998214e-03 2.58302115e-03
70300 7.03000000e+03 2.08059233e-03 -1.43689173e-03 2.52854153e-03
70400 7.04000000e+03 1.91398768e-03 -1.35429366e-03 2.34466633e-03
70500 7.05000000e+03 2.01969827e-03 -1.38719368e-03 2.45020150e-03
70600 7.06000000e+03 1.90833013e-03 -1.44924747e-03 2.39625586e-03
70700 7.07000000e+03 1.87315641e-03 -1.33392529e-03 2.29958074e-03
70800 7.08000000e+03 1.90646190e-03 -1.49643072e-03 2.42361339e-03
70900 7.09000000e+03 2.04538764e-03 -1.57069578e-03 2.57889430e-03
71000 7.10000000e+03 2.06185994e-03 -1.36431737e-03 2.47237301e-03
71100 7.11000000e+03 2.07541743e-03 -1.38330599e-03 2.49417180e-03
71200 7.12000000e+03 1.99496304e-03 -1.18315138e-03 2.31942336e-03
71300 7.13000000e+03 1.99311879e-03 -1.13153004e-03 2.29191682e-03
71400 7.14000000e+03 1.95707940e-03 -1.13626383e-03 2.26301906e-03
71500 7.15000000e+03 1.93174300e-03 -1.20023743e-03 2.27424732e-03
71600 7.16000000e+03 2.15968536e-03 -1.13611750e-03 2.44028765e-03
71700 7.17000000e+03 2.13834038e-03 -9.98735079e-04 2.36007867e-03
71800 7.18000000e+03 2.20692530e-03 -1.16089976e-03 2.49363340e-03
71900 7.19000000e+03 2.23624031e-03 -1.08535634e-03 2.48571300e-03
72000 7.20000000e+03 2.26175622e-03 -1.03938952e-03 2.48915081e-03
72100 7.21000000e+03 2.32139882e-03 -1.08807918e-03 2.56374897e-03
72200 7.22000000e+03 2.58828024e-03 -1.18267315e-03 2.84568277e-03
72300 7.23000000e+03 2.47679115e-03 -1.09705876e-03 2.70888027e-03
72400 7.24000000e+03 2.43732031e-03 -1.11781945e-03 2.68142697e-03
72500 7.25000000e+03 2.40993220e-03 -1.05961761e-03 2.63259619e-03
72600 7.26000000e+03 2.43786350e-03 -1.14544143e-03 2.69355054e-03
72700 7.27000000e+03 2.31487793e-03 -1.02522376e-03 2.53174714e-03
72800 7.28000000e+03 2.26853369e-03 -8.66401824e-04 2.42835278e-03
72900 7.29000000e+03 2.19104858e-03 -9.21851199e-04 2.37707878e-03
73000 7.30000000e+03 2.10087164e-03 -1.02550385e-03 2.33780235e-03
73100 7.31000000e+03 2.16852827e-03 -1.29943830e-03 2.52805355e-03
73200 7.32000000e+03 2.34796992e-03 -1.57379324e-03 2.82662129e-03
73300 7.33000000e+03 2.41486682e-03 -1.50605652e-03 2.84601265e-03
73400 7.34000000e+03 2.42932024e-03 -1.56796281e-03 2.89138448e-03
73500 7.35000000e+03 2.36150529e-03 -1.43911166e-03 2.76545649e-03
73600 7.36000000e+03 2.32633599e-03 -1.29809987e-03 2.66400121e-03
73700 7.37000000e+03 2.27494072e-03 -1.19700946e-03 2.57063940e-03
73800 7.38000000e+03 2.37177452e-03 -1.24687806e-03 2.67955580e-03
73900 7.39000000e+03 2.27342732e-03 -1.05598930e-03 2.50670804e-03
74000 7.40000000e+03 2.28359364e-03 -1.02550210e-03 2.50328873e-03
74100 7.41000000e+03 2.22777389e-03 -9.03709268e-04 2.40409379e-03
74200 7.42000000e+03 2.26869574e-03 -9.28092632e-04 2.45119079e-03
74300 7.43000000e+03 2.29034061e-03 -9.95499548e-04 2.49733447e-03
74400 7.44000000e+03 2.30265921e-03 -8.72530160e-04 2.46242732e-03
74500 7.45000000e+03 2.28712847e-03 -7.85335782e-04 2.41820366e-03
74600 7.46000000e+03 2.08945759e-03 -6.97772484e-04 2.20288889e-03
74700 7.47000000e+03 2.07923679e-03 -7.28116196e-04 2.20303854e-03
74800 7.48000000e+03 2.06940388e-03 -7.82390474e-04 2.21236690e-03
74900 7.49000000e+03 2.05856725e-03 -9.70571884e-04 2.27589738e-03
75000 7.50000000e+03 2.09089811e-03 -1.04591693e-03 2.33790443e-03
75100 7.51000000e+03 2.12120824e-03 -9.51002934e-04 2.32463566e-03
75200 7.52000000e+03 2.00394401e-03 -7.73258682e-04 2.14795731e-03
75300 7.53000000e+03 1.94332120e-03 -6.85885025e-04 2.06080944e-03
75400 7.54000000e+03 1.88371423e-03 -7.19749078e-04 2.01653614e-03
75500 7.55000000e+03 1.97984278e-03 -8.64821021e-04 2.16048440e-03
75600 7.56000000e+03 1.84247154e-03 -7.90646765e-04 2.00494979e-03
75700 7.57000000e+03 1.76216115e-03 -6.57585973e-04 1.88085917e-03
75800 7.58000000e+03 1.79167360e-03 -7.55831948e-04 1.94457610e-03
75900 7.59000000e+03 1.84671534e-03 -6.11557974e-04 1.94534334e-03
76000 7.60000000e+03 1.95560092e-03 -5.42670605e-04 2.02949904e-03
76100 7.61000000e+03 1.90731580e-03 -5.13671839e-04 1.97527526e-03
76200 7.62000000e+03 1.97374937e-03 -6.09913375e-04 2.06583661e-03
76300 7.63000000e+03 1.87336467e-03 -5.36194479e-04 1.94858916e-03
76400 7.64000000e+03 1.83641445e-03 -6.83759514e-04 1.95957779e-03
76500 7.65000000e+03 1.75969396e-03 -5.38880937e-04 1.84035744e-03
76600 7.66000000e+03 1.76715467e-03 -5.66264149e-04 1.85566449e-03
76700 7.67000000e+03 1.85550470e-03 -5.83867135e-04 1.94519884e-03
76800 7.68000000e+03 2.04285095e-03 -8.22394039e-04 2.20217437e-03
76900 7.69000000e+03 2.10559042e-03 -9.70506633e-04 2.31848963e-03
77000 7.70000000e+03 2.01990921e-03 -7.94256688e-04 2.17045546e-03
77100 7.71000000e+03 1.97981554e-03 -7.13445945e-04 2.10444166e-03
77200 7.72000000e+03 2.13738251e-03 -9.11343668e-04 2.32356435e-03
77300 7.73000000e+03 2.19926098e-03 -9.47954832e-04 2.39486268e-03
77400 7.74000000e+03 2.21163337e-03 -1.10528956e-03 2.47244559e-03
77500 7.75000000e+03 2.27418379e-03 -9.86330793e-04 2.47886271e-03
77600 7.76000000e+03 2.24477262e-03 -9.33000934e-04 2.43094526e-03
77700 7.77000000e+03 2.24666786e-03 -9.63424332e-04 2.44452509e-03
77800 7.78000000e+03 2.20729643e-03 -8.85984104e-04 2.37847123e-03
77900 7.79000000e+03 2.22767564e-03 -8.37982516e-04 2.38007425e-03
78000 7.80000000e+03 2.32770154e-03 -8.04101699e-04 2.46267619e-03
78100 7.81000000e+03 2.23075971e-03 -7.23409699e-04 2.34512483e-03
78200 7.82000000e+03 2.14036228e-03 -6.65403320e-04 2.24140855e-03
78300 7.83000000e+03 1.99247757e-03 -6.02223561e-04 2.08149948e-03
78400 7.84000000e+03 2.11558468e-03 -5.99436054e-04 2.19886837e-03
78500 7.85000000e+03 2.05465802e-03 -5.70551143e-04 2.13240432e-03
78600 7.86000000e+03 2.16608727e-03 -7.62569252e-04 2.29639847e-03
78700 7.87000000e+03 2.10953807e-03 -7.15073082e-04 2.22743807e-03
78800 7.88000000e+03 2.12385599e-03 -8.81076441e-04 2.29936077e-03
78900 7.89000000e+03 2.18479033e-03 -8.54142301e-04 2.34581923e-03
79000 7.90000000e+03 2.18818383e-03 -7.41325552e-04 2.31034890e-03
79100 7.91000000e+03 2.13044346e-03 -6.98346703e-04 2.24198070e-03
79200 7.92000000e+03 2.10455945e-03 -6.91560970e-04 2.21527133e-03
79300 7.93000000e+03 2.14025355e-03 -6.37381920e-04 2.23314598e-03
79400 7.94000000e+03 2.20857956e-03 -8.76224134e-04 2.37604554e-03
79500 7.95000000e+03 2.19595921e-03 -7.67442747e-04 2.32619974e-03
79600 7.96000000e+03 2.10643909e-03 -6.28900714e-04 2.19831794e-03
79700 7.97000000e+03 2.20975117e-03 -6.96528761e-04 2.31692739e-03
79800 7.98000000e+03 2.27737846e-03 -7.65334524e-04 2.40253815e-03
79900 7.99000000e+03 2.20221211e-03 -7.94218620e-04 2.34105135e-03
80000 8.00000000e+03 2.13031587e-03 -8.22263479e-04 2.28349796e-03
80100 8.01000000e+03 2.04769149e-03 -7.98498339e-04 2.19787171e-03
80200 8.02000000e+03 2.19310331e-03 -1.01688446e-03 2.41738622e-03
80300 8.03000000e+03 2.27548368e-03 -1.05123955e-03 2.50657747e-03
80400 8.04000000e+03 2.19646562e-03 -8.76519654e-04 2.36489914e-03
80500 8.05000000e+03 2.19314406e-03 -7.53430650e-04 2.31895205e-03
80600 8.06000000e+03 2.09384575e-03 -6.83967955e-04 2.20272608e-03
80700 8.07000000e+03 2.11420609e-03 -7.79212394e-04 2.25322865e-03
80800 8.08000000e+03 2.22345535e-03 -7.34540285e-04 2.34164539e-03
80900 8.09000000e+03 2.23409920e-03 -9.69585904e-04 2.43542523e-03
81000 8.10000000e+03 2.20456230e-03 -8.58512823e-04 2.36582739e-03
81100 8.11000000e+03 2.15336215e-03 -7.24452024e-04 2.27195935e-03
81200 8.12000000e+03 2.11607968e-03 -6.40053884e-04 2.21076054e-03
81300 8.13000000e+03 2.05740286e-03 -7.76771747e-04 2.19915458e-03
81400 8.14000000e+03 2.12891214e-03 -7.30206433e-04 2.25065953e-03
81500 8.15000000e+03 2.07693060e-03 -6.79333287e-04 2.18520810e-03
81600 8.16000000e+03 2.27236911e-03 -9.24691267e-04 2.45330701e-03
81700 8.17000000e+03 2.16527679e-03 -7.73524458e-04 2.29929634e-03
81800 8.18000000e+03 2.19361484e-03 -7.81525858e-04 2.32867532e-03
81900 8.19000000e+03 2.21348228e-03 -8.23330134e-04 2.36164695e-03
82000 8.20000000e+03 2.22733920e-03 -7.70174549e-04 2.35673688e-03
82100 8.21000000e+03 2.21228320e-03 -8.12203914e-04 2.35666548e-03
82200 8.22000000e+03 2.18512234e-03 -8.87359725e-04 2.35842467e-03
82300 8.23000000e+03 2.16051005e-03 -9.14844626e-04 2.34621916e-03
82400 8.24000000e+03 2.23971298e-03 -1.03089679e-03 2.46557548e-03
82500 8.25000000e+03 2.32146587e-03 -1.09553442e-03 2.56698256e-03
82600 8.26000000e+03 2.39851815e-03 -1.24998007e-03 2.70468842e-03
82700 8.27000000e+03 2.46000336e-03 -1.34082686e-03 2.80168400e-03
82800 8.28000000e+03 2.43587117e-03 -1.26996345e-03 2.74704851e-03
82900 8.29000000e+03 2.33990839e-03 -1.08932366e-03 2.58104578e-03
83000 8.30000000e+03 2.24725367e-03 -1.16040732e-03 2.52916868e-03
83100 8.31000000e+03 2.15076283e-03 -1.24376081e-03 2.48449626e-03
83200 8.32000000e+03 2.20026984e-03 -1.30435557e-03 2.55783713e-03
83300 8.33000000e+03 2.30271113e-03 -1.21534988e-03 2.60375765e-03
83400 8.34000000e+03 2.27508345e-03 -1.26891292e-03 2.60502297e-03
83500 8.35000000e+03 2.31048418e-03 -1.26903330e-03 2.63605437e-03
83600 8.36000000e+03 2.21777800e-03 -1.10103725e-03 2.47604974e-03
83700 8.37000000e+03 2.16157641e-03 -1.12470135e-03 2.43667103e-03
83800 8.38000000e+03 2.27133720e-03 -1.24920707e-03 2.59219810e-03
83900 8.39000000e+03 2.25853990e-03 -1.13644369e-03 2.52834071e-03
84000 8.40000000e+03 2.31688074e-03 -1.20661501e-03 2.61225116e-03
84100 8.41000000e+03 2.30628904e-03 -1.10046263e-03 2.55538395e-03
84200 8.42000000e+03 2.27179052e-03 -1.08269323e-03 2.51659627e-03
84300 8.43000000e+03 2.22073379e-03 -1.03038596e-03 2.44813272e-03
84400 8.44000000e+03 2.38815090e-03 -9.06241883e-04 2.55431773e-03
84500 8.45000000e+03 2.32059881e-03 -9.87829990e-04 2.52209971e-03
84600 8.46000000e+03 2.32095108e-03 -9.83826583e-04 2.52085872e-03
84700 8.47000000e+03 2.32524797e-03 -1.05820165e-03 2.55471503e-03
84800 8.48000000e+03 2.32845941e-03 -1.18605630e-03 2.61313083e-03
84900 8.49000000e+03 2.42861593e-03 -1.26663386e-03 2.73907588e-03
85000 8.50000000e+03 2.52891961e-03 -1.22458790e-03 2.80981314e-03
85100 8.51000000e+03 2.48974678e-03 -1.17153488e-03 2.75160553e-03
85200 8.52000000e+03 2.45710043e-03 -1.11069344e-03 2.69647593e-03
85300 8.53000000e+03 2.46615801e-03 -1.17652328e-03 2.73242426e-03
85400 8.54000000e+03 2.49391352e-03 -1.22883799e-03 2.78022435e-03
85500 8.55000000e+03 2.44070590e-03 -1.14516774e-03 2.69600713e-03
85600 8.56000000e+03 2.51947204e-03 -1.23709219e-03 2.80680182e-03
85700 8.57000000e+03 2.48838146e-03 -1.26963400e-03 2.79356632e-03
85800 8.58000000e+03 2.46407860e-03 -1.42679736e-03 2.84735562e-03
85900 8.59000000e+03 2.43234378e-03 -1.44085009e-03 2.82707362e-03
86000 8.60000000e+03 2.33912398e-03 -1.25071872e-03 2.65250793e-03
86100 8.61000000e+03 2.45919451e-03 -1.36900996e-03 2.81457384e-03
86200 8.62000000e+03 2.38767965e-03 -1.20405923e-03 2.67409288e-03
86300 8.63000000e+03 2.39780825e-03 -1.06578937e-03 2.62400293e-03
86400 8.64000000e+03 2.36168411e-03 -9.83403879e-04 2.55824843e-03
86500 8.65000000e+03 2.40456522e-03 -1.05013256e-03 2.62387353e-03
86600 8.66000000e+03 2.44050263e-03 -1.00494269e-03 2.63931107e-03
86700 8.67000000e+03 2.45152414e-03 -1.05116982e-03 2.66738235e-03
86800 8.68000000e+03 2.44264700e-03 -1.03639031e-03 2.65341841e-03
86900 8.69000000e+03 2.36367201e-03 -9.84327053e-04 2.56043847e-03
87000 8.70000000e+03 2.39636353e-03 -1.16070826e-03 2.66266818e-03
87100 8.71000000e+03 2.65492708e-03 -1.35853514e-03 2.98232385e-03
87200 8.72000000e+03 2.67288252e-03 -1.37140485e-03 3.00417247e-03
87300 8.73000000e+03 2.57410947e-03 -1.41609588e-03 2.93791884e-03
87400 8.74000000e+03 2.74071726e-03 -1.50776049e-03 3.12807813e-03
87500 8.75000000e+03 2.78713950e-03 -1.35912572e-03 3.10086590e-03
87600 8.76000000e+03 2.72953371e-03 -1.47126266e-03 3.10080120e-03
87700 8.77000000e+03 2.61771446e-03 -1.32549903e-03 2.93417394e-03
87800 8.78000000e+03 2.62280717e-03 -1.29086769e-03 2.92326133e-03
87900 8.79000000e+03 2.57609715e-03 -1.05586438e-03 2.78408443e-03
88000 8.80000000e+03 2.55448418e-03 -9.40460828e-04 2.72210506e-03
88100 8.81000000e+03 2.51135929e-03 -1.02754962e-03 2.71344498e-03
88200 8.82000000e+03 2.41390406e-03 -1.05261907e-03 2.63342737e-03
88300 8.83000000e+03 2.32394133e-03 -1.00515038e-03 2.53200130e-03
88400 8.84000000e+03 2.36446504e-03 -8.88603274e-04 2.52592769e-03
88500 8.85000000e+03 2.19740113e-03 -8.52680299e-04 2.35703955e-03
88600 8.86000000e+03 2.15778523e-03 -7.12049659e-04 2.27223498e-03
88700 8.87000000e+03 2.20980938e-03 -9.54094168e-04 2.40698009e-03
88800 8.88000000e+03 2.09921598e-03 -9.78089403e-04 2.31589435e-03
88900 8.89000000e+03 2.02774839e-03 -9.84098879e-04 2.25393303e-03
89000 8.90000000e+03 1.99386943e-03 -9.54708434e-04 2.21065228e-03
89100 8.91000000e+03 2.00949586e-03 -1.10590120e-03 2.29370684e-03
89200 8.92000000e+03 1.86644797e-03 -9.63966944e-04 2.10068091e-03
89300 8.93000000e+03 1.75263907e-03 -9.53002600e-04 1.99498313e-03
89400 8.94000000e+03 1.84419204e-03 -1.02883403e-03 2.11176318e-03
89500 8.95000000e+03 1.88382214e-03 -9.21879313e-04 2.09729524e-03
89600 8.96000000e+03 1.90738449e-03 -7.91341474e-04 2.06502710e-03
89700 8.97000000e+03 1.87027012e-03 -9.57750774e-04 2.10123698e-03
89800 8.98000000e+03 1.85576384e-03 -1.06311520e-03 2.13870834e-03
89900 8.99000000e+03 1.81827869e-03 -9.37795849e-04 2.04587352e-03
90000 9.00000000e+03 2.06298893e-03 -1.13125960e-03 2.35280081e-03
90100 9.01000000e+03 2.14043609e-03 -1.22763927e-03 2.46750174e-03
90200 9.02000000e+03 2.05623498e-03 -1.23052741e-03 2.39630967e-03
90300 9.03000000e+03 2.07191636e-03 -1.03806821e-03 2.31741731e-03
90400 9.04000000e+03 1.96991605e-03 -9.60048754e-04 2.19140659e-03
90500 9.05000000e+03 1.91826001e-03 -8.76886013e-04 2.10918243e-03
90600 9.06000000e+03 1.94057310e-03 -8.52127268e-04 2.11942087e-03
90700 9.07000000e+03 1.88862742e-03 -7.72466999e-04 2.04049474e-03
90800 9.08000000e+03 1.78898033e-03 -7.05482089e-04 1.92305891e-03
90900 9.09000000e+03 1.82697328e-03 -7.68732163e-04 1.98211516e-03
91000 9.10000000e+03 1.87568530e-03 -9.17053316e-04 2.08786544e-03
91100 9.11000000e+03 1.83032919e-03 -8.15476757e-04 2.00377326e-03
91200 9.12000000e+03 1.77121477e-03 -7.46137346e-04 1.92195804e-03
91300 9.13000000e+03 1.73551124e-03 -8.57716659e-04 1.93589181e-03
91400 9.14000000e+03 1.74608279e-03 -8.47320654e-04 1.94081360e-03
91500 9.15000000e+03 1.79780729e-03 -7.72283296e-04 1.95666362e-03
91600 9.16000000e+03 1.79526722e-03 -7.45368656e-04 1.94385154e-03
91700 9.17000000e+03 1.78106874e-03 -7.79583410e-04 1.94421093e-03
91800 9.18000000e+03 1.70184276e-03 -6.51354552e-04 1.82223257e-03
91900 9.19000000e+03 1.73407840e-03 -6.48823450e-04 1.85148582e-03
92000 9.20000000e+03 1.74198765e-03 -6.70746260e-04 1.86666053e-03
92100 9.21000000e+03 1.64425198e-03 -5.44881681e-04 1.73218378e-03
92200 9.22000000e+03 1.53602485e-03 -5.19487250e-04 1.62149294e-03
92300 9.23000000e+03 1.61304465e-03 -7.96848326e-04 1.79913320e-03
92400 9.24000000e+03 1.64761301e-03 -8.64232949e-04 1.86051800e-03
92500 9.25000000e+03 1.73880940e-03 -9.08667629e-04 1.96192125e-03
92600 9.26000000e+03 1.66515622e-03 -8.87160888e-04 1.88674314e-03
92700 9.27000000e+03 1.68375671e-03 -7.71208026e-04 1.85197151e-03
92800 9.28000000e+03 1.72112300e-03 -7.78092479e-04 1.88883358e-03
92900 9.29000000e+03 1.72680838e-03 -8.19211127e-04 1.91127550e-03
93000 9.30000000e+03 1.77428860e-03 -8.78907449e-04 1.98004503e-03
93100 9.31000000e+03 1.77498790e-03 -8.47910298e-04 1.96711310e-03
93200 9.32000000e+03 1.80270709e-03 -8.65265902e-04 1.99960945e-03
93300 9.33000000e+03 1.79111236e-03 -7.37775932e-04 1.93711043e-03
93400 9.34000000e+03 1.62195810e-03 -6.37298450e-04 1.74266962e-03
93500 9.35000000e+03 1.62369537e-03 -6.81526668e-04 1.76092738e-03
93600 9.36000000e+03 1.81866833e-03 -7.81859155e-04 1.97961063e-03
93700 9.37000000e+03 1.69674284e-03 -7.75023247e-04 1.86536787e-03
93800 9.38000000e+03 1.86578324e-03 -8.05966381e-04 2.03241947e-03
93900 9.39000000e+03 1.89621933e-03 -7.87396159e-04 2.05320249e-03
94000 9.40000000e+03 1.95622584e-03 -8.20344663e-04 2.12126964e-03
94100 9.41000000e+03 2.03556241e-03 -9.21243860e-04 2.23432419e-03
94200 9.42000000e+03 2.15929025e-03 -1.01293903e-03 2.38507439e-03
94300 9.43000000e+03 2.26165261e-03 -1.02767756e-03 2.48418874e-03
94400 9.44000000e+03 2.20680772e-03 -1.00699358e-03 2.42570328e-03
94500 9.45000000e+03 2.25099362e-03 -8.93962628e-04 2.42201187e-03
94600 9.46000000e+03 2.15764972e-03 -7.56175490e-04 2.28631881e-03
94700 9.47000000e+03 2.14346056e-03 -9.64524224e-04 2.35047445e-03
94800 9.48000000e+03 2.44635204e-03 -1.09051599e-03 2.67840688e-03
94900 9.49000000e+03 2.49209907e-03 -1.10769027e-03 2.72718454e-03
95000 9.50000000e+03 2.37669749e-03 -9.38966754e-04 2.55545486e-03
95100 9.51000000e+03 2.34737946e-03 -8.35183833e-04 2.49153012e-03
95200 9.52000000e+03 2.22906657e-03 -7.83348223e-04 2.36270442e-03
95300 9.53000000e+03 2.29746127e-03 -8.50332901e-04 2.44977434e-03
95400 9.54000000e+03 2.20393902e-03 -7.74093787e-04 2.33592988e-03
95500 9.55000000e+03 2.16463115e-03 -5.65957162e-04 2.23739481e-03
95600 9.56000000e+03 2.12699315e-03 -4.89263679e-04 2.18253953e-03
95700 9.57000000e+03 2.13221018e-03 -5.40489506e-04 2.19964751e-03
95800 9.58000000e+03 2.07727379e-03 -3.82606901e-04 2.11221553e-03
95900 9.59000000e+03 2.15267111e-03 -3.60527512e-04 2.18265274e-03
96000 9.60000000e+03 2.13683955e-03 -4.04140766e-04 2.17472137e-03
96100 9.61000000e+03 2.10339320e-03 -4.95868386e-04 2.16105262e-03
96200 9.62000000e+03 2.19792384e-03 -4.89075785e-04 2.25168033e-03
96300 9.63000000e+03 2.14744941e-03 -5.65915601e-04 2.22076551e-03
96400 9.64000000e+03 2.21027643e-03 -6.82337733e-04 2.31320269e-03
96500 9.65000000e+03 2.21043243e-03 -7.26565020e-04 2.32678066e-03
96600 9.66000000e+03 2.19806936e-03 -6.89175911e-04 2.30357816e-03
96700 9.67000000e+03 2.17880053e-03 -6.92199392e-04 2.28611280e-03
96800 9.68000000e+03 2.11810158e-03 -7.29878317e-04 2.24032958e-03
96900 9.69000000e+03 2.00771587e-03 -6.91459514e-04 2.12344985e-03
97000 9.70000000e+03 2.06950842e-03 -7.05984188e-04 2.18661354e-03
97100 9.71000000e+03 2.06364924e-03 -7.12865556e-04 2.18330609e-03
97200 9.72000000e+03 1.96094881e-03 -5.84654277e-04 2.04625044e-03
97300 9.73000000e+03 1.80172035e-03 -6.14625751e-04 1.90367042e-03
97400 9.74000000e+03 1.89318624e-03 -6.85863779e-04 2.01359462e-03
97500 9.75000000e+03 1.91582553e-03 -7.45819474e-04 2.05587795e-03
97600 9.76000000e+03 2.02726852e-03 -7.65301113e-04 2.16691104e-03
97700 9.77000000e+03 2.05387222e-03 -5.92468539e-04 2.13761785e-03
97800 9.78000000e+03 2.14037602e-03 -6.70674432e-04 2.24299213e-03
97900 9.79000000e+03 2.14380329e-03 -6.37917372e-04 2.23670094e-03
98000 9.80000000e+03 2.19165534e-03 -6.84067374e-04 2.29593147e-03
98100 9.81000000e+03 2.31146766e-03 -9.03518987e-04 2.48177946e-03
98200 9.82000000e+03 2.23705918e-03 -8.32125370e-04 2.38681092e-03
98300 9.83000000e+03 2.18739570e-03 -7.67829479e-04 2.31824547e-03
98400 9.84000000e+03 2.09087459e-03 -6.47481298e-04 2.18883270e-03
98500 9.85000000e+03 2.22870358e-03 -9.48792382e-04 2.42225652e-03
98600 9.86000000e+03 2.21881433e-03 -9.38437239e-04 2.40910803e-03
98700 9.87000000e+03 2.19895644e-03 -8.65158334e-04 2.36302949e-03
98800 9.88000000e+03 2.20199116e-03 -9.71264148e-04 2.40668218e-03
98900 9.89000000e+03 2.23086169e-03 -9.39410995e-04 2.42058606e-03
99000 9.90000000e+03 2.12455727e-03 -8.32292368e-04 2.28176559e-03
99100 9.91000000e+03 2.14291061e-03 -8.77131417e-04 2.31547520e-03
99200 9.92000000e+03 2.13176920e-03 -8.03405477e-04 2.27813527e-03
99300 9.93000000e+03 2.18182988e-03 -9.63719387e-04 2.38519112e-03
99400 9.94000000e+03 2.30421638e-03 -1.01653533e-03 2.51848312e-03
99500 9.95000000e+03 2.17895163e-03 -1.09098747e-03 2.43681839e-03
99600 9.96000000e+03 2.29138485e-03 -1.22963847e-03 2.60047213e-03
99700 9.97000000e+03 2.32571457e-03 -1.27195718e-03 2.65081559e-03
99800 9.98000000e+03 2.33886996e-03 -1.21154799e-03 2.63403896e-03
99900 9.99000000e+03 2.26726569e-03 -1.12430926e-03 2.53072421e-03
100000 1.00000000e+04 2.30111391e-03 -1.00195024e-03 2.50978675e-03
