# step  t  vx_mean  vy_mean  vmag_mean
0 0.00000000e+00 1.69852152e-04 -2.15674678e-04 2.74527449e-04
100 1.00000000e+01 1.89988583e-04 -2.11331746e-04 2.84177354e-04
200 2.00000000e+01 1.64643396e-04 -1.24431841e-04 2.06375218e-04
300 3.00000000e+01 1.70050975e-04 -1.25478517e-04 2.11334314e-04
400 4.00000000e+01 2.60571833e-04 -1.93104061e-04 3.24325235e-04
500 5.00000000e+01 2.39668909e-04 -2.60318571e-04 3.53845933e-04
600 6.00000000e+01 2.44635274e-04 -2.20044327e-04 3.29037875e-04
700 7.00000000e+01 2.44693540e-04 -1.96824592e-04 3.14030012e-04
800 8.00000000e+01 2.11476960e-04 -2.92104349e-04 3.60620930e-04
900 9.00000000e+01 2.42258742e-04 -3.33318952e-04 4.12056819e-04
1000 1.00000000e+02 1.76540780e-04 -3.48042551e-04 3.90256665e-04
1100 1.10000000e+02 1.59677991e-04 -3.80467915e-04 4.12617129e-04
1200 1.20000000e+02 1.81893323e-04 -3.36906203e-04 3.82872003e-04
1300 1.30000000e+02 1.92847248e-04 -3.02752305e-04 3.58955456e-04
1400 1.40000000e+02 1.99790302e-04 -2.74415012e-04 3.39440368e-04
1500 1.50000000e+02 2.04349781e-04 -2.49841454e-04 3.22768625e-04
1600 1.60000000e+02 2.07167337e-04 -2.28027726e-04 3.08082699e-04
1700 1.70000000e+02 2.08669459e-04 -2.08372308e-04 2.94893136e-04
1800 1.80000000e+02 2.09129008e-04 -1.90513427e-04 2.82896284e-04
1900 1.90000000e+02 2.08704922e-04 -1.74131375e-04 2.71807800e-04
2000 2.00000000e+02 1.77355512e-04 -2.31010694e-04 2.91240310e-04
2100 2.10000000e+02 1.81328840e-04 -2.08572368e-04 2.76373987e-04
2200 2.20000000e+02 1.83670199e-04 -1.90049250e-04 2.64298051e-04
2300 2.30000000e+02 1.84408011e-04 -1.73198627e-04 2.52990274e-04
2400 2.40000000e+02 1.83942466e-04 -1.57809540e-04 2.42360644e-04
2500 2.50000000e+02 1.87290876e-04 -2.16683373e-04 2.86408024e-04
2600 2.60000000e+02 1.86994963e-04 -1.95650558e-04 2.70640457e-04
2700 2.70000000e+02 1.85518962e-04 -1.78414339e-04 2.57388736e-04
2800 2.80000000e+02 1.83522527e-04 -1.62857526e-04 2.45363183e-04
2900 2.90000000e+02 1.81022595e-04 -1.48547828e-04 2.34170103e-04
3000 3.00000000e+02 1.78119619e-04 -1.35304392e-04 2.23682536e-04
3100 3.10000000e+02 1.74947359e-04 -1.23072765e-04 2.13900641e-04
3200 3.20000000e+02 1.71548963e-04 -1.11740774e-04 2.04731647e-04
3300 3.30000000e+02 1.67893653e-04 -1.01240927e-04 1.96056125e-04
3400 3.40000000e+02 1.64113269e-04 -9.14878110e-05 1.87891417e-04
3500 3.50000000e+02 1.81568175e-04 -1.55062007e-04 2.38770242e-04
3600 3.60000000e+02 1.04180472e-04 -1.72485816e-04 2.01506643e-04
3700 3.70000000e+02 1.16650896e-04 -1.59033152e-04 1.97228231e-04
3800 3.80000000e+02 1.23614343e-04 -1.47447092e-04 1.92408812e-04
3900 3.90000000e+02 1.27525142e-04 -1.36897143e-04 1.87092195e-04
4000 4.00000000e+02 1.29348060e-04 -1.27034160e-04 1.81296990e-04
4100 4.10000000e+02 1.52417066e-04 -1.98359747e-04 2.50155054e-04
4200 4.20000000e+02 1.47663552e-04 -1.72860979e-04 2.27344326e-04
4300 4.30000000e+02 1.44550271e-04 -1.56634764e-04 2.13141338e-04
4400 4.40000000e+02 1.42896781e-04 -1.43367171e-04 2.02419455e-04
4500 4.50000000e+02 1.41719851e-04 -1.31839799e-04 1.93562002e-04
4600 4.60000000e+02 1.40517470e-04 -1.21339537e-04 1.85656787e-04
4700 4.70000000e+02 1.39135052e-04 -1.11642366e-04 1.78388847e-04
4800 4.80000000e+02 1.37545983e-04 -1.02555663e-04 1.71570864e-04
4900 4.90000000e+02 1.35696828e-04 -9.39327365e-05 1.65036323e-04
5000 5.00000000e+02 1.33556387e-04 -8.57086998e-05 1.58692437e-04
5100 5.10000000e+02 1.31145498e-04 -7.79570619e-05 1.52566199e-04
5200 5.20000000e+02 1.28518281e-04 -7.06269420e-05 1.46646219e-04
5300 5.30000000e+02 1.25690523e-04 -6.36616169e-05 1.40893254e-04
5400 5.40000000e+02 1.22718731e-04 -5.71342316e-05 1.35366936e-04
5500 5.50000000e+02 1.19587174e-04 -5.10218306e-05 1.30016612e-04
5600 5.60000000e+02 1.16382318e-04 -4.52642380e-05 1.24874718e-04
5700 5.70000000e+02 1.13107031e-04 -3.98523407e-05 1.19922515e-04
5800 5.80000000e+02 1.09703535e-04 -3.47791029e-05 1.15084541e-04
5900 5.90000000e+02 1.06263396e-04 -3.00601387e-05 1.10433334e-04
6000 6.00000000e+02 1.02786486e-04 -2.56662024e-05 1.05942511e-04
6100 6.10000000e+02 9.93437498e-05 -2.16018179e-05 1.01665231e-04
6200 6.20000000e+02 9.58658129e-05 -1.77650145e-05 9.74979478e-05
6300 6.30000000e+02 9.23824919e-05 -1.41926785e-05 9.34663411e-05
6400 6.40000000e+02 8.88927170e-05 -1.09160328e-05 8.95604540e-05
6500 6.50000000e+02 8.55127219e-05 -7.94908829e-06 8.58813926e-05
6600 6.60000000e+02 8.21654685e-05 -5.16917362e-06 8.23279088e-05
6700 6.70000000e+02 7.88264369e-05 -2.61740388e-06 7.88698800e-05
6800 6.80000000e+02 7.55327856e-05 -3.07965934e-07 7.55334134e-05
6900 6.90000000e+02 7.22748955e-05 1.81411622e-06 7.22976593e-05
7000 7.00000000e+02 6.90467859e-05 3.72372278e-06 6.91471240e-05
7100 7.10000000e+02 6.59584912e-05 5.40353858e-06 6.61794590e-05
7200 7.20000000e+02 6.29722927e-05 6.94373603e-06 6.33539668e-05
7300 7.30000000e+02 6.00972635e-05 8.33599370e-06 6.06726451e-05
7400 7.40000000e+02 5.72686477e-05 9.58952114e-06 5.80659704e-05
7500 7.50000000e+02 5.44601462e-05 1.06827129e-05 5.54979989e-05
7600 7.60000000e+02 5.17117733e-05 1.16492174e-05 5.30076576e-05
7700 7.70000000e+02 4.90481034e-05 1.25106071e-05 5.06184920e-05
7800 7.80000000e+02 4.65034609e-05 1.32470504e-05 4.83534510e-05
7900 7.90000000e+02 4.40825170e-05 1.38354726e-05 4.62026905e-05
8000 8.00000000e+02 4.17671035e-05 1.43415673e-05 4.41607460e-05
8100 8.10000000e+02 3.94877934e-05 1.47730825e-05 4.21607613e-05
8200 8.20000000e+02 3.72907161e-05 1.50994256e-05 4.02317059e-05
8300 8.30000000e+02 3.52114585e-05 1.53721048e-05 3.84206769e-05
8400 8.40000000e+02 3.32072923e-05 1.55437028e-05 3.66651191e-05
8500 8.50000000e+02 3.12682350e-05 1.56724673e-05 3.49761169e-05
8600 8.60000000e+02 2.94266574e-05 1.57369650e-05 3.33703496e-05
8700 8.70000000e+02 2.76761530e-05 1.57429968e-05 3.18404050e-05
8800 8.80000000e+02 2.60140623e-05 1.56932692e-05 3.03810819e-05
8900 8.90000000e+02 2.44233815e-05 1.56241331e-05 2.89933630e-05
9000 9.00000000e+02 2.29018988e-05 1.55223952e-05 2.76666174e-05
9100 9.10000000e+02 2.14382308e-05 1.53750007e-05 2.63815918e-05
9200 9.20000000e+02 2.00546419e-05 1.51900231e-05 2.51580099e-05
9300 9.30000000e+02 1.87723981e-05 1.49590305e-05 2.40036565e-05
9400 9.40000000e+02 1.75772184e-05 1.47007268e-05 2.29144054e-05
9500 9.50000000e+02 1.64543526e-05 1.43726147e-05 2.18476034e-05
9600 9.60000000e+02 1.54059198e-05 1.40140764e-05 2.08263464e-05
9700 9.70000000e+02 1.44408532e-05 1.36219987e-05 1.98518788e-05
9800 9.80000000e+02 1.35408973e-05 1.32179412e-05 1.89227341e-05
9900 9.90000000e+02 1.26924142e-05 1.28169686e-05 1.80380726e-05
10000 1.00000000e+03 1.18864155e-05 1.24198932e-05 1.71912949e-05
10100 1.01000000e+03 1.11444115e-05 1.20394843e-05 1.64057030e-05
10200 1.02000000e+03 1.04628407e-05 1.16303563e-05 1.56440475e-05
10300 1.03000000e+03 9.83146401e-06 1.12286061e-05 1.49244524e-05
10400 1.04000000e+03 9.23927564e-06 1.08236000e-05 1.42307600e-05
10500 1.05000000e+03 8.69171345e-06 1.04261353e-05 1.35738786e-05
10600 1.06000000e+03 8.18682474e-06 1.00490943e-05 1.29618052e-05
10700 1.07000000e+03 7.74132332e-06 9.69045414e-06 1.24029427e-05
10800 1.08000000e+03 7.32847457e-06 9.33870524e-06 1.18708869e-05
10900 1.09000000e+03 6.95649533e-06 9.00717259e-06 1.13807726e-05
11000 1.10000000e+03 6.62133380e-06 8.71068642e-06 1.09415775e-05
11100 1.11000000e+03 6.31800913e-06 8.42056761e-06 1.05272598e-05
11200 1.12000000e+03 6.03465151e-06 8.13629686e-06 1.01299726e-05
11300 1.13000000e+03 5.78557956e-06 7.88121906e-06 9.77683716e-06
11400 1.14000000e+03 5.56037912e-06 7.64145443e-06 9.45037787e-06
11500 1.15000000e+03 5.35404388e-06 7.41134090e-06 9.14296231e-06
11600 1.16000000e+03 5.17912667e-06 7.20729031e-06 8.87515559e-06
11700 1.17000000e+03 5.02863895e-06 7.02660873e-06 8.64062729e-06
11800 1.18000000e+03 4.89850754e-06 6.86850763e-06 8.43633648e-06
11900 1.19000000e+03 4.78493439e-06 6.74114926e-06 8.26672187e-06
12000 1.20000000e+03 4.69320594e-06 6.63476749e-06 8.12688880e-06
12100 1.21000000e+03 4.60970250e-06 6.54637915e-06 8.00652466e-06
12200 1.22000000e+03 4.54750398e-06 6.47197794e-06 7.90988564e-06
12300 1.23000000e+03 4.49567051e-06 6.41149654e-06 7.83060287e-06
12400 1.24000000e+03 4.45462047e-06 6.36721916e-06 7.77078653e-06
12500 1.25000000e+03 4.41657494e-06 6.32588399e-06 7.71511130e-06
12600 1.26000000e+03 4.38666166e-06 6.29435272e-06 7.67213638e-06
12700 1.27000000e+03 4.36116352e-06 6.27031386e-06 7.63783891e-06
12800 1.28000000e+03 4.34706044e-06 6.25301436e-06 7.61558422e-06
12900 1.29000000e+03 4.33646528e-06 6.24260201e-06 7.60098750e-06
13000 1.30000000e+03 4.33288733e-06 6.23942014e-06 7.59633309e-06
13100 1.31000000e+03 4.32903562e-06 6.23653068e-06 7.59176293e-06
13200 1.32000000e+03 4.32639990e-06 6.23326878e-06 7.58758036e-06
13300 1.33000000e+03 4.32133038e-06 6.23004598e-06 7.58204255e-06
13400 1.34000000e+03 4.32078241e-06 6.22979405e-06 7.58152324e-06
13500 1.35000000e+03 4.32081197e-06 6.22965263e-06 7.58142387e-06
13600 1.36000000e+03 4.32077513e-06 6.22962580e-06 7.58138083e-06
13700 1.37000000e+03 4.32077513e-06 6.22962580e-06 7.58138083e-06
13800 1.38000000e+03 4.32077513e-06 6.22962580e-06 7.58138083e-06
13900 1.39000000e+03 4.32077513e-06 6.22962580e-06 7.58138083e-06
14000 1.40000000e+03 4.32077513e-06 6.22962580e-06 7.58138083e-06
14100 1.41000000e+03 4.32077513e-06 6.22962580e-06 7.58138083e-06
14200 1.42000000e+03 4.32077513e-06 6.22962580e-06 7.58138083e-06
14300 1.43000000e+03 4.32077513e-06 6.22962580e-06 7.58138083e-06
14400 1.44000000e+03 4.32077513e-06 6.22962580e-06 7.58138083e-06
14500 1.45000000e+03 4.32077513e-06 6.22962580e-06 7.58138083e-06
14600 1.46000000e+03 4.32077513e-06 6.22962580e-06 7.58138083e-06
14700 1.47000000e+03 4.32077513e-06 6.22962580e-06 7.58138083e-06
14800 1.48000000e+03 4.32077513e-06 6.22962580e-06 7.58138083e-06
14900 1.49000000e+03 4.32077513e-06 6.22962580e-06 7.58138083e-06
15000 1.50000000e+03 4.32077513e-06 6.22962580e-06 7.58138083e-06
15100 1.51000000e+03 4.32077513e-06 6.22962580e-06 7.58138083e-06
15200 1.52000000e+03 4.32077513e-06 6.22962580e-06 7.58138083e-06
15300 1.53000000e+03 4.32077513e-06 6.22962580e-06 7.58138083e-06
15400 1.54000000e+03 4.32077513e-06 6.22962580e-06 7.58138083e-06
15500 1.55000000e+03 4.32077513e-06 6.22962580e-06 7.58138083e-06
15600 1.56000000e+03 4.32077513e-06 6.22962580e-06 7.58138083e-06
15700 1.57000000e+03 4.32077513e-06 6.22962580e-06 7.58138083e-06
15800 1.58000000e+03 4.32077513e-06 6.22962580e-06 7.58138083e-06
15900 1.59000000e+03 4.32077513e-06 6.22962580e-06 7.58138083e-06
16000 1.60000000e+03 4.32077513e-06 6.22962580e-06 7.58138083e-06
16100 1.61000000e+03 4.32077513e-06 6.22962580e-06 7.58138083e-06
16200 1.62000000e+03 4.32077513e-06 6.22962580e-06 7.58138083e-06
16300 1.63000000e+03 4.32077513e-06 6.22962580e-06 7.58138083e-06
16400 1.64000000e+03 4.32077513e-06 6.22962580e-06 7.58138083e-06
16500 1.65000000e+03 4.32077513e-06 6.22962580e-06 7.58138083e-06
16600 1.66000000e+03 4.32077513e-06 6.22962580e-06 7.58138083e-06
16700 1.67000000e+03 4.32077513e-06 6.22962580e-06 7.58138083e-06
16800 1.68000000e+03 4.32077513e-06 6.22962580e-06 7.58138083e-06
16900 1.69000000e+03 4.32077513e-06 6.22962580e-06 7.58138083e-06
17000 1.70000000e+03 4.32077513e-06 6.22962580e-06 7.58138083e-06
17100 1.71000000e+03 4.32077513e-06 6.22962580e-06 7.58138083e-06
17200 1.72000000e+03 4.32077513e-06 6.22962580e-06 7.58138083e-06
17300 1.73000000e+03 4.32077513e-06 6.22962580e-06 7.58138083e-06
17400 1.74000000e+03 4.32077513e-06 6.22962580e-06 7.58138083e-06
17500 1.75000000e+03 4.32077513e-06 6.22962580e-06 7.58138083e-06
17600 1.76000000e+03 4.32077513e-06 6.22962580e-06 7.58138083e-06
17700 1.77000000e+03 4.32077513e-06 6.22962580e-06 7.58138083e-06
17800 1.78000000e+03 4.32077513e-06 6.22962580e-06 7.58138083e-06
17900 1.79000000e+03 4.32077513e-06 6.22962580e-06 7.58138083e-06
18000 1.80000000e+03 4.32077513e-06 6.22962580e-06 7.58138083e-06
18100 1.81000000e+03 4.32077513e-06 6.22962580e-06 7.58138083e-06
18200 1.82000000e+03 4.32077513e-06 6.22962580e-06 7.58138083e-06
18300 1.83000000e+03 4.32077513e-06 6.22962580e-06 7.58138083e-06
18400 1.84000000e+03 4.32077513e-06 6.22962580e-06 7.58138083e-06
18500 1.85000000e+03 4.32077513e-06 6.22962580e-06 7.58138083e-06
18600 1.86000000e+03 4.32077513e-06 6.22962580e-06 7.58138083e-06
18700 1.87000000e+03 4.32077513e-06 6.22962580e-06 7.58138083e-06
18800 1.88000000e+03 4.32077513e-06 6.22962580e-06 7.58138083e-06
18900 1.89000000e+03 4.32077513e-06 6.22962580e-06 7.58138083e-06
19000 1.90000000e+03 4.32077513e-06 6.22962580e-06 7.58138083e-06
19100 1.91000000e+03 4.32077513e-06 6.22962580e-06 7.58138083e-06
19200 1.92000000e+03 4.32077513e-06 6.22962580e-06 7.58138083e-06
19300 1.93000000e+03 4.32077513e-06 6.22962580e-06 7.58138083e-06
19400 1.94000000e+03 4.32077513e-06 6.22962580e-06 7.58138083e-06
19500 1.95000000e+03 4.32077513e-06 6.22962580e-06 7.58138083e-06
19600 1.96000000e+03 4.32077513e-06 6.22962580e-06 7.58138083e-06
19700 1.97000000e+03 4.32077513e-06 6.22962580e-06 7.58138083e-06
19800 1.98000000e+03 4.32077513e-06 6.22962580e-06 7.58138083e-06
19900 1.99000000e+03 4.32077513e-06 6.22962580e-06 7.58138083e-06
20000 2.00000000e+03 4.32077513e-06 6.22962580e-06 7.58138083e-06
20100 2.01000000e+03 4.32077513e-06 6.22962580e-06 7.58138083e-06
20200 2.02000000e+03 4.32077513e-06 6.22962580e-06 7.58138083e-06
20300 2.03000000e+03 4.32077513e-06 6.22962580e-06 7.58138083e-06
20400 2.04000000e+03 4.32077513e-06 6.22962580e-06 7.58138083e-06
20500 2.05000000e+03 4.32077513e-06 6.22962580e-06 7.58138083e-06
20600 2.06000000e+03 4.32077513e-06 6.22962580e-06 7.58138083e-06
20700 2.07000000e+03 4.32077513e-06 6.22962580e-06 7.58138083e-06
20800 2.08000000e+03 4.32077513e-06 6.22962580e-06 7.58138083e-06
20900 2.09000000e+03 4.32077513e-06 6.22962580e-06 7.58138083e-06
21000 2.10000000e+03 4.32077513e-06 6.22962580e-06 7.58138083e-06
21100 2.11000000e+03 4.32077513e-06 6.22962580e-06 7.58138083e-06
21200 2.12000000e+03 4.32077513e-06 6.22962580e-06 7.58138083e-06
21300 2.13000000e+03 4.32077513e-06 6.22962580e-06 7.58138083e-06
21400 2.14000000e+03 4.32077513e-06 6.22962580e-06 7.58138083e-06
21500 2.15000000e+03 4.32077513e-06 6.22962580e-06 7.58138083e-06
21600 2.16000000e+03 4.32077513e-06 6.22962580e-06 7.58138083e-06
21700 2.17000000e+03 4.32077513e-06 6.22962580e-06 7.58138083e-06
21800 2.18000000e+03 4.32077513e-06 6.22962580e-06 7.58138083e-06
21900 2.19000000e+03 4.32077513e-06 6.22962580e-06 7.58138083e-06
22000 2.20000000e+03 4.32077513e-06 6.22962580e-06 7.58138083e-06
22100 2.21000000e+03 4.32077513e-06 6.22962580e-06 7.58138083e-06
22200 2.22000000e+03 4.32077513e-06 6.22962580e-06 7.58138083e-06
22300 2.23000000e+03 4.32077513e-06 6.22962580e-06 7.58138083e-06
22400 2.24000000e+03 4.32077513e-06 6.22962580e-06 7.58138083e-06
22500 2.25000000e+03 4.32077513e-06 6.22962580e-06 7.58138083e-06
22600 2.26000000e+03 4.32077513e-06 6.22962580e-06 7.58138083e-06
22700 2.27000000e+03 4.32077513e-06 6.22962580e-06 7.58138083e-06
22800 2.28000000e+03 4.32077513e-06 6.22962580e-06 7.58138083e-06
22900 2.29000000e+03 4.32077513e-06 6.22962580e-06 7.58138083e-06
23000 2.30000000e+03 4.32077513e-06 6.22962580e-06 7.58138083e-06
23100 2.31000000e+03 4.32077513e-06 6.22962580e-06 7.58138083e-06
23200 2.32000000e+03 4.32077513e-06 6.22962580e-06 7.58138083e-06
23300 2.33000000e+03 4.32077513e-06 6.22962580e-06 7.58138083e-06
23400 2.34000000e+03 4.32077513e-06 6.22962580e-06 7.58138083e-06
23500 2.35000000e+03 4.32077513e-06 6.22962580e-06 7.58138083e-06
23600 2.36000000e+03 4.32077513e-06 6.22962580e-06 7.58138083e-06
23700 2.37000000e+03 4.32077513e-06 6.22962580e-06 7.58138083e-06
23800 2.38000000e+03 4.32077513e-06 6.22962580e-06 7.58138083e-06
23900 2.39000000e+03 4.32077513e-06 6.22962580e-06 7.58138083e-06
24000 2.40000000e+03 4.32077513e-06 6.22962580e-06 7.58138083e-06
24100 2.41000000e+03 4.32077513e-06 6.22962580e-06 7.58138083e-06
24200 2.42000000e+03 4.32077513e-06 6.22962580e-06 7.58138083e-06
24300 2.43000000e+03 4.32077513e-06 6.22962580e-06 7.58138083e-06
24400 2.44000000e+03 4.32077513e-06 6.22962580e-06 7.58138083e-06
24500 2.45000000e+03 4.32077513e-06 6.22962580e-06 7.58138083e-06
24600 2.46000000e+03 4.32077513e-06 6.22962580e-06 7.58138083e-06
24700 2.47000000e+03 4.32077513e-06 6.22962580e-06 7.58138083e-06
24800 2.48000000e+03 4.32077513e-06 6.22962580e-06 7.58138083e-06
24900 2.49000000e+03 4.32077513e-06 6.22962580e-06 7.58138083e-06
25000 2.50000000e+03 4.32077513e-06 6.22962580e-06 7.58138083e-06
25100 2.51000000e+03 4.32077513e-06 6.22962580e-06 7.58138083e-06
25200 2.52000000e+03 4.32077513e-06 6.22962580e-06 7.58138083e-06
25300 2.53000000e+03 4.32077513e-06 6.22962580e-06 7.58138083e-06
25400 2.54000000e+03 4.32077513e-06 6.22962580e-06 7.58138083e-06
25500 2.55000000e+03 4.32077513e-06 6.22962580e-06 7.58138083e-06
25600 2.56000000e+03 4.32077513e-06 6.22962580e-06 7.58138083e-06
25700 2.57000000e+03 4.32077513e-06 6.22962580e-06 7.58138083e-06
25800 2.58000000e+03 4.32077513e-06 6.22962580e-06 7.58138083e-06
25900 2.59000000e+03 4.32077513e-06 6.22962580e-06 7.58138083e-06
26000 2.60000000e+03 4.32077513e-06 6.22962580e-06 7.58138083e-06
26100 2.61000000e+03 4.32077513e-06 6.22962580e-06 7.58138083e-06
26200 2.62000000e+03 4.32077513e-06 6.22962580e-06 7.58138083e-06
26300 2.63000000e+03 4.32077513e-06 6.22962580e-06 7.58138083e-06
26400 2.64000000e+03 4.32077513e-06 6.22962580e-06 7.58138083e-06
26500 2.65000000e+03 4.32077513e-06 6.22962580e-06 7.58138083e-06
26600 2.66000000e+03 4.32077513e-06 6.22962580e-06 7.58138083e-06
26700 2.67000000e+03 4.32077513e-06 6.22962580e-06 7.58138083e-06
26800 2.68000000e+03 4.32077513e-06 6.22962580e-06 7.58138083e-06
26900 2.69000000e+03 4.32077513e-06 6.22962580e-06 7.58138083e-06
27000 2.70000000e+03 4.32077513e-06 6.22962580e-06 7.58138083e-06
27100 2.71000000e+03 4.32077513e-06 6.22962580e-06 7.58138083e-06
27200 2.72000000e+03 4.32077513e-06 6.22962580e-06 7.58138083e-06
27300 2.73000000e+03 4.32077513e-06 6.22962580e-06 7.58138083e-06
27400 2.74000000e+03 4.32077513e-06 6.22962580e-06 7.58138083e-06
27500 2.75000000e+03 4.32077513e-06 6.22962580e-06 7.58138083e-06
27600 2.76000000e+03 4.32077513e-06 6.22962580e-06 7.58138083e-06
27700 2.77000000e+03 4.32077513e-06 6.22962580e-06 7.58138083e-06
27800 2.78000000e+03 4.32077513e-06 6.22962580e-06 7.58138083e-06
27900 2.79000000e+03 4.32077513e-06 6.22962580e-06 7.58138083e-06
28000 2.80000000e+03 4.32077513e-06 6.22962580e-06 7.58138083e-06
28100 2.81000000e+03 4.32077513e-06 6.22962580e-06 7.58138083e-06
28200 2.82000000e+03 4.32077513e-06 6.22962580e-06 7.58138083e-06
28300 2.83000000e+03 4.32077513e-06 6.22962580e-06 7.58138083e-06
28400 2.84000000e+03 4.32077513e-06 6.22962580e-06 7.58138083e-06
28500 2.85000000e+03 4.32077513e-06 6.22962580e-06 7.58138083e-06
28600 2.86000000e+03 4.32077513e-06 6.22962580e-06 7.58138083e-06
28700 2.87000000e+03 4.32077513e-06 6.22962580e-06 7.58138083e-06
28800 2.88000000e+03 4.32077513e-06 6.22962580e-06 7.58138083e-06
28900 2.89000000e+03 4.32077513e-06 6.22962580e-06 7.58138083e-06
29000 2.90000000e+03 4.32077513e-06 6.22962580e-06 7.58138083e-06
29100 2.91000000e+03 4.32077513e-06 6.22962580e-06 7.58138083e-06
29200 2.92000000e+03 4.32077513e-06 6.22962580e-06 7.58138083e-06
29300 2.93000000e+03 4.32077513e-06 6.22962580e-06 7.58138083e-06
29400 2.94000000e+03 4.32077513e-06 6.22962580e-06 7.58138083e-06
29500 2.95000000e+03 4.32077513e-06 6.22962580e-06 7.58138083e-06
29600 2.96000000e+03 4.32077513e-06 6.22962580e-06 7.58138083e-06
29700 2.97000000e+03 4.32077513e-06 6.22962580e-06 7.58138083e-06
29800 2.98000000e+03 4.32077513e-06 6.22962580e-06 7.58138083e-06
29900 2.99000000e+03 4.32077513e-06 6.22962580e-06 7.58138083e-06
30000 3.00000000e+03 4.32077513e-06 6.22962580e-06 7.58138083e-06
30100 3.01000000e+03 4.32077513e-06 6.22962580e-06 7.58138083e-06
30200 3.02000000e+03 4.32077513e-06 6.22962580e-06 7.58138083e-06
30300 3.03000000e+03 4.32077513e-06 6.22962580e-06 7.58138083e-06
30400 3.04000000e+03 4.32077513e-06 6.22962580e-06 7.58138083e-06
30500 3.05000000e+03 4.32077513e-06 6.22962580e-06 7.58138083e-06
30600 3.06000000e+03 4.32077513e-06 6.22962580e-06 7.58138083e-06
30700 3.07000000e+03 4.32077513e-06 6.22962580e-06 7.58138083e-06
30800 3.08000000e+03 4.32077513e-06 6.22962580e-06 7.58138083e-06
30900 3.09000000e+03 4.32077513e-06 6.22962580e-06 7.58138083e-06
31000 3.10000000e+03 4.32077513e-06 6.22962580e-06 7.58138083e-06
31100 3.11000000e+03 4.32077513e-06 6.22962580e-06 7.58138083e-06
31200 3.12000000e+03 4.32077513e-06 6.22962580e-06 7.58138083e-06
31300 3.13000000e+03 4.32077513e-06 6.22962580e-06 7.58138083e-06
31400 3.14000000e+03 4.32077513e-06 6.22962580e-06 7.58138083e-06
31500 3.15000000e+03 4.32077513e-06 6.22962580e-06 7.58138083e-06
31600 3.16000000e+03 4.32077513e-06 6.22962580e-06 7.58138083e-06
31700 3.17000000e+03 4.32077513e-06 6.22962580e-06 7.58138083e-06
31800 3.18000000e+03 4.32077513e-06 6.22962580e-06 7.58138083e-06
31900 3.19000000e+03 4.32077513e-06 6.22962580e-06 7.58138083e-06
32000 3.20000000e+03 4.32077513e-06 6.22962580e-06 7.58138083e-06
32100 3.21000000e+03 4.32077513e-06 6.22962580e-06 7.58138083e-06
32200 3.22000000e+03 4.32077513e-06 6.22962580e-06 7.58138083e-06
32300 3.23000000e+03 4.32077513e-06 6.22962580e-06 7.58138083e-06
32400 3.24000000e+03 4.32077513e-06 6.22962580e-06 7.58138083e-06
32500 3.25000000e+03 4.32077513e-06 6.22962580e-06 7.58138083e-06
32600 3.26000000e+03 4.32077513e-06 6.22962580e-06 7.58138083e-06
32700 3.27000000e+03 4.32077513e-06 6.22962580e-06 7.58138083e-06
32800 3.28000000e+03 4.32077513e-06 6.22962580e-06 7.58138083e-06
32900 3.29000000e+03 4.32077513e-06 6.22962580e-06 7.58138083e-06
33000 3.30000000e+03 4.32077513e-06 6.22962580e-06 7.58138083e-06
33100 3.31000000e+03 4.32077513e-06 6.22962580e-06 7.58138083e-06
33200 3.32000000e+03 4.32077513e-06 6.22962580e-06 7.58138083e-06
33300 3.33000000e+03 4.32077513e-06 6.22962580e-06 7.58138083e-06
33400 3.34000000e+03 4.32077513e-06 6.22962580e-06 7.58138083e-06
33500 3.35000000e+03 4.32077513e-06 6.22962580e-06 7.58138083e-06
33600 3.36000000e+03 4.32077513e-06 6.22962580e-06 7.58138083e-06
33700 3.37000000e+03 4.32077513e-06 6.22962580e-06 7.58138083e-06
33800 3.38000000e+03 4.32077513e-06 6.22962580e-06 7.58138083e-06
33900 3.39000000e+03 4.32077513e-06 6.22962580e-06 7.58138083e-06
34000 3.40000000e+03 4.32077513e-06 6.22962580e-06 7.58138083e-06
34100 3.41000000e+03 4.32077513e-06 6.22962580e-06 7.58138083e-06
34200 3.42000000e+03 4.32077513e-06 6.22962580e-06 7.58138083e-06
34300 3.43000000e+03 4.32077513e-06 6.22962580e-06 7.58138083e-06
34400 3.44000000e+03 4.32077513e-06 6.22962580e-06 7.58138083e-06
34500 3.45000000e+03 4.32077513e-06 6.22962580e-06 7.58138083e-06
34600 3.46000000e+03 4.32077513e-06 6.22962580e-06 7.58138083e-06
34700 3.47000000e+03 4.32077513e-06 6.22962580e-06 7.58138083e-06
34800 3.48000000e+03 4.32077513e-06 6.22962580e-06 7.58138083e-06
34900 3.49000000e+03 4.32077513e-06 6.22962580e-06 7.58138083e-06
35000 3.50000000e+03 4.32077513e-06 6.22962580e-06 7.58138083e-06
35100 3.51000000e+03 4.32077513e-06 6.22962580e-06 7.58138083e-06
35200 3.52000000e+03 4.32077513e-06 6.22962580e-06 7.58138083e-06
35300 3.53000000e+03 4.32077513e-06 6.22962580e-06 7.58138083e-06
35400 3.54000000e+03 4.32077513e-06 6.22962580e-06 7.58138083e-06
35500 3.55000000e+03 4.32077513e-06 6.22962580e-06 7.58138083e-06
35600 3.56000000e+03 4.32077513e-06 6.22962580e-06 7.58138083e-06
35700 3.57000000e+03 4.32077513e-06 6.22962580e-06 7.58138083e-06
35800 3.58000000e+03 4.32077513e-06 6.22962580e-06 7.58138083e-06
35900 3.59000000e+03 4.32077513e-06 6.22962580e-06 7.58138083e-06
36000 3.60000000e+03 4.32077513e-06 6.22962580e-06 7.58138083e-06
36100 3.61000000e+03 4.32077513e-06 6.22962580e-06 7.58138083e-06
36200 3.62000000e+03 4.32077513e-06 6.22962580e-06 7.58138083e-06
36300 3.63000000e+03 4.32077513e-06 6.22962580e-06 7.58138083e-06
36400 3.64000000e+03 4.32077513e-06 6.22962580e-06 7.58138083e-06
36500 3.65000000e+03 4.32077513e-06 6.22962580e-06 7.58138083e-06
36600 3.66000000e+03 4.32077513e-06 6.22962580e-06 7.58138083e-06
36700 3.67000000e+03 4.32077513e-06 6.22962580e-06 7.58138083e-06
36800 3.68000000e+03 4.32077513e-06 6.22962580e-06 7.58138083e-06
36900 3.69000000e+03 4.32077513e-06 6.22962580e-06 7.58138083e-06
37000 3.70000000e+03 4.32077513e-06 6.22962580e-06 7.58138083e-06
37100 3.71000000e+03 4.32077513e-06 6.22962580e-06 7.58138083e-06
37200 3.72000000e+03 4.32077513e-06 6.22962580e-06 7.58138083e-06
37300 3.73000000e+03 4.32077513e-06 6.22962580e-06 7.58138083e-06
37400 3.74000000e+03 4.32077513e-06 6.22962580e-06 7.58138083e-06
37500 3.75000000e+03 4.32077513e-06 6.22962580e-06 7.58138083e-06
37600 3.76000000e+03 4.32077513e-06 6.22962580e-06 7.58138083e-06
37700 3.77000000e+03 4.32077513e-06 6.22962580e-06 7.58138083e-06
37800 3.78000000e+03 4.32077513e-06 6.22962580e-06 7.58138083e-06
37900 3.79000000e+03 4.32077513e-06 6.22962580e-06 7.58138083e-06
38000 3.80000000e+03 4.32077513e-06 6.22962580e-06 7.58138083e-06
38100 3.81000000e+03 4.32077513e-06 6.22962580e-06 7.58138083e-06
38200 3.82000000e+03 4.32077513e-06 6.22962580e-06 7.58138083e-06
38300 3.83000000e+03 4.32077513e-06 6.22962580e-06 7.58138083e-06
38400 3.84000000e+03 4.32077513e-06 6.22962580e-06 7.58138083e-06
38500 3.85000000e+03 4.32077513e-06 6.22962580e-06 7.58138083e-06
38600 3.86000000e+03 4.32077513e-06 6.22962580e-06 7.58138083e-06
38700 3.87000000e+03 4.32077513e-06 6.22962580e-06 7.58138083e-06
38800 3.88000000e+03 4.32077513e-06 6.22962580e-06 7.58138083e-06
38900 3.89000000e+03 4.32077513e-06 6.22962580e-06 7.58138083e-06
39000 3.90000000e+03 4.32077513e-06 6.22962580e-06 7.58138083e-06
39100 3.91000000e+03 4.32077513e-06 6.22962580e-06 7.58138083e-06
39200 3.92000000e+03 4.32077513e-06 6.22962580e-06 7.58138083e-06
39300 3.93000000e+03 4.32077513e-06 6.22962580e-06 7.58138083e-06
39400 3.94000000e+03 4.32077513e-06 6.22962580e-06 7.58138083e-06
39500 3.95000000e+03 4.32077513e-06 6.22962580e-06 7.58138083e-06
39600 3.96000000e+03 4.32077513e-06 6.22962580e-06 7.58138083e-06
39700 3.97000000e+03 4.32077513e-06 6.22962580e-06 7.58138083e-06
39800 3.98000000e+03 4.32077513e-06 6.22962580e-06 7.58138083e-06
39900 3.99000000e+03 4.32077513e-06 6.22962580e-06 7.58138083e-06
40000 4.00000000e+03 4.32077513e-06 6.22962580e-06 7.58138083e-06
40100 4.01000000e+03 4.32077513e-06 6.22962580e-06 7.58138083e-06
40200 4.02000000e+03 4.32077513e-06 6.22962580e-06 7.58138083e-06
40300 4.03000000e+03 4.32077513e-06 6.22962580e-06 7.58138083e-06
40400 4.04000000e+03 4.32077513e-06 6.22962580e-06 7.58138083e-06
40500 4.05000000e+03 4.32077513e-06 6.22962580e-06 7.58138083e-06
40600 4.06000000e+03 4.32077513e-06 6.22962580e-06 7.58138083e-06
40700 4.07000000e+03 4.32077513e-06 6.22962580e-06 7.58138083e-06
40800 4.08000000e+03 4.32077513e-06 6.22962580e-06 7.58138083e-06
40900 4.09000000e+03 4.32077513e-06 6.22962580e-06 7.58138083e-06
41000 4.10000000e+03 4.32077513e-06 6.22962580e-06 7.58138083e-06
41100 4.11000000e+03 4.32077513e-06 6.22962580e-06 7.58138083e-06
41200 4.12000000e+03 4.32077513e-06 6.22962580e-06 7.58138083e-06
41300 4.13000000e+03 4.32077513e-06 6.22962580e-06 7.58138083e-06
41400 4.14000000e+03 4.32077513e-06 6.22962580e-06 7.58138083e-06
41500 4.15000000e+03 4.32077513e-06 6.22962580e-06 7.58138083e-06
41600 4.16000000e+03 4.32077513e-06 6.22962580e-06 7.58138083e-06
41700 4.17000000e+03 4.32077513e-06 6.22962580e-06 7.58138083e-06
41800 4.18000000e+03 4.32077513e-06 6.22962580e-06 7.58138083e-06
41900 4.19000000e+03 4.32077513e-06 6.22962580e-06 7.58138083e-06
42000 4.20000000e+03 4.32077513e-06 6.22962580e-06 7.58138083e-06
42100 4.21000000e+03 4.32077513e-06 6.22962580e-06 7.58138083e-06
42200 4.22000000e+03 4.32077513e-06 6.22962580e-06 7.58138083e-06
42300 4.23000000e+03 4.32077513e-06 6.22962580e-06 7.58138083e-06
42400 4.24000000e+03 4.32077513e-06 6.22962580e-06 7.58138083e-06
42500 4.25000000e+03 4.32077513e-06 6.22962580e-06 7.58138083e-06
42600 4.26000000e+03 4.32077513e-06 6.22962580e-06 7.58138083e-06
42700 4.27000000e+03 4.32077513e-06 6.22962580e-06 7.58138083e-06
42800 4.28000000e+03 4.32077513e-06 6.22962580e-06 7.58138083e-06
42900 4.29000000e+03 4.32077513e-06 6.22962580e-06 7.58138083e-06
43000 4.30000000e+03 4.32077513e-06 6.22962580e-06 7.58138083e-06
43100 4.31000000e+03 4.32077513e-06 6.22962580e-06 7.58138083e-06
43200 4.32000000e+03 4.32077513e-06 6.22962580e-06 7.58138083e-06
43300 4.33000000e+03 4.32077513e-06 6.22962580e-06 7.58138083e-06
43400 4.34000000e+03 4.32077513e-06 6.22962580e-06 7.58138083e-06
43500 4.35000000e+03 4.32077513e-06 6.22962580e-06 7.58138083e-06
43600 4.36000000e+03 4.32077513e-06 6.22962580e-06 7.58138083e-06
43700 4.37000000e+03 4.32077513e-06 6.22962580e-06 7.58138083e-06
43800 4.38000000e+03 4.32077513e-06 6.22962580e-06 7.58138083e-06
43900 4.39000000e+03 4.32077513e-06 6.22962580e-06 7.58138083e-06
44000 4.40000000e+03 4.32077513e-06 6.22962580e-06 7.58138083e-06
44100 4.41000000e+03 4.32077513e-06 6.22962580e-06 7.58138083e-06
44200 4.42000000e+03 4.32077513e-06 6.22962580e-06 7.58138083e-06
44300 4.43000000e+03 4.32077513e-06 6.22962580e-06 7.58138083e-06
44400 4.44000000e+03 4.32077513e-06 6.22962580e-06 7.58138083e-06
44500 4.45000000e+03 4.32077513e-06 6.22962580e-06 7.58138083e-06
44600 4.46000000e+03 4.32077513e-06 6.22962580e-06 7.58138083e-06
44700 4.47000000e+03 4.32077513e-06 6.22962580e-06 7.58138083e-06
44800 4.48000000e+03 4.32077513e-06 6.22962580e-06 7.58138083e-06
44900 4.49000000e+03 4.32077513e-06 6.22962580e-06 7.58138083e-06
45000 4.50000000e+03 4.32077513e-06 6.22962580e-06 7.58138083e-06
45100 4.51000000e+03 4.32077513e-06 6.22962580e-06 7.58138083e-06
45200 4.52000000e+03 4.32077513e-06 6.22962580e-06 7.58138083e-06
45300 4.53000000e+03 4.32077513e-06 6.22962580e-06 7.58138083e-06
45400 4.54000000e+03 4.32077513e-06 6.22962580e-06 7.58138083e-06
45500 4.55000000e+03 4.32077513e-06 6.22962580e-06 7.58138083e-06
45600 4.56000000e+03 4.32077513e-06 6.22962580e-06 7.58138083e-06
45700 4.57000000e+03 4.32077513e-06 6.22962580e-06 7.58138083e-06
45800 4.58000000e+03 4.32077513e-06 6.22962580e-06 7.58138083e-06
45900 4.59000000e+03 4.32077513e-06 6.22962580e-06 7.58138083e-06
46000 4.60000000e+03 4.32077513e-06 6.22962580e-06 7.58138083e-06
46100 4.61000000e+03 4.32077513e-06 6.22962580e-06 7.58138083e-06
46200 4.62000000e+03 4.32077513e-06 6.22962580e-06 7.58138083e-06
46300 4.63000000e+03 4.32077513e-06 6.22962580e-06 7.58138083e-06
46400 4.64000000e+03 4.32077513e-06 6.22962580e-06 7.58138083e-06
46500 4.65000000e+03 4.32077513e-06 6.22962580e-06 7.58138083e-06
46600 4.66000000e+03 4.32077513e-06 6.22962580e-06 7.58138083e-06
46700 4.67000000e+03 4.32077513e-06 6.22962580e-06 7.58138083e-06
46800 4.68000000e+03 4.32077513e-06 6.22962580e-06 7.58138083e-06
46900 4.69000000e+03 4.32077513e-06 6.22962580e-06 7.58138083e-06
47000 4.70000000e+03 4.32077513e-06 6.22962580e-06 7.58138083e-06
47100 4.71000000e+03 4.32077513e-06 6.22962580e-06 7.58138083e-06
47200 4.72000000e+03 4.32077513e-06 6.22962580e-06 7.58138083e-06
47300 4.73000000e+03 4.32077513e-06 6.22962580e-06 7.58138083e-06
47400 4.74000000e+03 4.32077513e-06 6.22962580e-06 7.58138083e-06
47500 4.75000000e+03 4.32077513e-06 6.22962580e-06 7.58138083e-06
47600 4.76000000e+03 4.32077513e-06 6.22962580e-06 7.58138083e-06
47700 4.77000000e+03 4.32077513e-06 6.22962580e-06 7.58138083e-06
47800 4.78000000e+03 4.32077513e-06 6.22962580e-06 7.58138083e-06
47900 4.79000000e+03 4.32077513e-06 6.22962580e-06 7.58138083e-06
48000 4.80000000e+03 4.32077513e-06 6.22962580e-06 7.58138083e-06
48100 4.81000000e+03 4.32077513e-06 6.22962580e-06 7.58138083e-06
48200 4.82000000e+03 4.32077513e-06 6.22962580e-06 7.58138083e-06
48300 4.83000000e+03 4.32077513e-06 6.22962580e-06 7.58138083e-06
48400 4.84000000e+03 4.32077513e-06 6.22962580e-06 7.58138083e-06
48500 4.85000000e+03 4.32077513e-06 6.22962580e-06 7.58138083e-06
48600 4.86000000e+03 4.32077513e-06 6.22962580e-06 7.58138083e-06
48700 4.87000000e+03 4.32077513e-06 6.22962580e-06 7.58138083e-06
48800 4.88000000e+03 4.32077513e-06 6.22962580e-06 7.58138083e-06
48900 4.89000000e+03 4.32077513e-06 6.22962580e-06 7.58138083e-06
49000 4.90000000e+03 4.32077513e-06 6.22962580e-06 7.58138083e-06
49100 4.91000000e+03 4.32077513e-06 6.22962580e-06 7.58138083e-06
49200 4.92000000e+03 4.32077513e-06 6.22962580e-06 7.58138083e-06
49300 4.93000000e+03 4.32077513e-06 6.22962580e-06 7.58138083e-06
49400 4.94000000e+03 4.32077513e-06 6.22962580e-06 7.58138083e-06
49500 4.95000000e+03 4.32077513e-06 6.22962580e-06 7.58138083e-06
49600 4.96000000e+03 4.32077513e-06 6.22962580e-06 7.58138083e-06
49700 4.97000000e+03 4.32077513e-06 6.22962580e-06 7.58138083e-06
49800 4.98000000e+03 4.32077513e-06 6.22962580e-06 7.58138083e-06
49900 4.99000000e+03 4.32077513e-06 6.22962580e-06 7.58138083e-06
50000 5.00000000e+03 4.32077513e-06 6.22962580e-06 7.58138083e-06
50100 5.01000000e+03 4.32077513e-06 6.22962580e-06 7.58138083e-06
50200 5.02000000e+03 4.32077513e-06 6.22962580e-06 7.58138083e-06
50300 5.03000000e+03 4.32077513e-06 6.22962580e-06 7.58138083e-06
50400 5.04000000e+03 4.32077513e-06 6.22962580e-06 7.58138083e-06
50500 5.05000000e+03 4.32077513e-06 6.22962580e-06 7.58138083e-06
50600 5.06000000e+03 4.32077513e-06 6.22962580e-06 7.58138083e-06
50700 5.07000000e+03 4.32077513e-06 6.22962580e-06 7.58138083e-06
50800 5.08000000e+03 4.32077513e-06 6.22962580e-06 7.58138083e-06
50900 5.09000000e+03 4.32077513e-06 6.22962580e-06 7.58138083e-06
51000 5.10000000e+03 4.32077513e-06 6.22962580e-06 7.58138083e-06
51100 5.11000000e+03 4.32077513e-06 6.22962580e-06 7.58138083e-06
51200 5.12000000e+03 4.32077513e-06 6.22962580e-06 7.58138083e-06
51300 5.13000000e+03 4.32077513e-06 6.22962580e-06 7.58138083e-06
51400 5.14000000e+03 4.32077513e-06 6.22962580e-06 7.58138083e-06
51500 5.15000000e+03 4.32077513e-06 6.22962580e-06 7.58138083e-06
51600 5.16000000e+03 4.32077513e-06 6.22962580e-06 7.58138083e-06
51700 5.17000000e+03 4.32077513e-06 6.22962580e-06 7.58138083e-06
51800 5.18000000e+03 4.32077513e-06 6.22962580e-06 7.58138083e-06
51900 5.19000000e+03 4.32077513e-06 6.22962580e-06 7.58138083e-06
52000 5.20000000e+03 4.32077513e-06 6.22962580e-06 7.58138083e-06
52100 5.21000000e+03 4.32077513e-06 6.22962580e-06 7.58138083e-06
52200 5.22000000e+03 4.32077513e-06 6.22962580e-06 7.58138083e-06
52300 5.23000000e+03 4.32077513e-06 6.22962580e-06 7.58138083e-06
52400 5.24000000e+03 4.32077513e-06 6.22962580e-06 7.58138083e-06
52500 5.25000000e+03 4.32077513e-06 6.22962580e-06 7.58138083e-06
52600 5.26000000e+03 4.32077513e-06 6.22962580e-06 7.58138083e-06
52700 5.27000000e+03 4.32077513e-06 6.22962580e-06 7.58138083e-06
52800 5.28000000e+03 4.32077513e-06 6.22962580e-06 7.58138083e-06
52900 5.29000000e+03 4.32077513e-06 6.22962580e-06 7.58138083e-06
53000 5.30000000e+03 4.32077513e-06 6.22962580e-06 7.58138083e-06
53100 5.31000000e+03 4.32077513e-06 6.22962580e-06 7.58138083e-06
53200 5.32000000e+03 4.32077513e-06 6.22962580e-06 7.58138083e-06
53300 5.33000000e+03 4.32077513e-06 6.22962580e-06 7.58138083e-06
53400 5.34000000e+03 4.32077513e-06 6.22962580e-06 7.58138083e-06
53500 5.35000000e+03 4.32077513e-06 6.22962580e-06 7.58138083e-06
53600 5.36000000e+03 4.32077513e-06 6.22962580e-06 7.58138083e-06
53700 5.37000000e+03 4.32077513e-06 6.22962580e-06 7.58138083e-06
53800 5.38000000e+03 4.32077513e-06 6.22962580e-06 7.58138083e-06
53900 5.39000000e+03 4.32077513e-06 6.22962580e-06 7.58138083e-06
54000 5.40000000e+03 4.32077513e-06 6.22962580e-06 7.58138083e-06
54100 5.41000000e+03 4.32077513e-06 6.22962580e-06 7.58138083e-06
54200 5.42000000e+03 4.32077513e-06 6.22962580e-06 7.58138083e-06
54300 5.43000000e+03 4.32077513e-06 6.22962580e-06 7.58138083e-06
54400 5.44000000e+03 4.32077513e-06 6.22962580e-06 7.58138083e-06
54500 5.45000000e+03 4.32077513e-06 6.22962580e-06 7.58138083e-06
54600 5.46000000e+03 4.32077513e-06 6.22962580e-06 7.58138083e-06
54700 5.47000000e+03 4.32077513e-06 6.22962580e-06 7.58138083e-06
54800 5.48000000e+03 4.32077513e-06 6.22962580e-06 7.58138083e-06
54900 5.49000000e+03 4.32077513e-06 6.22962580e-06 7.58138083e-06
55000 5.50000000e+03 4.32077513e-06 6.22962580e-06 7.58138083e-06
55100 5.51000000e+03 4.32077513e-06 6.22962580e-06 7.58138083e-06
55200 5.52000000e+03 4.32077513e-06 6.22962580e-06 7.58138083e-06
55300 5.53000000e+03 4.32077513e-06 6.22962580e-06 7.58138083e-06
55400 5.54000000e+03 4.32077513e-06 6.22962580e-06 7.58138083e-06
55500 5.55000000e+03 4.32077513e-06 6.22962580e-06 7.58138083e-06
55600 5.56000000e+03 4.32077513e-06 6.22962580e-06 7.58138083e-06
55700 5.57000000e+03 4.32077513e-06 6.22962580e-06 7.58138083e-06
55800 5.58000000e+03 4.32077513e-06 6.22962580e-06 7.58138083e-06
55900 5.59000000e+03 4.32077513e-06 6.22962580e-06 7.58138083e-06
56000 5.60000000e+03 4.32077513e-06 6.22962580e-06 7.58138083e-06
56100 5.61000000e+03 4.32077513e-06 6.22962580e-06 7.58138083e-06
56200 5.62000000e+03 4.32077513e-06 6.22962580e-06 7.58138083e-06
56300 5.63000000e+03 4.32077513e-06 6.22962580e-06 7.58138083e-06
56400 5.64000000e+03 4.32077513e-06 6.22962580e-06 7.58138083e-06
56500 5.65000000e+03 4.32077513e-06 6.22962580e-06 7.58138083e-06
56600 5.66000000e+03 4.32077513e-06 6.22962580e-06 7.58138083e-06
56700 5.67000000e+03 4.32077513e-06 6.22962580e-06 7.58138083e-06
56800 5.68000000e+03 4.32077513e-06 6.22962580e-06 7.58138083e-06
56900 5.69000000e+03 4.32077513e-06 6.22962580e-06 7.58138083e-06
57000 5.70000000e+03 4.32077513e-06 6.22962580e-06 7.58138083e-06
57100 5.71000000e+03 4.32077513e-06 6.22962580e-06 7.58138083e-06
57200 5.72000000e+03 4.32077513e-06 6.22962580e-06 7.58138083e-06
57300 5.73000000e+03 4.32077513e-06 6.22962580e-06 7.58138083e-06
57400 5.74000000e+03 4.32077513e-06 6.22962580e-06 7.58138083e-06
57500 5.75000000e+03 4.32077513e-06 6.22962580e-06 7.58138083e-06
57600 5.76000000e+03 4.32077513e-06 6.22962580e-06 7.58138083e-06
57700 5.77000000e+03 4.32077513e-06 6.22962580e-06 7.58138083e-06
57800 5.78000000e+03 4.32077513e-06 6.22962580e-06 7.58138083e-06
57900 5.79000000e+03 4.32077513e-06 6.22962580e-06 7.58138083e-06
58000 5.80000000e+03 4.32077513e-06 6.22962580e-06 7.58138083e-06
58100 5.81000000e+03 4.32077513e-06 6.22962580e-06 7.58138083e-06
58200 5.82000000e+03 4.32077513e-06 6.22962580e-06 7.58138083e-06
58300 5.83000000e+03 4.32077513e-06 6.22962580e-06 7.58138083e-06
58400 5.84000000e+03 4.32077513e-06 6.22962580e-06 7.58138083e-06
58500 5.85000000e+03 4.32077513e-06 6.22962580e-06 7.58138083e-06
58600 5.86000000e+03 4.32077513e-06 6.22962580e-06 7.58138083e-06
58700 5.87000000e+03 4.32077513e-06 6.22962580e-06 7.58138083e-06
58800 5.88000000e+03 4.32077513e-06 6.22962580e-06 7.58138083e-06
58900 5.89000000e+03 4.32077513e-06 6.22962580e-06 7.58138083e-06
59000 5.90000000e+03 4.32077513e-06 6.22962580e-06 7.58138083e-06
59100 5.91000000e+03 4.32077513e-06 6.22962580e-06 7.58138083e-06
59200 5.92000000e+03 4.32077513e-06 6.22962580e-06 7.58138083e-06
59300 5.93000000e+03 4.32077513e-06 6.22962580e-06 7.58138083e-06
59400 5.94000000e+03 4.32077513e-06 6.22962580e-06 7.58138083e-06
59500 5.95000000e+03 4.32077513e-06 6.22962580e-06 7.58138083e-06
59600 5.96000000e+03 4.32077513e-06 6.22962580e-06 7.58138083e-06
59700 5.97000000e+03 4.32077513e-06 6.22962580e-06 7.58138083e-06
59800 5.98000000e+03 4.32077513e-06 6.22962580e-06 7.58138083e-06
59900 5.99000000e+03 4.32077513e-06 6.22962580e-06 7.58138083e-06
60000 6.00000000e+03 4.32077513e-06 6.22962580e-06 7.58138083e-06
60100 6.01000000e+03 4.32077513e-06 6.22962580e-06 7.58138083e-06
60200 6.02000000e+03 4.32077513e-06 6.22962580e-06 7.58138083e-06
60300 6.03000000e+03 4.32077513e-06 6.22962580e-06 7.58138083e-06
60400 6.04000000e+03 4.32077513e-06 6.22962580e-06 7.58138083e-06
60500 6.05000000e+03 4.32077513e-06 6.22962580e-06 7.58138083e-06
60600 6.06000000e+03 4.32077513e-06 6.22962580e-06 7.58138083e-06
60700 6.07000000e+03 4.32077513e-06 6.22962580e-06 7.58138083e-06
60800 6.08000000e+03 4.32077513e-06 6.22962580e-06 7.58138083e-06
60900 6.09000000e+03 4.32077513e-06 6.22962580e-06 7.58138083e-06
61000 6.10000000e+03 4.32077513e-06 6.22962580e-06 7.58138083e-06
61100 6.11000000e+03 4.32077513e-06 6.22962580e-06 7.58138083e-06
61200 6.12000000e+03 4.32077513e-06 6.22962580e-06 7.58138083e-06
61300 6.13000000e+03 4.32077513e-06 6.22962580e-06 7.58138083e-06
61400 6.14000000e+03 4.32077513e-06 6.22962580e-06 7.58138083e-06
61500 6.15000000e+03 4.32077513e-06 6.22962580e-06 7.58138083e-06
61600 6.16000000e+03 4.32077513e-06 6.22962580e-06 7.58138083e-06
61700 6.17000000e+03 4.32077513e-06 6.22962580e-06 7.58138083e-06
61800 6.18000000e+03 4.32077513e-06 6.22962580e-06 7.58138083e-06
61900 6.19000000e+03 4.32077513e-06 6.22962580e-06 7.58138083e-06
62000 6.20000000e+03 4.32077513e-06 6.22962580e-06 7.58138083e-06
62100 6.21000000e+03 4.32077513e-06 6.22962580e-06 7.58138083e-06
62200 6.22000000e+03 4.32077513e-06 6.22962580e-06 7.58138083e-06
62300 6.23000000e+03 4.32077513e-06 6.22962580e-06 7.58138083e-06
62400 6.24000000e+03 4.32077513e-06 6.22962580e-06 7.58138083e-06
62500 6.25000000e+03 4.32077513e-06 6.22962580e-06 7.58138083e-06
62600 6.26000000e+03 4.32077513e-06 6.22962580e-06 7.58138083e-06
62700 6.27000000e+03 4.32077513e-06 6.22962580e-06 7.58138083e-06
62800 6.28000000e+03 4.32077513e-06 6.22962580e-06 7.58138083e-06
62900 6.29000000e+03 4.32077513e-06 6.22962580e-06 7.58138083e-06
63000 6.30000000e+03 4.32077513e-06 6.22962580e-06 7.58138083e-06
63100 6.31000000e+03 4.32077513e-06 6.22962580e-06 7.58138083e-06
63200 6.32000000e+03 4.32077513e-06 6.22962580e-06 7.58138083e-06
63300 6.33000000e+03 4.32077513e-06 6.22962580e-06 7.58138083e-06
63400 6.34000000e+03 4.32077513e-06 6.22962580e-06 7.58138083e-06
63500 6.35000000e+03 4.32077513e-06 6.22962580e-06 7.58138083e-06
63600 6.36000000e+03 4.32077513e-06 6.22962580e-06 7.58138083e-06
63700 6.37000000e+03 4.32077513e-06 6.22962580e-06 7.58138083e-06
63800 6.38000000e+03 4.32077513e-06 6.22962580e-06 7.58138083e-06
63900 6.39000000e+03 4.32077513e-06 6.22962580e-06 7.58138083e-06
64000 6.40000000e+03 4.32077513e-06 6.22962580e-06 7.58138083e-06
64100 6.41000000e+03 4.32077513e-06 6.22962580e-06 7.58138083e-06
64200 6.42000000e+03 4.32077513e-06 6.22962580e-06 7.58138083e-06
64300 6.43000000e+03 4.32077513e-06 6.22962580e-06 7.58138083e-06
64400 6.44000000e+03 4.32077513e-06 6.22962580e-06 7.58138083e-06
64500 6.45000000e+03 4.32077513e-06 6.22962580e-06 7.58138083e-06
64600 6.46000000e+03 4.32077513e-06 6.22962580e-06 7.58138083e-06
64700 6.47000000e+03 4.32077513e-06 6.22962580e-06 7.58138083e-06
64800 6.48000000e+03 4.32077513e-06 6.22962580e-06 7.58138083e-06
64900 6.49000000e+03 4.32077513e-06 6.22962580e-06 7.58138083e-06
65000 6.50000000e+03 4.32077513e-06 6.22962580e-06 7.58138083e-06
65100 6.51000000e+03 4.32077513e-06 6.22962580e-06 7.58138083e-06
65200 6.52000000e+03 4.32077513e-06 6.22962580e-06 7.58138083e-06
65300 6.53000000e+03 4.32077513e-06 6.22962580e-06 7.58138083e-06
65400 6.54000000e+03 4.32077513e-06 6.22962580e-06 7.58138083e-06
65500 6.55000000e+03 4.32077513e-06 6.22962580e-06 7.58138083e-06
65600 6.56000000e+03 4.32077513e-06 6.22962580e-06 7.58138083e-06
65700 6.57000000e+03 4.32077513e-06 6.22962580e-06 7.58138083e-06
65800 6.58000000e+03 4.32077513e-06 6.22962580e-06 7.58138083e-06
65900 6.59000000e+03 4.32077513e-06 6.22962580e-06 7.58138083e-06
66000 6.60000000e+03 4.32077513e-06 6.22962580e-06 7.58138083e-06
66100 6.61000000e+03 4.32077513e-06 6.22962580e-06 7.58138083e-06
66200 6.62000000e+03 4.32077513e-06 6.22962580e-06 7.58138083e-06
66300 6.63000000e+03 4.32077513e-06 6.22962580e-06 7.58138083e-06
66400 6.64000000e+03 4.32077513e-06 6.22962580e-06 7.58138083e-06
66500 6.65000000e+03 4.32077513e-06 6.22962580e-06 7.58138083e-06
66600 6.66000000e+03 4.32077513e-06 6.22962580e-06 7.58138083e-06
66700 6.67000000e+03 4.32077513e-06 6.22962580e-06 7.58138083e-06
66800 6.68000000e+03 4.32077513e-06 6.22962580e-06 7.58138083e-06
66900 6.69000000e+03 4.32077513e-06 6.22962580e-06 7.58138083e-06
67000 6.70000000e+03 4.32077513e-06 6.22962580e-06 7.58138083e-06
67100 6.71000000e+03 4.32077513e-06 6.22962580e-06 7.58138083e-06
67200 6.72000000e+03 4.32077513e-06 6.22962580e-06 7.58138083e-06
67300 6.73000000e+03 4.32077513e-06 6.22962580e-06 7.58138083e-06
67400 6.74000000e+03 4.32077513e-06 6.22962580e-06 7.58138083e-06
67500 6.75000000e+03 4.32077513e-06 6.22962580e-06 7.58138083e-06
67600 6.76000000e+03 4.32077513e-06 6.22962580e-06 7.58138083e-06
67700 6.77000000e+03 4.32077513e-06 6.22962580e-06 7.58138083e-06
67800 6.78000000e+03 4.32077513e-06 6.22962580e-06 7.58138083e-06
67900 6.79000000e+03 4.32077513e-06 6.22962580e-06 7.58138083e-06
68000 6.80000000e+03 4.32077513e-06 6.22962580e-06 7.58138083e-06
68100 6.81000000e+03 4.32077513e-06 6.22962580e-06 7.58138083e-06
68200 6.82000000e+03 4.32077513e-06 6.22962580e-06 7.58138083e-06
68300 6.83000000e+03 4.32077513e-06 6.22962580e-06 7.58138083e-06
68400 6.84000000e+03 4.32077513e-06 6.22962580e-06 7.58138083e-06
68500 6.85000000e+03 4.32077513e-06 6.22962580e-06 7.58138083e-06
68600 6.86000000e+03 4.32077513e-06 6.22962580e-06 7.58138083e-06
68700 6.87000000e+03 4.32077513e-06 6.22962580e-06 7.58138083e-06
68800 6.88000000e+03 4.32077513e-06 6.22962580e-06 7.58138083e-06
68900 6.89000000e+03 4.32077513e-06 6.22962580e-06 7.58138083e-06
69000 6.90000000e+03 4.32077513e-06 6.22962580e-06 7.58138083e-06
69100 6.91000000e+03 4.32077513e-06 6.22962580e-06 7.58138083e-06
69200 6.92000000e+03 4.32077513e-06 6.22962580e-06 7.58138083e-06
69300 6.93000000e+03 4.32077513e-06 6.22962580e-06 7.58138083e-06
69400 6.94000000e+03 4.32077513e-06 6.22962580e-06 7.58138083e-06
69500 6.95000000e+03 4.32077513e-06 6.22962580e-06 7.58138083e-06
69600 6.96000000e+03 4.32077513e-06 6.22962580e-06 7.58138083e-06
69700 6.97000000e+03 4.32077513e-06 6.22962580e-06 7.58138083e-06
69800 6.98000000e+03 4.32077513e-06 6.22962580e-06 7.58138083e-06
69900 6.99000000e+03 4.32077513e-06 6.22962580e-06 7.58138083e-06
70000 7.00000000e+03 4.32077513e-06 6.22962580e-06 7.58138083e-06
70100 7.01000000e+03 4.32077513e-06 6.22962580e-06 7.58138083e-06
70200 7.02000000e+03 4.32077513e-06 6.22962580e-06 7.58138083e-06
70300 7.03000000e+03 4.32077513e-06 6.22962580e-06 7.58138083e-06
70400 7.04000000e+03 4.32077513e-06 6.22962580e-06 7.58138083e-06
70500 7.05000000e+03 4.32077513e-06 6.22962580e-06 7.58138083e-06
70600 7.06000000e+03 4.32077513e-06 6.22962580e-06 7.58138083e-06
70700 7.07000000e+03 4.32077513e-06 6.22962580e-06 7.58138083e-06
70800 7.08000000e+03 4.32077513e-06 6.22962580e-06 7.58138083e-06
70900 7.09000000e+03 4.32077513e-06 6.22962580e-06 7.58138083e-06
71000 7.10000000e+03 4.32077513e-06 6.22962580e-06 7.58138083e-06
71100 7.11000000e+03 4.32077513e-06 6.22962580e-06 7.58138083e-06
71200 7.12000000e+03 4.32077513e-06 6.22962580e-06 7.58138083e-06
71300 7.13000000e+03 4.32077513e-06 6.22962580e-06 7.58138083e-06
71400 7.14000000e+03 4.32077513e-06 6.22962580e-06 7.58138083e-06
71500 7.15000000e+03 4.32077513e-06 6.22962580e-06 7.58138083e-06
71600 7.16000000e+03 4.32077513e-06 6.22962580e-06 7.58138083e-06
71700 7.17000000e+03 4.32077513e-06 6.22962580e-06 7.58138083e-06
71800 7.18000000e+03 4.32077513e-06 6.22962580e-06 7.58138083e-06
71900 7.19000000e+03 4.32077513e-06 6.22962580e-06 7.58138083e-06
72000 7.20000000e+03 4.32077513e-06 6.22962580e-06 7.58138083e-06
72100 7.21000000e+03 4.32077513e-06 6.22962580e-06 7.58138083e-06
72200 7.22000000e+03 4.32077513e-06 6.22962580e-06 7.58138083e-06
72300 7.23000000e+03 4.32077513e-06 6.22962580e-06 7.58138083e-06
72400 7.24000000e+03 4.32077513e-06 6.22962580e-06 7.58138083e-06
72500 7.25000000e+03 4.32077513e-06 6.22962580e-06 7.58138083e-06
72600 7.26000000e+03 4.32077513e-06 6.22962580e-06 7.58138083e-06
72700 7.27000000e+03 4.32077513e-06 6.22962580e-06 7.58138083e-06
72800 7.28000000e+03 4.32077513e-06 6.22962580e-06 7.58138083e-06
72900 7.29000000e+03 4.32077513e-06 6.22962580e-06 7.58138083e-06
73000 7.30000000e+03 4.32077513e-06 6.22962580e-06 7.58138083e-06
73100 7.31000000e+03 4.32077513e-06 6.22962580e-06 7.58138083e-06
73200 7.32000000e+03 4.32077513e-06 6.22962580e-06 7.58138083e-06
73300 7.33000000e+03 4.32077513e-06 6.22962580e-06 7.58138083e-06
73400 7.34000000e+03 4.32077513e-06 6.22962580e-06 7.58138083e-06
73500 7.35000000e+03 4.32077513e-06 6.22962580e-06 7.58138083e-06
73600 7.36000000e+03 4.32077513e-06 6.22962580e-06 7.58138083e-06
73700 7.37000000e+03 4.32077513e-06 6.22962580e-06 7.58138083e-06
73800 7.38000000e+03 4.32077513e-06 6.22962580e-06 7.58138083e-06
73900 7.39000000e+03 4.32077513e-06 6.22962580e-06 7.58138083e-06
74000 7.40000000e+03 4.32077513e-06 6.22962580e-06 7.58138083e-06
74100 7.41000000e+03 4.32077513e-06 6.22962580e-06 7.58138083e-06
74200 7.42000000e+03 4.32077513e-06 6.22962580e-06 7.58138083e-06
74300 7.43000000e+03 4.32077513e-06 6.22962580e-06 7.58138083e-06
74400 7.44000000e+03 4.32077513e-06 6.22962580e-06 7.58138083e-06
74500 7.45000000e+03 4.32077513e-06 6.22962580e-06 7.58138083e-06
74600 7.46000000e+03 4.32077513e-06 6.22962580e-06 7.58138083e-06
74700 7.47000000e+03 4.32077513e-06 6.22962580e-06 7.58138083e-06
74800 7.48000000e+03 4.32077513e-06 6.22962580e-06 7.58138083e-06
74900 7.49000000e+03 4.32077513e-06 6.22962580e-06 7.58138083e-06
75000 7.50000000e+03 4.32077513e-06 6.22962580e-06 7.58138083e-06
75100 7.51000000e+03 4.32077513e-06 6.22962580e-06 7.58138083e-06
75200 7.52000000e+03 4.32077513e-06 6.22962580e-06 7.58138083e-06
75300 7.53000000e+03 4.32077513e-06 6.22962580e-06 7.58138083e-06
75400 7.54000000e+03 4.32077513e-06 6.22962580e-06 7.58138083e-06
75500 7.55000000e+03 4.32077513e-06 6.22962580e-06 7.58138083e-06
75600 7.56000000e+03 4.32077513e-06 6.22962580e-06 7.58138083e-06
75700 7.57000000e+03 4.32077513e-06 6.22962580e-06 7.58138083e-06
75800 7.58000000e+03 4.32077513e-06 6.22962580e-06 7.58138083e-06
75900 7.59000000e+03 4.32077513e-06 6.22962580e-06 7.58138083e-06
76000 7.60000000e+03 4.32077513e-06 6.22962580e-06 7.58138083e-06
76100 7.61000000e+03 4.32077513e-06 6.22962580e-06 7.58138083e-06
76200 7.62000000e+03 4.32077513e-06 6.22962580e-06 7.58138083e-06
76300 7.63000000e+03 4.32077513e-06 6.22962580e-06 7.58138083e-06
76400 7.64000000e+03 4.32077513e-06 6.22962580e-06 7.58138083e-06
76500 7.65000000e+03 4.32077513e-06 6.22962580e-06 7.58138083e-06
76600 7.66000000e+03 4.32077513e-06 6.22962580e-06 7.58138083e-06
76700 7.67000000e+03 4.32077513e-06 6.22962580e-06 7.58138083e-06
76800 7.68000000e+03 4.32077513e-06 6.22962580e-06 7.58138083e-06
76900 7.69000000e+03 4.32077513e-06 6.22962580e-06 7.58138083e-06
77000 7.70000000e+03 4.32077513e-06 6.22962580e-06 7.58138083e-06
77100 7.71000000e+03 4.32077513e-06 6.22962580e-06 7.58138083e-06
77200 7.72000000e+03 4.32077513e-06 6.22962580e-06 7.58138083e-06
77300 7.73000000e+03 4.32077513e-06 6.22962580e-06 7.58138083e-06
77400 7.74000000e+03 4.32077513e-06 6.22962580e-06 7.58138083e-06
77500 7.75000000e+03 4.32077513e-06 6.22962580e-06 7.58138083e-06
77600 7.76000000e+03 4.32077513e-06 6.22962580e-06 7.58138083e-06
77700 7.77000000e+03 4.32077513e-06 6.22962580e-06 7.58138083e-06
77800 7.78000000e+03 4.32077513e-06 6.22962580e-06 7.58138083e-06
77900 7.79000000e+03 4.32077513e-06 6.22962580e-06 7.58138083e-06
78000 7.80000000e+03 4.32077513e-06 6.22962580e-06 7.58138083e-06
78100 7.81000000e+03 4.32077513e-06 6.22962580e-06 7.58138083e-06
78200 7.82000000e+03 4.32077513e-06 6.22962580e-06 7.58138083e-06
78300 7.83000000e+03 4.32077513e-06 6.22962580e-06 7.58138083e-06
78400 7.84000000e+03 4.32077513e-06 6.22962580e-06 7.58138083e-06
78500 7.85000000e+03 4.32077513e-06 6.22962580e-06 7.58138083e-06
78600 7.86000000e+03 4.32077513e-06 6.22962580e-06 7.58138083e-06
78700 7.87000000e+03 4.32077513e-06 6.22962580e-06 7.58138083e-06
78800 7.88000000e+03 4.32077513e-06 6.22962580e-06 7.58138083e-06
78900 7.89000000e+03 4.32077513e-06 6.22962580e-06 7.58138083e-06
79000 7.90000000e+03 4.32077513e-06 6.22962580e-06 7.58138083e-06
79100 7.91000000e+03 4.32077513e-06 6.22962580e-06 7.58138083e-06
79200 7.92000000e+03 4.32077513e-06 6.22962580e-06 7.58138083e-06
79300 7.93000000e+03 4.32077513e-06 6.22962580e-06 7.58138083e-06
79400 7.94000000e+03 4.32077513e-06 6.22962580e-06 7.58138083e-06
79500 7.95000000e+03 4.32077513e-06 6.22962580e-06 7.58138083e-06
79600 7.96000000e+03 4.32077513e-06 6.22962580e-06 7.58138083e-06
79700 7.97000000e+03 4.32077513e-06 6.22962580e-06 7.58138083e-06
79800 7.98000000e+03 4.32077513e-06 6.22962580e-06 7.58138083e-06
79900 7.99000000e+03 4.32077513e-06 6.22962580e-06 7.58138083e-06
80000 8.00000000e+03 4.32077513e-06 6.22962580e-06 7.58138083e-06
80100 8.01000000e+03 4.32077513e-06 6.22962580e-06 7.58138083e-06
80200 8.02000000e+03 4.32077513e-06 6.22962580e-06 7.58138083e-06
80300 8.03000000e+03 4.32077513e-06 6.22962580e-06 7.58138083e-06
80400 8.04000000e+03 4.32077513e-06 6.22962580e-06 7.58138083e-06
80500 8.05000000e+03 4.32077513e-06 6.22962580e-06 7.58138083e-06
80600 8.06000000e+03 4.32077513e-06 6.22962580e-06 7.58138083e-06
80700 8.07000000e+03 4.32077513e-06 6.22962580e-06 7.58138083e-06
80800 8.08000000e+03 4.32077513e-06 6.22962580e-06 7.58138083e-06
80900 8.09000000e+03 4.32077513e-06 6.22962580e-06 7.58138083e-06
81000 8.10000000e+03 4.32077513e-06 6.22962580e-06 7.58138083e-06
81100 8.11000000e+03 4.32077513e-06 6.22962580e-06 7.58138083e-06
81200 8.12000000e+03 4.32077513e-06 6.22962580e-06 7.58138083e-06
81300 8.13000000e+03 4.32077513e-06 6.22962580e-06 7.58138083e-06
81400 8.14000000e+03 4.32077513e-06 6.22962580e-06 7.58138083e-06
81500 8.15000000e+03 4.32077513e-06 6.22962580e-06 7.58138083e-06
81600 8.16000000e+03 4.32077513e-06 6.22962580e-06 7.58138083e-06
81700 8.17000000e+03 4.32077513e-06 6.22962580e-06 7.58138083e-06
81800 8.18000000e+03 4.32077513e-06 6.22962580e-06 7.58138083e-06
81900 8.19000000e+03 4.32077513e-06 6.22962580e-06 7.58138083e-06
82000 8.20000000e+03 4.32077513e-06 6.22962580e-06 7.58138083e-06
82100 8.21000000e+03 4.32077513e-06 6.22962580e-06 7.58138083e-06
82200 8.22000000e+03 4.32077513e-06 6.22962580e-06 7.58138083e-06
82300 8.23000000e+03 4.32077513e-06 6.22962580e-06 7.58138083e-06
82400 8.24000000e+03 4.32077513e-06 6.22962580e-06 7.58138083e-06
82500 8.25000000e+03 4.32077513e-06 6.22962580e-06 7.58138083e-06
82600 8.26000000e+03 4.32077513e-06 6.22962580e-06 7.58138083e-06
82700 8.27000000e+03 4.32077513e-06 6.22962580e-06 7.58138083e-06
82800 8.28000000e+03 4.32077513e-06 6.22962580e-06 7.58138083e-06
82900 8.29000000e+03 4.32077513e-06 6.22962580e-06 7.58138083e-06
83000 8.30000000e+03 4.32077513e-06 6.22962580e-06 7.58138083e-06
83100 8.31000000e+03 4.32077513e-06 6.22962580e-06 7.58138083e-06
83200 8.32000000e+03 4.32077513e-06 6.22962580e-06 7.58138083e-06
83300 8.33000000e+03 4.32077513e-06 6.22962580e-06 7.58138083e-06
83400 8.34000000e+03 4.32077513e-06 6.22962580e-06 7.58138083e-06
83500 8.35000000e+03 4.32077513e-06 6.22962580e-06 7.58138083e-06
83600 8.36000000e+03 4.32077513e-06 6.22962580e-06 7.58138083e-06
83700 8.37000000e+03 4.32077513e-06 6.22962580e-06 7.58138083e-06
83800 8.38000000e+03 4.32077513e-06 6.22962580e-06 7.58138083e-06
83900 8.39000000e+03 4.32077513e-06 6.22962580e-06 7.58138083e-06
84000 8.40000000e+03 4.32077513e-06 6.22962580e-06 7.58138083e-06
84100 8.41000000e+03 4.32077513e-06 6.22962580e-06 7.58138083e-06
84200 8.42000000e+03 4.32077513e-06 6.22962580e-06 7.58138083e-06
84300 8.43000000e+03 4.32077513e-06 6.22962580e-06 7.58138083e-06
84400 8.44000000e+03 4.32077513e-06 6.22962580e-06 7.58138083e-06
84500 8.45000000e+03 4.32077513e-06 6.22962580e-06 7.58138083e-06
84600 8.46000000e+03 4.32077513e-06 6.22962580e-06 7.58138083e-06
84700 8.47000000e+03 4.32077513e-06 6.22962580e-06 7.58138083e-06
84800 8.48000000e+03 4.32077513e-06 6.22962580e-06 7.58138083e-06
84900 8.49000000e+03 4.32077513e-06 6.22962580e-06 7.58138083e-06
85000 8.50000000e+03 4.32077513e-06 6.22962580e-06 7.58138083e-06
85100 8.51000000e+03 4.32077513e-06 6.22962580e-06 7.58138083e-06
85200 8.52000000e+03 4.32077513e-06 6.22962580e-06 7.58138083e-06
85300 8.53000000e+03 4.32077513e-06 6.22962580e-06 7.58138083e-06
85400 8.54000000e+03 4.32077513e-06 6.22962580e-06 7.58138083e-06
85500 8.55000000e+03 4.32077513e-06 6.22962580e-06 7.58138083e-06
85600 8.56000000e+03 4.32077513e-06 6.22962580e-06 7.58138083e-06
85700 8.57000000e+03 4.32077513e-06 6.22962580e-06 7.58138083e-06
85800 8.58000000e+03 4.32077513e-06 6.22962580e-06 7.58138083e-06
85900 8.59000000e+03 4.32077513e-06 6.22962580e-06 7.58138083e-06
86000 8.60000000e+03 4.32077513e-06 6.22962580e-06 7.58138083e-06
86100 8.61000000e+03 4.32077513e-06 6.22962580e-06 7.58138083e-06
86200 8.62000000e+03 4.32077513e-06 6.22962580e-06 7.58138083e-06
86300 8.63000000e+03 4.32077513e-06 6.22962580e-06 7.58138083e-06
86400 8.64000000e+03 4.32077513e-06 6.22962580e-06 7.58138083e-06
86500 8.65000000e+03 4.32077513e-06 6.22962580e-06 7.58138083e-06
86600 8.66000000e+03 4.32077513e-06 6.22962580e-06 7.58138083e-06
86700 8.67000000e+03 4.32077513e-06 6.22962580e-06 7.58138083e-06
86800 8.68000000e+03 4.32077513e-06 6.22962580e-06 7.58138083e-06
86900 8.69000000e+03 4.32077513e-06 6.22962580e-06 7.58138083e-06
87000 8.70000000e+03 4.32077513e-06 6.22962580e-06 7.58138083e-06
87100 8.71000000e+03 4.32077513e-06 6.22962580e-06 7.58138083e-06
87200 8.72000000e+03 4.32077513e-06 6.22962580e-06 7.58138083e-06
87300 8.73000000e+03 4.32077513e-06 6.22962580e-06 7.58138083e-06
87400 8.74000000e+03 4.32077513e-06 6.22962580e-06 7.58138083e-06
87500 8.75000000e+03 4.32077513e-06 6.22962580e-06 7.58138083e-06
87600 8.76000000e+03 4.32077513e-06 6.22962580e-06 7.58138083e-06
87700 8.77000000e+03 4.32077513e-06 6.22962580e-06 7.58138083e-06
87800 8.78000000e+03 4.32077513e-06 6.22962580e-06 7.58138083e-06
87900 8.79000000e+03 4.32077513e-06 6.22962580e-06 7.58138083e-06
88000 8.80000000e+03 4.32077513e-06 6.22962580e-06 7.58138083e-06
88100 8.81000000e+03 4.32077513e-06 6.22962580e-06 7.58138083e-06
88200 8.82000000e+03 4.32077513e-06 6.22962580e-06 7.58138083e-06
88300 8.83000000e+03 4.32077513e-06 6.22962580e-06 7.58138083e-06
88400 8.84000000e+03 4.32077513e-06 6.22962580e-06 7.58138083e-06
88500 8.85000000e+03 4.32077513e-06 6.22962580e-06 7.58138083e-06
88600 8.86000000e+03 4.32077513e-06 6.22962580e-06 7.58138083e-06
88700 8.87000000e+03 4.32077513e-06 6.22962580e-06 7.58138083e-06
88800 8.88000000e+03 4.32077513e-06 6.22962580e-06 7.58138083e-06
88900 8.89000000e+03 4.32077513e-06 6.22962580e-06 7.58138083e-06
89000 8.90000000e+03 4.32077513e-06 6.22962580e-06 7.58138083e-06
89100 8.91000000e+03 4.32077513e-06 6.22962580e-06 7.58138083e-06
89200 8.92000000e+03 4.32077513e-06 6.22962580e-06 7.58138083e-06
89300 8.93000000e+03 4.32077513e-06 6.22962580e-06 7.58138083e-06
89400 8.94000000e+03 4.32077513e-06 6.22962580e-06 7.58138083e-06
89500 8.95000000e+03 4.32077513e-06 6.22962580e-06 7.58138083e-06
89600 8.96000000e+03 4.32077513e-06 6.22962580e-06 7.58138083e-06
89700 8.97000000e+03 4.32077513e-06 6.22962580e-06 7.58138083e-06
89800 8.98000000e+03 4.32077513e-06 6.22962580e-06 7.58138083e-06
89900 8.99000000e+03 4.32077513e-06 6.22962580e-06 7.58138083e-06
90000 9.00000000e+03 4.32077513e-06 6.22962580e-06 7.58138083e-06
90100 9.01000000e+03 4.32077513e-06 6.22962580e-06 7.58138083e-06
90200 9.02000000e+03 4.32077513e-06 6.22962580e-06 7.58138083e-06
90300 9.03000000e+03 4.32077513e-06 6.22962580e-06 7.58138083e-06
90400 9.04000000e+03 4.32077513e-06 6.22962580e-06 7.58138083e-06
90500 9.05000000e+03 4.32077513e-06 6.22962580e-06 7.58138083e-06
90600 9.06000000e+03 4.32077513e-06 6.22962580e-06 7.58138083e-06
90700 9.07000000e+03 4.32077513e-06 6.22962580e-06 7.58138083e-06
90800 9.08000000e+03 4.32077513e-06 6.22962580e-06 7.58138083e-06
90900 9.09000000e+03 4.32077513e-06 6.22962580e-06 7.58138083e-06
91000 9.10000000e+03 4.32077513e-06 6.22962580e-06 7.58138083e-06
91100 9.11000000e+03 4.32077513e-06 6.22962580e-06 7.58138083e-06
91200 9.12000000e+03 4.32077513e-06 6.22962580e-06 7.58138083e-06
91300 9.13000000e+03 4.32077513e-06 6.22962580e-06 7.58138083e-06
91400 9.14000000e+03 4.32077513e-06 6.22962580e-06 7.58138083e-06
91500 9.15000000e+03 4.32077513e-06 6.22962580e-06 7.58138083e-06
91600 9.16000000e+03 4.32077513e-06 6.22962580e-06 7.58138083e-06
91700 9.17000000e+03 4.32077513e-06 6.22962580e-06 7.58138083e-06
91800 9.18000000e+03 4.32077513e-06 6.22962580e-06 7.58138083e-06
91900 9.19000000e+03 4.32077513e-06 6.22962580e-06 7.58138083e-06
92000 9.20000000e+03 4.32077513e-06 6.22962580e-06 7.58138083e-06
92100 9.21000000e+03 4.32077513e-06 6.22962580e-06 7.58138083e-06
92200 9.22000000e+03 4.32077513e-06 6.22962580e-06 7.58138083e-06
92300 9.23000000e+03 4.32077513e-06 6.22962580e-06 7.58138083e-06
92400 9.24000000e+03 4.32077513e-06 6.22962580e-06 7.58138083e-06
92500 9.25000000e+03 4.32077513e-06 6.22962580e-06 7.58138083e-06
92600 9.26000000e+03 4.32077513e-06 6.22962580e-06 7.58138083e-06
92700 9.27000000e+03 4.32077513e-06 6.22962580e-06 7.58138083e-06
92800 9.28000000e+03 4.32077513e-06 6.22962580e-06 7.58138083e-06
92900 9.29000000e+03 4.32077513e-06 6.22962580e-06 7.58138083e-06
93000 9.30000000e+03 4.32077513e-06 6.22962580e-06 7.58138083e-06
93100 9.31000000e+03 4.32077513e-06 6.22962580e-06 7.58138083e-06
93200 9.32000000e+03 4.32077513e-06 6.22962580e-06 7.58138083e-06
93300 9.33000000e+03 4.32077513e-06 6.22962580e-06 7.58138083e-06
93400 9.34000000e+03 4.32077513e-06 6.22962580e-06 7.58138083e-06
93500 9.35000000e+03 4.32077513e-06 6.22962580e-06 7.58138083e-06
93600 9.36000000e+03 4.32077513e-06 6.22962580e-06 7.58138083e-06
93700 9.37000000e+03 4.32077513e-06 6.22962580e-06 7.58138083e-06
93800 9.38000000e+03 4.32077513e-06 6.22962580e-06 7.58138083e-06
93900 9.39000000e+03 4.32077513e-06 6.22962580e-06 7.58138083e-06
94000 9.40000000e+03 4.32077513e-06 6.22962580e-06 7.58138083e-06
94100 9.41000000e+03 4.32077513e-06 6.22962580e-06 7.58138083e-06
94200 9.42000000e+03 4.32077513e-06 6.22962580e-06 7.58138083e-06
94300 9.43000000e+03 4.32077513e-06 6.22962580e-06 7.58138083e-06
94400 9.44000000e+03 4.32077513e-06 6.22962580e-06 7.58138083e-06
94500 9.45000000e+03 4.32077513e-06 6.22962580e-06 7.58138083e-06
94600 9.46000000e+03 4.32077513e-06 6.22962580e-06 7.58138083e-06
94700 9.47000000e+03 4.32077513e-06 6.22962580e-06 7.58138083e-06
94800 9.48000000e+03 4.32077513e-06 6.22962580e-06 7.58138083e-06
94900 9.49000000e+03 4.32077513e-06 6.22962580e-06 7.58138083e-06
95000 9.50000000e+03 4.32077513e-06 6.22962580e-06 7.58138083e-06
95100 9.51000000e+03 4.32077513e-06 6.22962580e-06 7.58138083e-06
95200 9.52000000e+03 4.32077513e-06 6.22962580e-06 7.58138083e-06
95300 9.53000000e+03 4.32077513e-06 6.22962580e-06 7.58138083e-06
95400 9.54000000e+03 4.32077513e-06 6.22962580e-06 7.58138083e-06
95500 9.55000000e+03 4.32077513e-06 6.22962580e-06 7.58138083e-06
95600 9.56000000e+03 4.32077513e-06 6.22962580e-06 7.58138083e-06
95700 9.57000000e+03 4.32077513e-06 6.22962580e-06 7.58138083e-06
95800 9.58000000e+03 4.32077513e-06 6.22962580e-06 7.58138083e-06
95900 9.59000000e+03 4.32077513e-06 6.22962580e-06 7.58138083e-06
96000 9.60000000e+03 4.32077513e-06 6.22962580e-06 7.58138083e-06
96100 9.61000000e+03 4.32077513e-06 6.22962580e-06 7.58138083e-06
96200 9.62000000e+03 4.32077513e-06 6.22962580e-06 7.58138083e-06
96300 9.63000000e+03 4.32077513e-06 6.22962580e-06 7.58138083e-06
96400 9.64000000e+03 4.32077513e-06 6.22962580e-06 7.58138083e-06
96500 9.65000000e+03 4.32077513e-06 6.22962580e-06 7.58138083e-06
96600 9.66000000e+03 4.32077513e-06 6.22962580e-06 7.58138083e-06
96700 9.67000000e+03 4.32077513e-06 6.22962580e-06 7.58138083e-06
96800 9.68000000e+03 4.32077513e-06 6.22962580e-06 7.58138083e-06
96900 9.69000000e+03 4.32077513e-06 6.22962580e-06 7.58138083e-06
97000 9.70000000e+03 4.32077513e-06 6.22962580e-06 7.58138083e-06
97100 9.71000000e+03 4.32077513e-06 6.22962580e-06 7.58138083e-06
97200 9.72000000e+03 4.32077513e-06 6.22962580e-06 7.58138083e-06
97300 9.73000000e+03 4.32077513e-06 6.22962580e-06 7.58138083e-06
97400 9.74000000e+03 4.32077513e-06 6.22962580e-06 7.58138083e-06
97500 9.75000000e+03 4.32077513e-06 6.22962580e-06 7.58138083e-06
97600 9.76000000e+03 4.32077513e-06 6.22962580e-06 7.58138083e-06
97700 9.77000000e+03 4.32077513e-06 6.22962580e-06 7.58138083e-06
97800 9.78000000e+03 4.32077513e-06 6.22962580e-06 7.58138083e-06
97900 9.79000000e+03 4.32077513e-06 6.22962580e-06 7.58138083e-06
98000 9.80000000e+03 4.32077513e-06 6.22962580e-06 7.58138083e-06
98100 9.81000000e+03 4.32077513e-06 6.22962580e-06 7.58138083e-06
98200 9.82000000e+03 4.32077513e-06 6.22962580e-06 7.58138083e-06
98300 9.83000000e+03 4.32077513e-06 6.22962580e-06 7.58138083e-06
98400 9.84000000e+03 4.32077513e-06 6.22962580e-06 7.58138083e-06
98500 9.85000000e+03 4.32077513e-06 6.22962580e-06 7.58138083e-06
98600 9.86000000e+03 4.32077513e-06 6.22962580e-06 7.58138083e-06
98700 9.87000000e+03 4.32077513e-06 6.22962580e-06 7.58138083e-06
98800 9.88000000e+03 4.32077513e-06 6.22962580e-06 7.58138083e-06
98900 9.89000000e+03 4.32077513e-06 6.22962580e-06 7.58138083e-06
99000 9.90000000e+03 4.32077513e-06 6.22962580e-06 7.58138083e-06
99100 9.91000000e+03 4.32077513e-06 6.22962580e-06 7.58138083e-06
99200 9.92000000e+03 4.32077513e-06 6.22962580e-06 7.58138083e-06
99300 9.93000000e+03 4.32077513e-06 6.22962580e-06 7.58138083e-06
99400 9.94000000e+03 4.32077513e-06 6.22962580e-06 7.58138083e-06
99500 9.95000000e+03 4.32077513e-06 6.22962580e-06 7.58138083e-06
99600 9.96000000e+03 4.32077513e-06 6.22962580e-06 7.58138083e-06
99700 9.97000000e+03 4.32077513e-06 6.22962580e-06 7.58138083e-06
99800 9.98000000e+03 4.32077513e-06 6.22962580e-06 7.58138083e-06
99900 9.99000000e+03 4.32077513e-06 6.22962580e-06 7.58138083e-06
100000 1.00000000e+04 4.32077513e-06 6.22962580e-06 7.58138083e-06
