# step  t  vx_mean  vy_mean  vmag_mean
0 0.00000000e+00 3.55043053e-03 -2.89240247e-03 4.57947038e-03
100 1.00000000e+01 3.45979561e-03 -2.87429290e-03 4.49797125e-03
200 2.00000000e+01 3.43051879e-03 -2.97644478e-03 4.54177088e-03
300 3.00000000e+01 3.36704915e-03 -2.70452863e-03 4.31873767e-03
400 4.00000000e+01 3.26998904e-03 -2.82218889e-03 4.31944192e-03
500 5.00000000e+01 3.32382601e-03 -2.63443473e-03 4.24123398e-03
600 6.00000000e+01 3.23420623e-03 -2.30681640e-03 3.97259259e-03
700 7.00000000e+01 3.19589139e-03 -2.11185496e-03 3.83062047e-03
800 8.00000000e+01 3.14845750e-03 -1.95413362e-03 3.70559345e-03
900 9.00000000e+01 3.07068042e-03 -2.00805557e-03 3.66897335e-03
1000 1.00000000e+02 3.05034756e-03 -1.88739714e-03 3.58704449e-03
1100 1.10000000e+02 2.96342187e-03 -1.82100665e-03 3.47820850e-03
1200 1.20000000e+02 3.08575667e-03 -2.09069788e-03 3.72731966e-03
1300 1.30000000e+02 3.13738221e-03 -1.96551811e-03 3.70221941e-03
1400 1.40000000e+02 3.04599502e-03 -1.88185135e-03 3.58042598e-03
1500 1.50000000e+02 3.01446393e-03 -1.80996594e-03 3.51610146e-03
1600 1.60000000e+02 3.01305926e-03 -1.76234730e-03 3.49061515e-03
1700 1.70000000e+02 3.04945814e-03 -1.80195773e-03 3.54206813e-03
1800 1.80000000e+02 3.00843874e-03 -1.67498924e-03 3.44329676e-03
1900 1.90000000e+02 3.03264381e-03 -1.62145123e-03 3.43889991e-03
2000 2.00000000e+02 2.98290211e-03 -1.65959029e-03 3.41349453e-03
2100 2.10000000e+02 3.10464739e-03 -1.70411123e-03 3.54158587e-03
2200 2.20000000e+02 3.02670407e-03 -1.70235801e-03 3.47260138e-03
2300 2.30000000e+02 2.88738753e-03 -1.58400845e-03 3.29334018e-03
2400 2.40000000e+02 2.81143817e-03 -1.75743364e-03 3.31553278e-03
2500 2.50000000e+02 2.72714044e-03 -1.69047737e-03 3.20858360e-03
2600 2.60000000e+02 2.65174499e-03 -1.49691151e-03 3.04507727e-03
2700 2.70000000e+02 2.51177489e-03 -1.42295111e-03 2.88683269e-03
2800 2.80000000e+02 2.51589040e-03 -1.57732866e-03 2.96945622e-03
2900 2.90000000e+02 2.60321517e-03 -1.61161751e-03 3.06170544e-03
3000 3.00000000e+02 2.64653238e-03 -1.56586745e-03 3.07507309e-03
3100 3.10000000e+02 2.81188800e-03 -1.62145728e-03 3.24589554e-03
3200 3.20000000e+02 2.94774841e-03 -1.58691267e-03 3.34776231e-03
3300 3.30000000e+02 2.99104163e-03 -1.50919764e-03 3.35022500e-03
3400 3.40000000e+02 3.05320229e-03 -1.42258045e-03 3.36834965e-03
3500 3.50000000e+02 3.23686399e-03 -1.56176346e-03 3.59393846e-03
3600 3.60000000e+02 3.19197378e-03 -2.02238909e-03 3.77872389e-03
3700 3.70000000e+02 3.12357466e-03 -2.11348454e-03 3.77141029e-03
3800 3.80000000e+02 3.26317572e-03 -2.12262687e-03 3.89279599e-03
3900 3.90000000e+02 3.55769019e-03 -2.26110360e-03 4.21541800e-03
4000 4.00000000e+02 3.58893140e-03 -2.10932898e-03 4.16289531e-03
4100 4.10000000e+02 3.64015391e-03 -2.05785222e-03 4.18156385e-03
4200 4.20000000e+02 3.67497746e-03 -1.93943619e-03 4.15534259e-03
4300 4.30000000e+02 3.60672362e-03 -2.14209291e-03 4.19487989e-03
4400 4.40000000e+02 3.55129922e-03 -2.09490792e-03 4.12314993e-03
4500 4.50000000e+02 3.50893103e-03 -2.32530921e-03 4.20947263e-03
4600 4.60000000e+02 3.37374955e-03 -2.05234019e-03 3.94896016e-03
4700 4.70000000e+02 3.41200689e-03 -1.93178817e-03 3.92091782e-03
4800 4.80000000e+02 3.39556835e-03 -1.90123601e-03 3.89160414e-03
4900 4.90000000e+02 3.40422988e-03 -1.79816759e-03 3.84995945e-03
5000 5.00000000e+02 3.37766041e-03 -1.59253890e-03 3.73426967e-03
5100 5.10000000e+02 3.37918545e-03 -1.61834201e-03 3.74672192e-03
5200 5.20000000e+02 3.21539445e-03 -1.50728901e-03 3.55115215e-03
5300 5.30000000e+02 3.14541580e-03 -1.54821214e-03 3.50579540e-03
5400 5.40000000e+02 3.08424165e-03 -1.31360488e-03 3.35232819e-03
5500 5.50000000e+02 2.93128612e-03 -1.17176771e-03 3.15681451e-03
5600 5.60000000e+02 2.81240861e-03 -9.70811583e-04 2.97525080e-03
5700 5.70000000e+02 2.77451612e-03 -1.00841362e-03 2.95209040e-03
5800 5.80000000e+02 2.85848137e-03 -1.19299639e-03 3.09744348e-03
5900 5.90000000e+02 2.88687879e-03 -1.08610862e-03 3.08442881e-03
6000 6.00000000e+02 3.17611685e-03 -1.48594053e-03 3.50652784e-03
6100 6.10000000e+02 3.23939277e-03 -1.49749254e-03 3.56877422e-03
6200 6.20000000e+02 3.13295680e-03 -1.42375263e-03 3.44129189e-03
6300 6.30000000e+02 3.39203654e-03 -1.55321904e-03 3.73073736e-03
6400 6.40000000e+02 3.28422268e-03 -1.34036771e-03 3.54721077e-03
6500 6.50000000e+02 3.29950755e-03 -1.44927995e-03 3.60377058e-03
6600 6.60000000e+02 3.20602395e-03 -1.47141947e-03 3.52755791e-03
6700 6.70000000e+02 3.43689718e-03 -1.40161940e-03 3.71171109e-03
6800 6.80000000e+02 3.48758278e-03 -1.50969881e-03 3.80031896e-03
6900 6.90000000e+02 3.66754457e-03 -1.57230406e-03 3.99036630e-03
7000 7.00000000e+02 3.77316028e-03 -1.69106363e-03 4.13478351e-03
7100 7.10000000e+02 3.57683445e-03 -1.42907642e-03 3.85175338e-03
7200 7.20000000e+02 3.66498344e-03 -1.43805472e-03 3.93701727e-03
7300 7.30000000e+02 3.50722740e-03 -1.44579459e-03 3.79354268e-03
7400 7.40000000e+02 3.49429063e-03 -1.45296392e-03 3.78433233e-03
7500 7.50000000e+02 3.44301760e-03 -1.39584031e-03 3.71520395e-03
7600 7.60000000e+02 3.45268194e-03 -1.37040531e-03 3.71470366e-03
7700 7.70000000e+02 3.45631363e-03 -1.51726487e-03 3.77467834e-03
7800 7.80000000e+02 3.61123309e-03 -1.69282826e-03 3.98831693e-03
7900 7.90000000e+02 3.54546355e-03 -1.85034715e-03 3.99926198e-03
8000 8.00000000e+02 3.63857881e-03 -1.94170838e-03 4.12425596e-03
8100 8.10000000e+02 3.78604233e-03 -2.09115259e-03 4.32516309e-03
8200 8.20000000e+02 3.72210168e-03 -2.06773472e-03 4.25788302e-03
8300 8.30000000e+02 3.65266809e-03 -1.90389517e-03 4.11907769e-03
8400 8.40000000e+02 3.51379230e-03 -1.71928806e-03 3.91186500e-03
8500 8.50000000e+02 3.49936960e-03 -1.78755890e-03 3.92949799e-03
8600 8.60000000e+02 3.43974121e-03 -1.62958819e-03 3.80622875e-03
8700 8.70000000e+02 3.40288365e-03 -1.77887024e-03 3.83979120e-03
8800 8.80000000e+02 3.39591666e-03 -1.61240040e-03 3.75926655e-03
8900 8.90000000e+02 3.47273494e-03 -1.75422244e-03 3.89065346e-03
9000 9.00000000e+02 3.50719062e-03 -1.83987385e-03 3.96049515e-03
9100 9.10000000e+02 3.62844439e-03 -2.05963082e-03 4.17225213e-03
9200 9.20000000e+02 3.52762593e-03 -1.81678869e-03 3.96798007e-03
9300 9.30000000e+02 3.33010033e-03 -1.62509095e-03 3.70546742e-03
9400 9.40000000e+02 3.37490812e-03 -1.53511891e-03 3.70764007e-03
9500 9.50000000e+02 3.22294189e-03 -1.61392638e-03 3.60445734e-03
9600 9.60000000e+02 3.17474455e-03 -1.65983650e-03 3.58246565e-03
9700 9.70000000e+02 3.11358063e-03 -1.64861663e-03 3.52311242e-03
9800 9.80000000e+02 3.31185316e-03 -1.67075696e-03 3.70942046e-03
9900 9.90000000e+02 3.21143260e-03 -1.75657461e-03 3.66044447e-03
10000 1.00000000e+03 3.16766440e-03 -1.90644932e-03 3.69711330e-03
10100 1.01000000e+03 3.16633983e-03 -1.81298645e-03 3.64864739e-03
10200 1.02000000e+03 3.31273419e-03 -2.00046506e-03 3.86989254e-03
10300 1.03000000e+03 3.19838081e-03 -1.89873716e-03 3.71952183e-03
10400 1.04000000e+03 3.18673765e-03 -1.71934965e-03 3.62097502e-03
10500 1.05000000e+03 3.19111510e-03 -1.52426655e-03 3.53646775e-03
10600 1.06000000e+03 3.16443411e-03 -1.62376801e-03 3.55672121e-03
10700 1.07000000e+03 3.15983873e-03 -1.60958653e-03 3.54617394e-03
10800 1.08000000e+03 3.25639313e-03 -1.92142685e-03 3.78100217e-03
10900 1.09000000e+03 3.16417776e-03 -1.80012733e-03 3.64039549e-03
11000 1.10000000e+03 3.02336994e-03 -1.66365190e-03 3.45086995e-03
11100 1.11000000e+03 3.17264698e-03 -1.62745372e-03 3.56571093e-03
11200 1.12000000e+03 3.11636878e-03 -1.57130370e-03 3.49009308e-03
11300 1.13000000e+03 3.04865628e-03 -1.47128571e-03 3.38511251e-03
11400 1.14000000e+03 3.12258629e-03 -1.60590606e-03 3.51133584e-03
11500 1.15000000e+03 3.15943570e-03 -1.57270732e-03 3.52922686e-03
11600 1.16000000e+03 3.01070069e-03 -1.51156308e-03 3.36884870e-03
11700 1.17000000e+03 3.02686775e-03 -1.56455603e-03 3.40731037e-03
11800 1.18000000e+03 3.14166932e-03 -1.52403722e-03 3.49181551e-03
11900 1.19000000e+03 3.19044571e-03 -1.60632480e-03 3.57200549e-03
12000 1.20000000e+03 3.05897417e-03 -1.55039539e-03 3.42943856e-03
12100 1.21000000e+03 3.15164588e-03 -1.72278623e-03 3.59177730e-03
12200 1.22000000e+03 3.26499250e-03 -1.75731117e-03 3.70787251e-03
12300 1.23000000e+03 3.19763087e-03 -1.73723558e-03 3.63907002e-03
12400 1.24000000e+03 3.09013622e-03 -1.51820248e-03 3.44294650e-03
12500 1.25000000e+03 3.27695510e-03 -1.79147837e-03 3.73467930e-03
12600 1.26000000e+03 3.36785708e-03 -1.89473061e-03 3.86425483e-03
12700 1.27000000e+03 3.36244237e-03 -1.82171096e-03 3.82421881e-03
12800 1.28000000e+03 3.34806950e-03 -1.84801070e-03 3.82422710e-03
12900 1.29000000e+03 3.35325231e-03 -1.84220891e-03 3.82596846e-03
13000 1.30000000e+03 3.31637543e-03 -1.63375691e-03 3.69695924e-03
13100 1.31000000e+03 3.42365820e-03 -1.75488845e-03 3.84721574e-03
13200 1.32000000e+03 3.40475072e-03 -1.75515783e-03 3.83052301e-03
13300 1.33000000e+03 3.31898499e-03 -1.71955850e-03 3.73798646e-03
13400 1.34000000e+03 3.27947293e-03 -1.57452386e-03 3.63786587e-03
13500 1.35000000e+03 3.17680254e-03 -1.49340730e-03 3.51031903e-03
13600 1.36000000e+03 3.36865033e-03 -1.65577256e-03 3.75358333e-03
13700 1.37000000e+03 3.47092142e-03 -1.53629621e-03 3.79572148e-03
13800 1.38000000e+03 3.51976301e-03 -1.59295753e-03 3.86344992e-03
13900 1.39000000e+03 3.49678192e-03 -1.57460384e-03 3.83495255e-03
14000 1.40000000e+03 3.50314565e-03 -1.67376257e-03 3.88246192e-03
14100 1.41000000e+03 3.55798868e-03 -1.87551614e-03 4.02204478e-03
14200 1.42000000e+03 3.54138226e-03 -1.81684713e-03 3.98024143e-03
14300 1.43000000e+03 3.66358296e-03 -1.92645541e-03 4.13921135e-03
14400 1.44000000e+03 3.64175811e-03 -1.73713139e-03 4.03485162e-03
14500 1.45000000e+03 3.70279467e-03 -1.92800339e-03 4.17467189e-03
14600 1.46000000e+03 3.86093883e-03 -2.11911136e-03 4.40425721e-03
14700 1.47000000e+03 3.78598506e-03 -2.05837539e-03 4.30936099e-03
14800 1.48000000e+03 3.90419783e-03 -2.19476363e-03 4.47881101e-03
14900 1.49000000e+03 3.77917360e-03 -2.04026164e-03 4.29474337e-03
15000 1.50000000e+03 3.78241413e-03 -1.90357910e-03 4.23441496e-03
15100 1.51000000e+03 3.59021500e-03 -2.09478801e-03 4.15665497e-03
15200 1.52000000e+03 3.45816161e-03 -1.98049238e-03 3.98512632e-03
15300 1.53000000e+03 3.49827833e-03 -2.02274369e-03 4.04097059e-03
15400 1.54000000e+03 3.55429482e-03 -2.18111230e-03 4.17016337e-03
15500 1.55000000e+03 3.47709842e-03 -2.11425987e-03 4.06943586e-03
15600 1.56000000e+03 3.39910225e-03 -2.07994692e-03 3.98498122e-03
15700 1.57000000e+03 3.27505101e-03 -2.03943322e-03 3.85814036e-03
15800 1.58000000e+03 3.22728790e-03 -2.19988590e-03 3.90575027e-03
15900 1.59000000e+03 3.11505701e-03 -2.43814383e-03 3.95577117e-03
16000 1.60000000e+03 3.09246778e-03 -2.10040528e-03 3.73832307e-03
16100 1.61000000e+03 3.22911516e-03 -2.03958573e-03 3.81930552e-03
16200 1.62000000e+03 3.12503893e-03 -1.78629253e-03 3.59954293e-03
16300 1.63000000e+03 3.31368018e-03 -2.00988469e-03 3.87557903e-03
16400 1.64000000e+03 3.21162702e-03 -1.91493914e-03 3.73918975e-03
16500 1.65000000e+03 3.19275958e-03 -2.03257799e-03 3.78484967e-03
16600 1.66000000e+03 3.16118309e-03 -1.96175091e-03 3.72042271e-03
16700 1.67000000e+03 3.15202074e-03 -1.81391416e-03 3.63669071e-03
16800 1.68000000e+03 3.18352273e-03 -1.87712885e-03 3.69573127e-03
16900 1.69000000e+03 3.16516729e-03 -1.65390375e-03 3.57122970e-03
17000 1.70000000e+03 3.08119832e-03 -1.62233843e-03 3.48220692e-03
17100 1.71000000e+03 3.13301478e-03 -1.68200966e-03 3.55597217e-03
17200 1.72000000e+03 3.29567026e-03 -1.73288223e-03 3.72348268e-03
17300 1.73000000e+03 3.36257601e-03 -1.91736768e-03 3.87081597e-03
17400 1.74000000e+03 3.34340008e-03 -1.82675442e-03 3.80990234e-03
17500 1.75000000e+03 3.36194201e-03 -1.71481539e-03 3.77402251e-03
17600 1.76000000e+03 3.43318190e-03 -1.53770077e-03 3.76181627e-03
17700 1.77000000e+03 3.42922052e-03 -1.64407003e-03 3.80296196e-03
17800 1.78000000e+03 3.24585871e-03 -1.50178897e-03 3.57644640e-03
17900 1.79000000e+03 3.30493762e-03 -1.33135309e-03 3.56302031e-03
18000 1.80000000e+03 3.17714782e-03 -1.18366210e-03 3.39047552e-03
18100 1.81000000e+03 3.30197345e-03 -1.26455096e-03 3.53583340e-03
18200 1.82000000e+03 3.36453738e-03 -1.21159339e-03 3.57604115e-03
18300 1.83000000e+03 3.39229219e-03 -1.49017107e-03 3.70516614e-03
18400 1.84000000e+03 3.47597455e-03 -1.64318678e-03 3.84479673e-03
18500 1.85000000e+03 3.66392219e-03 -1.71946583e-03 4.04733104e-03
18600 1.86000000e+03 3.85674555e-03 -1.70930987e-03 4.21855739e-03
18700 1.87000000e+03 3.76305380e-03 -1.76472729e-03 4.15630080e-03
18800 1.88000000e+03 3.84062412e-03 -1.94494694e-03 4.30502175e-03
18900 1.89000000e+03 3.58815701e-03 -1.80447032e-03 4.01633961e-03
19000 1.90000000e+03 3.41142947e-03 -1.58331229e-03 3.76094786e-03
19100 1.91000000e+03 3.42531595e-03 -1.46459695e-03 3.72529645e-03
19200 1.92000000e+03 3.35739693e-03 -1.46624295e-03 3.66360239e-03
19300 1.93000000e+03 3.29423673e-03 -1.36995036e-03 3.56773872e-03
19400 1.94000000e+03 3.33127892e-03 -1.49682432e-03 3.65210929e-03
19500 1.95000000e+03 3.38493590e-03 -1.46833388e-03 3.68968772e-03
19600 1.96000000e+03 3.35271005e-03 -1.53210107e-03 3.68619022e-03
19700 1.97000000e+03 3.50484904e-03 -1.69853633e-03 3.89473907e-03
19800 1.98000000e+03 3.53303552e-03 -1.47708959e-03 3.82937771e-03
19900 1.99000000e+03 3.40588298e-03 -1.34457974e-03 3.66168452e-03
20000 2.00000000e+03 3.32475733e-03 -1.41264091e-03 3.61241825e-03
20100 2.01000000e+03 3.16620548e-03 -1.28640281e-03 3.41755605e-03
20200 2.02000000e+03 3.04057635e-03 -1.27776619e-03 3.29814963e-03
20300 2.03000000e+03 3.00148525e-03 -1.14787556e-03 3.21349219e-03
20400 2.04000000e+03 3.10299057e-03 -1.03458227e-03 3.27091897e-03
20500 2.05000000e+03 2.91590090e-03 -9.72010079e-04 3.07364306e-03
20600 2.06000000e+03 2.92485347e-03 -1.01635023e-03 3.09640689e-03
20700 2.07000000e+03 3.00893560e-03 -1.26140553e-03 3.26264270e-03
20800 2.08000000e+03 3.11562000e-03 -1.39751891e-03 3.41469575e-03
20900 2.09000000e+03 3.10088648e-03 -1.48329977e-03 3.43739365e-03
21000 2.10000000e+03 2.94643641e-03 -1.47469144e-03 3.29487516e-03
21100 2.11000000e+03 2.92026578e-03 -1.62819482e-03 3.34349676e-03
21200 2.12000000e+03 3.00402287e-03 -1.70466537e-03 3.45398863e-03
21300 2.13000000e+03 3.00899055e-03 -1.91217009e-03 3.56516740e-03
21400 2.14000000e+03 2.99176970e-03 -1.94795674e-03 3.57004501e-03
21500 2.15000000e+03 3.14433500e-03 -1.86649221e-03 3.65658800e-03
21600 2.16000000e+03 3.09308176e-03 -1.65027136e-03 3.50578812e-03
21700 2.17000000e+03 3.12375720e-03 -1.54572038e-03 3.48527051e-03
21800 2.18000000e+03 3.20959929e-03 -1.74039521e-03 3.65109615e-03
21900 2.19000000e+03 3.29903839e-03 -1.73270400e-03 3.72638128e-03
22000 2.20000000e+03 3.27253877e-03 -1.70575699e-03 3.69040878e-03
22100 2.21000000e+03 3.30925290e-03 -1.71852682e-03 3.72887238e-03
22200 2.22000000e+03 3.26872081e-03 -1.67492835e-03 3.67286275e-03
22300 2.23000000e+03 3.19087924e-03 -1.64661556e-03 3.59068979e-03
22400 2.24000000e+03 3.33172618e-03 -1.61046372e-03 3.70053952e-03
22500 2.25000000e+03 3.24261538e-03 -1.59101246e-03 3.61190741e-03
22600 2.26000000e+03 3.38114752e-03 -1.67676015e-03 3.77408043e-03
22700 2.27000000e+03 3.28449090e-03 -1.53599936e-03 3.62590327e-03
22800 2.28000000e+03 3.16672912e-03 -1.41528994e-03 3.46860475e-03
22900 2.29000000e+03 3.05693131e-03 -1.67235557e-03 3.48448019e-03
23000 2.30000000e+03 3.05464468e-03 -1.52329844e-03 3.41339893e-03
23100 2.31000000e+03 2.98520457e-03 -1.49374991e-03 3.33807356e-03
23200 2.32000000e+03 3.07770958e-03 -1.56748609e-03 3.45388316e-03
23300 2.33000000e+03 3.17754829e-03 -1.72046036e-03 3.61341902e-03
23400 2.34000000e+03 3.51493922e-03 -2.01014825e-03 4.04913493e-03
23500 2.35000000e+03 3.51443118e-03 -1.90538459e-03 3.99771397e-03
23600 2.36000000e+03 3.50046204e-03 -1.83104968e-03 3.95044016e-03
23700 2.37000000e+03 3.36215645e-03 -1.69492234e-03 3.76521682e-03
23800 2.38000000e+03 3.38407140e-03 -1.67265511e-03 3.77487939e-03
23900 2.39000000e+03 3.29020293e-03 -1.56392425e-03 3.64297878e-03
24000 2.40000000e+03 3.12718586e-03 -1.48648117e-03 3.46250165e-03
24100 2.41000000e+03 3.02943913e-03 -1.71438023e-03 3.48089084e-03
24200 2.42000000e+03 2.91641196e-03 -1.59267546e-03 3.32296161e-03
24300 2.43000000e+03 3.09431902e-03 -1.81509135e-03 3.58738997e-03
24400 2.44000000e+03 3.22378404e-03 -2.06847372e-03 3.83032206e-03
24500 2.45000000e+03 3.15864803e-03 -1.87867938e-03 3.67511818e-03
24600 2.46000000e+03 3.11730895e-03 -1.69737882e-03 3.54946615e-03
24700 2.47000000e+03 3.21416650e-03 -1.82970683e-03 3.69847176e-03
24800 2.48000000e+03 3.53717478e-03 -1.95938046e-03 4.04360943e-03
24900 2.49000000e+03 3.46831884e-03 -1.84290332e-03 3.92753463e-03
25000 2.50000000e+03 3.42875673e-03 -1.87552953e-03 3.90819443e-03
25100 2.51000000e+03 3.37932701e-03 -1.91842264e-03 3.88589713e-03
25200 2.52000000e+03 3.49358260e-03 -2.11234996e-03 4.08254109e-03
25300 2.53000000e+03 3.50685930e-03 -2.04205210e-03 4.05808316e-03
25400 2.54000000e+03 3.53879435e-03 -2.11222284e-03 4.12123170e-03
25500 2.55000000e+03 3.47577920e-03 -2.24218098e-03 4.13623218e-03
25600 2.56000000e+03 3.39494832e-03 -2.16972223e-03 4.02906548e-03
25700 2.57000000e+03 3.30772018e-03 -2.06123060e-03 3.89739456e-03
25800 2.58000000e+03 3.20700742e-03 -1.81885052e-03 3.68688403e-03
25900 2.59000000e+03 3.20901163e-03 -1.94282329e-03 3.75130884e-03
26000 2.60000000e+03 3.20663396e-03 -1.98907964e-03 3.77345189e-03
26100 2.61000000e+03 3.20922909e-03 -1.91923114e-03 3.73933143e-03
26200 2.62000000e+03 3.21463263e-03 -1.96897355e-03 3.76971083e-03
26300 2.63000000e+03 3.25986138e-03 -2.32249289e-03 4.00258284e-03
26400 2.64000000e+03 3.22891865e-03 -2.12200335e-03 3.86378233e-03
26500 2.65000000e+03 3.27213807e-03 -2.10864027e-03 3.89271773e-03
26600 2.66000000e+03 3.25249811e-03 -2.10692221e-03 3.87528904e-03
26700 2.67000000e+03 3.22549837e-03 -2.16908683e-03 3.88700108e-03
26800 2.68000000e+03 3.16593936e-03 -2.05504033e-03 3.77443542e-03
26900 2.69000000e+03 3.30574950e-03 -2.19012308e-03 3.96542796e-03
27000 2.70000000e+03 3.19181825e-03 -2.51292856e-03 4.06232861e-03
27100 2.71000000e+03 3.21815605e-03 -2.25722301e-03 3.93085030e-03
27200 2.72000000e+03 3.13074375e-03 -2.31156172e-03 3.89164156e-03
27300 2.73000000e+03 3.12589505e-03 -2.22218782e-03 3.83527555e-03
27400 2.74000000e+03 3.19399661e-03 -2.49719201e-03 4.05432883e-03
27500 2.75000000e+03 3.20238876e-03 -2.28658598e-03 3.93494209e-03
27600 2.76000000e+03 3.08497529e-03 -2.17126869e-03 3.77246342e-03
27700 2.77000000e+03 3.08874110e-03 -2.46125087e-03 3.94944014e-03
27800 2.78000000e+03 3.04251444e-03 -2.32283934e-03 3.82785536e-03
27900 2.79000000e+03 3.08957533e-03 -2.31239689e-03 3.85910029e-03
28000 2.80000000e+03 3.21673811e-03 -2.26721144e-03 3.93543540e-03
28100 2.81000000e+03 3.11429705e-03 -2.00371468e-03 3.70320384e-03
28200 2.82000000e+03 3.24302423e-03 -2.00240407e-03 3.81140764e-03
28300 2.83000000e+03 3.17526911e-03 -2.07973248e-03 3.79573723e-03
28400 2.84000000e+03 3.27603146e-03 -1.92865101e-03 3.80158873e-03
28500 2.85000000e+03 3.21984570e-03 -1.86290930e-03 3.71992438e-03
28600 2.86000000e+03 3.32151446e-03 -1.83396740e-03 3.79419224e-03
28700 2.87000000e+03 3.51759838e-03 -1.92511047e-03 4.00993126e-03
28800 2.88000000e+03 3.49049317e-03 -1.92414911e-03 3.98571102e-03
28900 2.89000000e+03 3.60663538e-03 -1.86330220e-03 4.05952138e-03
29000 2.90000000e+03 3.70302284e-03 -1.96409086e-03 4.19166209e-03
29100 2.91000000e+03 3.62031464e-03 -1.82208174e-03 4.05298162e-03
29200 2.92000000e+03 3.79531411e-03 -2.02817610e-03 4.30324383e-03
29300 2.93000000e+03 3.61921731e-03 -1.92428520e-03 4.09897640e-03
29400 2.94000000e+03 3.66497482e-03 -1.97332259e-03 4.16245631e-03
29500 2.95000000e+03 3.58346337e-03 -1.71097135e-03 3.97097378e-03
29600 2.96000000e+03 3.44291911e-03 -1.51921867e-03 3.76320573e-03
29700 2.97000000e+03 3.41716688e-03 -1.31133164e-03 3.66013936e-03
29800 2.98000000e+03 3.44009139e-03 -1.41506561e-03 3.71976335e-03
29900 2.99000000e+03 3.43316887e-03 -1.59966212e-03 3.78755427e-03
30000 3.00000000e+03 3.31157260e-03 -1.39146252e-03 3.59203021e-03
30100 3.01000000e+03 3.13873147e-03 -1.52928417e-03 3.49146750e-03
30200 3.02000000e+03 3.16217472e-03 -1.26656727e-03 3.40639716e-03
30300 3.03000000e+03 3.17437714e-03 -1.28960051e-03 3.42633035e-03
30400 3.04000000e+03 3.09932791e-03 -1.38198992e-03 3.39348340e-03
30500 3.05000000e+03 3.29544581e-03 -1.60613214e-03 3.66600921e-03
30600 3.06000000e+03 3.33423750e-03 -1.53556967e-03 3.67084648e-03
30700 3.07000000e+03 3.10155610e-03 -1.46861188e-03 3.43168633e-03
30800 3.08000000e+03 3.16868164e-03 -1.27646595e-03 3.41612480e-03
30900 3.09000000e+03 3.07298219e-03 -1.23114220e-03 3.31042756e-03
31000 3.10000000e+03 2.89947400e-03 -1.13399362e-03 3.11334081e-03
31100 3.11000000e+03 2.73904880e-03 -8.98827042e-04 2.88275534e-03
31200 3.12000000e+03 2.64356495e-03 -8.77405400e-04 2.78536818e-03
31300 3.13000000e+03 2.70832796e-03 -1.00614026e-03 2.88917956e-03
31400 3.14000000e+03 2.67763040e-03 -1.03050249e-03 2.86908347e-03
31500 3.15000000e+03 2.80576525e-03 -1.09523267e-03 3.01195174e-03
31600 3.16000000e+03 2.96621560e-03 -1.09645794e-03 3.16238122e-03
31700 3.17000000e+03 3.02152289e-03 -1.25906873e-03 3.27335526e-03
31800 3.18000000e+03 3.01553775e-03 -1.22835080e-03 3.25611940e-03
31900 3.19000000e+03 2.99206330e-03 -1.19971973e-03 3.22362687e-03
32000 3.20000000e+03 3.03506479e-03 -1.53761602e-03 3.40233468e-03
32100 3.21000000e+03 2.98881088e-03 -1.47431321e-03 3.33265509e-03
32200 3.22000000e+03 2.92367232e-03 -1.64949498e-03 3.35688748e-03
32300 3.23000000e+03 3.04148858e-03 -1.72221963e-03 3.49523866e-03
32400 3.24000000e+03 3.13406438e-03 -1.83294993e-03 3.63071136e-03
32500 3.25000000e+03 3.19102174e-03 -1.71491457e-03 3.62264430e-03
32600 3.26000000e+03 3.25221336e-03 -1.56096055e-03 3.60742145e-03
32700 3.27000000e+03 3.16097215e-03 -1.45135180e-03 3.47824193e-03
32800 3.28000000e+03 3.11381626e-03 -1.42609805e-03 3.42485144e-03
32900 3.29000000e+03 3.21839936e-03 -1.52055791e-03 3.55952115e-03
33000 3.30000000e+03 3.14112660e-03 -1.31141185e-03 3.40389150e-03
33100 3.31000000e+03 3.18539608e-03 -1.44853652e-03 3.49928654e-03
33200 3.32000000e+03 3.15451645e-03 -1.43890933e-03 3.46719398e-03
33300 3.33000000e+03 3.15023446e-03 -1.43853901e-03 3.46314477e-03
33400 3.34000000e+03 3.36789759e-03 -1.52493548e-03 3.69704779e-03
33500 3.35000000e+03 3.36096552e-03 -1.70738122e-03 3.76977982e-03
33600 3.36000000e+03 3.21116741e-03 -1.83849712e-03 3.70022537e-03
33700 3.37000000e+03 3.29339923e-03 -1.93006953e-03 3.81728266e-03
33800 3.38000000e+03 3.42338742e-03 -1.91213202e-03 3.92120266e-03
33900 3.39000000e+03 3.38443974e-03 -1.92946021e-03 3.89579890e-03
34000 3.40000000e+03 3.39942379e-03 -1.83144410e-03 3.86138182e-03
34100 3.41000000e+03 3.29865096e-03 -1.82647642e-03 3.77055888e-03
34200 3.42000000e+03 3.33165005e-03 -2.00446323e-03 3.88815700e-03
34300 3.43000000e+03 3.40462988e-03 -1.98868220e-03 3.94288746e-03
34400 3.44000000e+03 3.38691077e-03 -2.02037673e-03 3.94374020e-03
34500 3.45000000e+03 3.36815184e-03 -1.85650913e-03 3.84591640e-03
34600 3.46000000e+03 3.25965276e-03 -1.80902216e-03 3.72798837e-03
34700 3.47000000e+03 3.15805618e-03 -1.82844698e-03 3.64918309e-03
34800 3.48000000e+03 3.18006496e-03 -1.71178149e-03 3.61151063e-03
34900 3.49000000e+03 3.22474376e-03 -1.78369170e-03 3.68517685e-03
35000 3.50000000e+03 3.17174825e-03 -1.90966669e-03 3.70227144e-03
35100 3.51000000e+03 3.27744195e-03 -1.91463472e-03 3.79571493e-03
35200 3.52000000e+03 3.41636012e-03 -2.04149657e-03 3.97985235e-03
35300 3.53000000e+03 3.35635617e-03 -1.85336382e-03 3.83406889e-03
35400 3.54000000e+03 3.27003282e-03 -1.83293968e-03 3.74870411e-03
35500 3.55000000e+03 3.47030279e-03 -1.83957664e-03 3.92772755e-03
35600 3.56000000e+03 3.46279959e-03 -1.75422954e-03 3.88179112e-03
35700 3.57000000e+03 3.56325461e-03 -1.87921978e-03 4.02843026e-03
35800 3.58000000e+03 3.48768430e-03 -1.96854654e-03 4.00488667e-03
35900 3.59000000e+03 3.46570648e-03 -2.08183005e-03 4.04291204e-03
36000 3.60000000e+03 3.39329848e-03 -1.90687692e-03 3.89238412e-03
36100 3.61000000e+03 3.27354437e-03 -2.02748412e-03 3.85055640e-03
36200 3.62000000e+03 3.17156408e-03 -1.90102705e-03 3.69766447e-03
36300 3.63000000e+03 3.12374998e-03 -1.92872097e-03 3.67120941e-03
36400 3.64000000e+03 3.16655682e-03 -1.91350305e-03 3.69980757e-03
36500 3.65000000e+03 3.25848139e-03 -2.00997433e-03 3.82853729e-03
36600 3.66000000e+03 3.15210456e-03 -1.94307126e-03 3.70287578e-03
36700 3.67000000e+03 3.02969269e-03 -1.93903595e-03 3.59706800e-03
36800 3.68000000e+03 3.07429582e-03 -1.79866061e-03 3.56180780e-03
36900 3.69000000e+03 3.18310037e-03 -1.80360686e-03 3.65856881e-03
37000 3.70000000e+03 3.18149407e-03 -1.86819665e-03 3.68945297e-03
37100 3.71000000e+03 3.25763645e-03 -1.93835259e-03 3.79069993e-03
37200 3.72000000e+03 3.26443766e-03 -1.99762592e-03 3.82714810e-03
37300 3.73000000e+03 3.25105689e-03 -2.09500012e-03 3.86760861e-03
37400 3.74000000e+03 3.19872331e-03 -2.05755560e-03 3.80333615e-03
37500 3.75000000e+03 3.17560649e-03 -2.07664608e-03 3.79432939e-03
37600 3.76000000e+03 3.16916709e-03 -2.13177945e-03 3.81943761e-03
37700 3.77000000e+03 3.15432018e-03 -2.13087746e-03 3.80662246e-03
37800 3.78000000e+03 3.04753007e-03 -1.93893933e-03 3.61205278e-03
37900 3.79000000e+03 3.08208237e-03 -2.15125550e-03 3.75860772e-03
38000 3.80000000e+03 3.17563210e-03 -2.44207773e-03 4.00604329e-03
38100 3.81000000e+03 3.11365258e-03 -2.14607967e-03 3.78159891e-03
38200 3.82000000e+03 3.10282223e-03 -1.98530988e-03 3.68360708e-03
38300 3.83000000e+03 3.01736337e-03 -2.01304792e-03 3.62723637e-03
38400 3.84000000e+03 2.97602685e-03 -2.10999930e-03 3.64812731e-03
38500 3.85000000e+03 2.86148721e-03 -2.19417666e-03 3.60590076e-03
38600 3.86000000e+03 2.88042682e-03 -2.35829083e-03 3.72268644e-03
38700 3.87000000e+03 3.05998186e-03 -2.47814646e-03 3.93760064e-03
38800 3.88000000e+03 3.07692029e-03 -2.28603114e-03 3.83319408e-03
38900 3.89000000e+03 3.08499159e-03 -2.21528579e-03 3.79798160e-03
39000 3.90000000e+03 3.14811966e-03 -2.22118571e-03 3.85283316e-03
39100 3.91000000e+03 3.30033945e-03 -2.35003489e-03 4.05153113e-03
39200 3.92000000e+03 3.30386031e-03 -2.14015949e-03 3.93646740e-03
39300 3.93000000e+03 3.21571180e-03 -1.89839478e-03 3.73426099e-03
39400 3.94000000e+03 3.23730521e-03 -1.84664829e-03 3.72696323e-03
39500 3.95000000e+03 3.15190549e-03 -1.71887258e-03 3.59012968e-03
39600 3.96000000e+03 3.40708951e-03 -1.91681995e-03 3.90927840e-03
39700 3.97000000e+03 3.36200139e-03 -1.94257509e-03 3.88286638e-03
39800 3.98000000e+03 3.55079770e-03 -1.92593108e-03 4.03947705e-03
39900 3.99000000e+03 3.35794338e-03 -1.96912023e-03 3.89271348e-03
40000 4.00000000e+03 3.35555850e-03 -2.08172994e-03 3.94884443e-03
40100 4.01000000e+03 3.45907640e-03 -2.13491032e-03 4.06485567e-03
40200 4.02000000e+03 3.70376348e-03 -2.45146616e-03 4.44157069e-03
40300 4.03000000e+03 3.64511251e-03 -2.19709380e-03 4.25606230e-03
40400 4.04000000e+03 3.60681885e-03 -2.11912999e-03 4.18328270e-03
40500 4.05000000e+03 3.53352213e-03 -1.86102651e-03 3.99364474e-03
40600 4.06000000e+03 3.44796828e-03 -1.61458948e-03 3.80728045e-03
40700 4.07000000e+03 3.41297104e-03 -1.60276820e-03 3.77057518e-03
40800 4.08000000e+03 3.38292075e-03 -1.79803546e-03 3.83106830e-03
40900 4.09000000e+03 3.36237485e-03 -1.60743669e-03 3.72685086e-03
41000 4.10000000e+03 3.34094022e-03 -1.41754956e-03 3.62923247e-03
41100 4.11000000e+03 3.20835924e-03 -1.31373561e-03 3.46691077e-03
41200 4.12000000e+03 3.07985512e-03 -1.68230117e-03 3.50936529e-03
41300 4.13000000e+03 3.12943151e-03 -1.58679159e-03 3.50873897e-03
41400 4.14000000e+03 3.23695503e-03 -1.61309610e-03 3.61662231e-03
41500 4.15000000e+03 3.24033154e-03 -1.51468685e-03 3.57687360e-03
41600 4.16000000e+03 3.16389883e-03 -1.38224848e-03 3.45266081e-03
41700 4.17000000e+03 3.13972589e-03 -1.49198808e-03 3.47619146e-03
41800 4.18000000e+03 3.16477078e-03 -1.31905824e-03 3.42865699e-03
41900 4.19000000e+03 3.01641505e-03 -1.32367958e-03 3.29406852e-03
42000 4.20000000e+03 2.84632598e-03 -1.24182866e-03 3.10543234e-03
42100 4.21000000e+03 2.79077445e-03 -1.16314588e-03 3.02346331e-03
42200 4.22000000e+03 2.74904119e-03 -1.06604607e-03 2.94850499e-03
42300 4.23000000e+03 2.78115901e-03 -1.09299552e-03 2.98822433e-03
42400 4.24000000e+03 2.64234375e-03 -9.93238646e-04 2.82285379e-03
42500 4.25000000e+03 2.62267492e-03 -1.00186537e-03 2.80751811e-03
42600 4.26000000e+03 2.91262590e-03 -1.44018698e-03 3.24923502e-03
42700 4.27000000e+03 2.94540916e-03 -1.39705697e-03 3.25993915e-03
42800 4.28000000e+03 3.01839830e-03 -1.36757048e-03 3.31375578e-03
42900 4.29000000e+03 2.98353075e-03 -1.45863765e-03 3.32100580e-03
43000 4.30000000e+03 2.98212213e-03 -1.60438090e-03 3.38630927e-03
43100 4.31000000e+03 2.97418889e-03 -1.59413100e-03 3.37447080e-03
43200 4.32000000e+03 3.10965511e-03 -1.69810909e-03 3.54309602e-03
43300 4.33000000e+03 3.26585118e-03 -1.89558929e-03 3.77611476e-03
43400 4.34000000e+03 3.23966239e-03 -1.90912094e-03 3.76033976e-03
43500 4.35000000e+03 3.19803180e-03 -1.86378893e-03 3.70150194e-03
43600 4.36000000e+03 3.25921294e-03 -1.87242148e-03 3.75878055e-03
43700 4.37000000e+03 3.10695870e-03 -1.68756256e-03 3.53568377e-03
43800 4.38000000e+03 2.98678153e-03 -1.43355562e-03 3.31299647e-03
43900 4.39000000e+03 2.96271173e-03 -1.55838928e-03 3.34757195e-03
44000 4.40000000e+03 2.90051894e-03 -1.41233811e-03 3.22609812e-03
44100 4.41000000e+03 3.03600612e-03 -1.52440206e-03 3.39722457e-03
44200 4.42000000e+03 3.28791118e-03 -1.66871550e-03 3.68713593e-03
44300 4.43000000e+03 3.40544526e-03 -2.01948336e-03 3.95921336e-03
44400 4.44000000e+03 3.35083902e-03 -1.83295144e-03 3.81940219e-03
44500 4.45000000e+03 3.47561832e-03 -1.87690544e-03 3.95002490e-03
44600 4.46000000e+03 3.51414387e-03 -1.88085134e-03 3.98582600e-03
44700 4.47000000e+03 3.51033430e-03 -1.75173010e-03 3.92313717e-03
44800 4.48000000e+03 3.35968425e-03 -1.78377435e-03 3.80385715e-03
44900 4.49000000e+03 3.22724599e-03 -1.65895268e-03 3.62866927e-03
45000 4.50000000e+03 3.36786406e-03 -1.90569414e-03 3.86964837e-03
45100 4.51000000e+03 3.29603511e-03 -1.91321876e-03 3.81106986e-03
45200 4.52000000e+03 3.30593623e-03 -1.90006627e-03 3.81306520e-03
45300 4.53000000e+03 3.38432333e-03 -1.98235922e-03 3.92216680e-03
45400 4.54000000e+03 3.35977972e-03 -2.00927746e-03 3.91475614e-03
45500 4.55000000e+03 3.41336802e-03 -1.83082197e-03 3.87336937e-03
45600 4.56000000e+03 3.39260488e-03 -1.91271119e-03 3.89464144e-03
45700 4.57000000e+03 3.26470472e-03 -1.74919155e-03 3.70377753e-03
45800 4.58000000e+03 3.35133448e-03 -2.03332258e-03 3.91992902e-03
45900 4.59000000e+03 3.37145943e-03 -1.93140423e-03 3.88549366e-03
46000 4.60000000e+03 3.41019663e-03 -1.92991481e-03 3.91841961e-03
46100 4.61000000e+03 3.37682874e-03 -2.04604166e-03 3.94832354e-03
46200 4.62000000e+03 3.35919484e-03 -2.11898261e-03 3.97168444e-03
46300 4.63000000e+03 3.27436253e-03 -2.03396264e-03 3.85466652e-03
46400 4.64000000e+03 3.24669154e-03 -2.02877820e-03 3.82843923e-03
46500 4.65000000e+03 3.39180231e-03 -2.07148097e-03 3.97433722e-03
46600 4.66000000e+03 3.32093309e-03 -1.99389411e-03 3.87352685e-03
46700 4.67000000e+03 3.33090220e-03 -1.90072868e-03 3.83505918e-03
46800 4.68000000e+03 3.31023801e-03 -1.91021466e-03 3.82185763e-03
46900 4.69000000e+03 3.32693127e-03 -2.10282998e-03 3.93578018e-03
47000 4.70000000e+03 3.23408423e-03 -2.05439865e-03 3.83142984e-03
47100 4.71000000e+03 3.17504583e-03 -1.99559331e-03 3.75010782e-03
47200 4.72000000e+03 3.13864648e-03 -1.81631674e-03 3.62630780e-03
47300 4.73000000e+03 3.24221747e-03 -1.97092630e-03 3.79427524e-03
47400 4.74000000e+03 3.27418977e-03 -2.23626220e-03 3.96499524e-03
47500 4.75000000e+03 3.09756119e-03 -2.12710677e-03 3.75758812e-03
47600 4.76000000e+03 3.09171644e-03 -1.87598728e-03 3.61635712e-03
47700 4.77000000e+03 3.19668511e-03 -1.97431329e-03 3.75722087e-03
47800 4.78000000e+03 3.21043096e-03 -1.89480197e-03 3.72788700e-03
47900 4.79000000e+03 3.19818174e-03 -1.78719824e-03 3.66366538e-03
48000 4.80000000e+03 3.24905594e-03 -1.92121509e-03 3.77457705e-03
48100 4.81000000e+03 3.29726445e-03 -2.18328740e-03 3.95457922e-03
48200 4.82000000e+03 3.28706717e-03 -2.16029142e-03 3.93340433e-03
48300 4.83000000e+03 3.18324566e-03 -2.05512857e-03 3.78901127e-03
48400 4.84000000e+03 3.23041622e-03 -2.25996459e-03 3.94246482e-03
48500 4.85000000e+03 3.23614106e-03 -2.19626981e-03 3.91103695e-03
48600 4.86000000e+03 3.23107466e-03 -2.16299063e-03 3.88823506e-03
48700 4.87000000e+03 3.21317231e-03 -2.05167499e-03 3.81232824e-03
48800 4.88000000e+03 3.34363268e-03 -2.19695643e-03 4.00081205e-03
48900 4.89000000e+03 3.24479025e-03 -2.20625079e-03 3.92379998e-03
49000 4.90000000e+03 3.16338870e-03 -2.17502657e-03 3.83898016e-03
49100 4.91000000e+03 3.06757772e-03 -1.96252740e-03 3.64164069e-03
49200 4.92000000e+03 3.09177418e-03 -2.00472353e-03 3.68483161e-03
49300 4.93000000e+03 3.01115098e-03 -2.12849351e-03 3.68748083e-03
49400 4.94000000e+03 2.94229551e-03 -2.25763884e-03 3.70864342e-03
49500 4.95000000e+03 2.94280192e-03 -2.45534210e-03 3.83259546e-03
49600 4.96000000e+03 3.09210899e-03 -2.37858272e-03 3.90112725e-03
49700 4.97000000e+03 3.04919295e-03 -2.22648913e-03 3.77555711e-03
49800 4.98000000e+03 3.16372002e-03 -2.17518024e-03 3.83934023e-03
49900 4.99000000e+03 3.16562317e-03 -2.09175958e-03 3.79428890e-03
50000 5.00000000e+03 3.30834393e-03 -2.23269290e-03 3.99124757e-03
50100 5.01000000e+03 3.22927814e-03 -2.03194865e-03 3.81537057e-03
50200 5.02000000e+03 3.18515557e-03 -1.90660858e-03 3.71219238e-03
50300 5.03000000e+03 3.07067460e-03 -1.74465170e-03 3.53169252e-03
50400 5.04000000e+03 3.22971097e-03 -1.72412675e-03 3.66109902e-03
50500 5.05000000e+03 3.27355624e-03 -1.87923515e-03 3.77461193e-03
50600 5.06000000e+03 3.41330539e-03 -2.03045690e-03 3.97157511e-03
50700 5.07000000e+03 3.40623083e-03 -1.83469721e-03 3.86891746e-03
50800 5.08000000e+03 3.37480940e-03 -1.92264840e-03 3.88405913e-03
50900 5.09000000e+03 3.23379994e-03 -2.18540244e-03 3.90300473e-03
51000 5.10000000e+03 3.40178027e-03 -2.12324644e-03 4.01002299e-03
51100 5.11000000e+03 3.56603460e-03 -2.37725861e-03 4.28578596e-03
51200 5.12000000e+03 3.56850540e-03 -2.22338759e-03 4.20448370e-03
51300 5.13000000e+03 3.50310467e-03 -2.06733751e-03 4.06763159e-03
51400 5.14000000e+03 3.43370787e-03 -1.81859755e-03 3.88556904e-03
51500 5.15000000e+03 3.38828680e-03 -1.66385178e-03 3.77477022e-03
51600 5.16000000e+03 3.36585217e-03 -1.62882544e-03 3.73925570e-03
51700 5.17000000e+03 3.36130103e-03 -1.78939663e-03 3.80792396e-03
51800 5.18000000e+03 3.35188839e-03 -1.60749094e-03 3.71741615e-03
51900 5.19000000e+03 3.24671087e-03 -1.37305632e-03 3.52511207e-03
52000 5.20000000e+03 3.11838230e-03 -1.20276399e-03 3.34229702e-03
52100 5.21000000e+03 3.15619842e-03 -1.59424089e-03 3.53598537e-03
52200 5.22000000e+03 3.21258651e-03 -1.74607965e-03 3.65643354e-03
52300 5.23000000e+03 3.20794433e-03 -1.64185243e-03 3.60369064e-03
52400 5.24000000e+03 3.16144456e-03 -1.47765770e-03 3.48972836e-03
52500 5.25000000e+03 3.20875179e-03 -1.49702025e-03 3.54078489e-03
52600 5.26000000e+03 3.04330327e-03 -1.48638280e-03 3.38689070e-03
52700 5.27000000e+03 3.03824176e-03 -1.22662156e-03 3.27650934e-03
52800 5.28000000e+03 2.94378190e-03 -1.31924334e-03 3.22587273e-03
52900 5.29000000e+03 2.78029288e-03 -1.24863267e-03 3.04780447e-03
53000 5.30000000e+03 2.73732701e-03 -1.16303156e-03 2.97415561e-03
53100 5.31000000e+03 2.69501749e-03 -1.07155880e-03 2.90023405e-03
53200 5.32000000e+03 2.73146573e-03 -1.09883142e-03 2.94420372e-03
53300 5.33000000e+03 2.66169896e-03 -1.06543861e-03 2.86701950e-03
53400 5.34000000e+03 2.73182243e-03 -1.09127641e-03 2.94172364e-03
53500 5.35000000e+03 2.92202644e-03 -1.50401355e-03 3.28638027e-03
53600 5.36000000e+03 2.99385423e-03 -1.39084714e-03 3.30115418e-03
53700 5.37000000e+03 2.97669903e-03 -1.37193711e-03 3.27764375e-03
53800 5.38000000e+03 2.94669811e-03 -1.46341289e-03 3.29007705e-03
53900 5.39000000e+03 2.94897379e-03 -1.61332171e-03 3.36143621e-03
54000 5.40000000e+03 3.01461853e-03 -1.63836533e-03 3.43105900e-03
54100 5.41000000e+03 3.07088392e-03 -1.70723267e-03 3.51354115e-03
54200 5.42000000e+03 3.23646329e-03 -1.90694002e-03 3.75647639e-03
54300 5.43000000e+03 3.31157795e-03 -1.85156567e-03 3.79405376e-03
54400 5.44000000e+03 3.20384884e-03 -1.80013385e-03 3.67493255e-03
54500 5.45000000e+03 3.21776234e-03 -1.88357173e-03 3.72851672e-03
54600 5.46000000e+03 3.07482411e-03 -1.69638311e-03 3.51173162e-03
54700 5.47000000e+03 2.95773661e-03 -1.44256162e-03 3.29077345e-03
54800 5.48000000e+03 2.98357429e-03 -1.49600010e-03 3.33762368e-03
54900 5.49000000e+03 2.95559666e-03 -1.57952867e-03 3.35118822e-03
55000 5.50000000e+03 3.01166298e-03 -1.53071666e-03 3.37834388e-03
55100 5.51000000e+03 3.26451380e-03 -1.67864596e-03 3.67081770e-03
55200 5.52000000e+03 3.40883527e-03 -1.95579487e-03 3.93004980e-03
55300 5.53000000e+03 3.33449920e-03 -1.84790848e-03 3.81230254e-03
55400 5.54000000e+03 3.45576135e-03 -1.88521924e-03 3.93653885e-03
55500 5.55000000e+03 3.49723664e-03 -1.88941136e-03 3.97498923e-03
55600 5.56000000e+03 3.49413254e-03 -1.76055124e-03 3.91260820e-03
55700 5.57000000e+03 3.39997723e-03 -1.73395593e-03 3.81660167e-03
55800 5.58000000e+03 3.29652452e-03 -1.67441904e-03 3.69739814e-03
55900 5.59000000e+03 3.37650068e-03 -1.83234550e-03 3.84164638e-03
56000 5.60000000e+03 3.28064780e-03 -1.92391023e-03 3.80316717e-03
56100 5.61000000e+03 3.29250703e-03 -1.91160024e-03 3.80720606e-03
56200 5.62000000e+03 3.37056210e-03 -1.99158024e-03 3.91498158e-03
56300 5.63000000e+03 3.34846834e-03 -2.02164659e-03 3.91143134e-03
56400 5.64000000e+03 3.39972065e-03 -1.83887291e-03 3.86517193e-03
56500 5.65000000e+03 3.39614134e-03 -1.83462328e-03 3.86000241e-03
56600 5.66000000e+03 3.25522944e-03 -1.75877078e-03 3.69997208e-03
56700 5.67000000e+03 3.31860501e-03 -1.95200858e-03 3.85012684e-03
56800 5.68000000e+03 3.36314202e-03 -1.93967926e-03 3.88240646e-03
56900 5.69000000e+03 3.40367248e-03 -1.94002013e-03 3.91773716e-03
57000 5.70000000e+03 3.36793973e-03 -2.05822219e-03 3.94706177e-03
57100 5.71000000e+03 3.35297198e-03 -2.12938897e-03 3.97199175e-03
57200 5.72000000e+03 3.21059162e-03 -1.97432027e-03 3.76906342e-03
57300 5.73000000e+03 3.23950825e-03 -2.04193895e-03 3.82935091e-03
57400 5.74000000e+03 3.38701741e-03 -2.08202144e-03 3.97576410e-03
57500 5.75000000e+03 3.38453753e-03 -1.86962006e-03 3.86659714e-03
57600 5.76000000e+03 3.44477594e-03 -1.92586612e-03 3.94657340e-03
57700 5.77000000e+03 3.32400273e-03 -1.94618269e-03 3.85183348e-03
57800 5.78000000e+03 3.35042085e-03 -2.04999279e-03 3.92782260e-03
57900 5.79000000e+03 3.25297727e-03 -1.99806644e-03 3.81760797e-03
58000 5.80000000e+03 3.25511862e-03 -1.99251552e-03 3.81653184e-03
58100 5.81000000e+03 3.17214290e-03 -1.83808617e-03 3.66620394e-03
58200 5.82000000e+03 3.24969762e-03 -1.90210319e-03 3.76543904e-03
58300 5.83000000e+03 3.29994666e-03 -2.08460679e-03 3.90323372e-03
58400 5.84000000e+03 3.24269733e-03 -2.00900016e-03 3.81459928e-03
58500 5.85000000e+03 3.19633051e-03 -1.89956627e-03 3.71818245e-03
58600 5.86000000e+03 3.26699903e-03 -1.84318365e-03 3.75108100e-03
58700 5.87000000e+03 3.19347903e-03 -1.82346103e-03 3.67740649e-03
58800 5.88000000e+03 3.30578000e-03 -1.94838620e-03 3.83723731e-03
58900 5.89000000e+03 3.22258333e-03 -1.94346753e-03 3.76325781e-03
59000 5.90000000e+03 3.25121381e-03 -2.22905818e-03 3.94196545e-03
59100 5.91000000e+03 3.33937746e-03 -2.10982515e-03 3.95003848e-03
59200 5.92000000e+03 3.20705213e-03 -2.08191480e-03 3.82355235e-03
59300 5.93000000e+03 3.24501935e-03 -2.27766228e-03 3.96458019e-03
59400 5.94000000e+03 3.25870607e-03 -2.22391728e-03 3.94524693e-03
59500 5.95000000e+03 3.22260172e-03 -2.16829823e-03 3.88415745e-03
59600 5.96000000e+03 3.13080545e-03 -1.99686922e-03 3.71341210e-03
59700 5.97000000e+03 3.28743132e-03 -2.32504960e-03 4.02654446e-03
59800 5.98000000e+03 3.15808295e-03 -2.30869255e-03 3.91197511e-03
59900 5.99000000e+03 3.11836321e-03 -2.12400244e-03 3.77300616e-03
60000 6.00000000e+03 3.02089145e-03 -1.92719314e-03 3.58327484e-03
60100 6.01000000e+03 3.13837361e-03 -2.09339941e-03 3.77249387e-03
60200 6.02000000e+03 2.97517329e-03 -2.15993682e-03 3.67654501e-03
60300 6.03000000e+03 2.92085460e-03 -2.14959006e-03 3.62658642e-03
60400 6.04000000e+03 3.04853357e-03 -2.45865807e-03 3.91644692e-03
60500 6.05000000e+03 3.18637397e-03 -2.46089138e-03 4.02603595e-03
60600 6.06000000e+03 3.15067964e-03 -2.30085128e-03 3.90137140e-03
60700 6.07000000e+03 3.29848193e-03 -2.32728780e-03 4.03686159e-03
60800 6.08000000e+03 3.20737506e-03 -2.08870764e-03 3.82752588e-03
60900 6.09000000e+03 3.33781401e-03 -2.17532087e-03 3.98409629e-03
61000 6.10000000e+03 3.28114070e-03 -2.11898214e-03 3.90588909e-03
61100 6.11000000e+03 3.14005092e-03 -1.85719971e-03 3.64816536e-03
61200 6.12000000e+03 3.10488022e-03 -1.76745804e-03 3.57270054e-03
61300 6.13000000e+03 3.17487959e-03 -1.74269488e-03 3.62171863e-03
61400 6.14000000e+03 3.30555532e-03 -1.81838870e-03 3.77269578e-03
61500 6.15000000e+03 3.44207557e-03 -2.06137961e-03 4.01212788e-03
61600 6.16000000e+03 3.46572348e-03 -1.95414759e-03 3.97868471e-03
61700 6.17000000e+03 3.46790184e-03 -2.02893652e-03 4.01782610e-03
61800 6.18000000e+03 3.35676479e-03 -2.12387345e-03 3.97224222e-03
61900 6.19000000e+03 3.55625432e-03 -2.39147968e-03 4.28557112e-03
62000 6.20000000e+03 3.48130055e-03 -2.21154001e-03 4.12436210e-03
62100 6.21000000e+03 3.48185259e-03 -2.16266885e-03 4.09883325e-03
62200 6.22000000e+03 3.48761026e-03 -2.16225116e-03 4.10350525e-03
62300 6.23000000e+03 3.43138445e-03 -1.89148984e-03 3.91817982e-03
62400 6.24000000e+03 3.32346046e-03 -1.66039693e-03 3.71514568e-03
62500 6.25000000e+03 3.28540825e-03 -1.64469285e-03 3.67408791e-03
62600 6.26000000e+03 3.21911997e-03 -1.56729342e-03 3.58038295e-03
62700 6.27000000e+03 3.32345394e-03 -1.66056608e-03 3.71521545e-03
62800 6.28000000e+03 3.16514354e-03 -1.37879106e-03 3.45241921e-03
62900 6.29000000e+03 3.06112925e-03 -1.30167406e-03 3.32638958e-03
63000 6.30000000e+03 3.09585640e-03 -1.60710921e-03 3.48814089e-03
63100 6.31000000e+03 3.10551189e-03 -1.75914820e-03 3.56914647e-03
63200 6.32000000e+03 3.21258791e-03 -1.71800598e-03 3.64311208e-03
63300 6.33000000e+03 3.11693782e-03 -1.48912531e-03 3.45438787e-03
63400 6.34000000e+03 3.17721185e-03 -1.49322266e-03 3.51061093e-03
63500 6.35000000e+03 3.16731655e-03 -1.44027581e-03 3.47940922e-03
63600 6.36000000e+03 3.00734723e-03 -1.24676991e-03 3.25554490e-03
63700 6.37000000e+03 2.90746987e-03 -1.16199302e-03 3.13107151e-03
63800 6.38000000e+03 2.75501166e-03 -1.27771078e-03 3.03687901e-03
63900 6.39000000e+03 2.71756807e-03 -1.18490704e-03 2.96465528e-03
64000 6.40000000e+03 2.62098014e-03 -1.02092698e-03 2.81279733e-03
64100 6.41000000e+03 2.70806253e-03 -1.12208840e-03 2.93132821e-03
64200 6.42000000e+03 2.64388416e-03 -1.08882529e-03 2.85931180e-03
64300 6.43000000e+03 2.71715410e-03 -1.11606391e-03 2.93743512e-03
64400 6.44000000e+03 2.96556042e-03 -1.49955857e-03 3.32313474e-03
64500 6.45000000e+03 2.93046283e-03 -1.38703221e-03 3.24213984e-03
64600 6.46000000e+03 3.00005171e-03 -1.36496220e-03 3.29597210e-03
64700 6.47000000e+03 2.96314084e-03 -1.45363167e-03 3.30049219e-03
64800 6.48000000e+03 2.95563601e-03 -1.60729093e-03 3.36439718e-03
64900 6.49000000e+03 2.94302427e-03 -1.59386382e-03 3.34690809e-03
65000 6.50000000e+03 3.07016727e-03 -1.70001236e-03 3.50941150e-03
65100 6.51000000e+03 3.20071680e-03 -1.81612629e-03 3.68006831e-03
65200 6.52000000e+03 3.21962172e-03 -1.82646932e-03 3.70161508e-03
65300 6.53000000e+03 3.19755939e-03 -1.80787081e-03 3.67325236e-03
65400 6.54000000e+03 3.19508836e-03 -1.80549384e-03 3.66993155e-03
65500 6.55000000e+03 3.03040305e-03 -1.62615557e-03 3.43914591e-03
65600 6.56000000e+03 2.94340146e-03 -1.45589386e-03 3.28378426e-03
65700 6.57000000e+03 2.96884356e-03 -1.50711229e-03 3.32947737e-03
65800 6.58000000e+03 2.90256040e-03 -1.51171884e-03 3.27263667e-03
65900 6.59000000e+03 3.00499564e-03 -1.53521821e-03 3.37444718e-03
66000 6.60000000e+03 3.25250067e-03 -1.61219761e-03 3.63014349e-03
66100 6.61000000e+03 3.34282964e-03 -1.71644904e-03 3.75775297e-03
66200 6.62000000e+03 3.29335104e-03 -1.98173593e-03 3.84362308e-03
66300 6.63000000e+03 3.51366657e-03 -2.05141213e-03 4.06867847e-03
66400 6.64000000e+03 3.44431098e-03 -1.92207959e-03 3.94432099e-03
66500 6.65000000e+03 3.44790518e-03 -1.79510261e-03 3.88721540e-03
66600 6.66000000e+03 3.39896698e-03 -1.85312005e-03 3.87130862e-03
66700 6.67000000e+03 3.33228358e-03 -1.72834401e-03 3.75383629e-03
66800 6.68000000e+03 3.27336998e-03 -1.79148174e-03 3.73153559e-03
66900 6.69000000e+03 3.26080457e-03 -1.77545869e-03 3.71282911e-03
67000 6.70000000e+03 3.28904809e-03 -2.03206926e-03 3.86615349e-03
67100 6.71000000e+03 3.35676828e-03 -2.09375704e-03 3.95622444e-03
67200 6.72000000e+03 3.30380769e-03 -1.96935819e-03 3.84623412e-03
67300 6.73000000e+03 3.40889371e-03 -1.96962524e-03 3.93700139e-03
67400 6.74000000e+03 3.28195025e-03 -1.81720720e-03 3.75145831e-03
67500 6.75000000e+03 3.25885136e-03 -1.88718806e-03 3.76584532e-03
67600 6.76000000e+03 3.26808542e-03 -1.88739644e-03 3.77394325e-03
67700 6.77000000e+03 3.23144067e-03 -1.84118876e-03 3.71916454e-03
67800 6.78000000e+03 3.32065462e-03 -1.89311791e-03 3.82238702e-03
67900 6.79000000e+03 3.38709564e-03 -2.09321245e-03 3.98170255e-03
68000 6.80000000e+03 3.39960260e-03 -2.16835225e-03 4.03225115e-03
68100 6.81000000e+03 3.34160565e-03 -1.98073918e-03 3.88454065e-03
68200 6.82000000e+03 3.32812523e-03 -1.84773107e-03 3.80664256e-03
68300 6.83000000e+03 3.46696889e-03 -2.05863034e-03 4.03210022e-03
68400 6.84000000e+03 3.38808727e-03 -1.85480050e-03 3.86256653e-03
68500 6.85000000e+03 3.37588298e-03 -1.90977892e-03 3.87863912e-03
68600 6.86000000e+03 3.35556781e-03 -1.72611780e-03 3.77350208e-03
68700 6.87000000e+03 3.38699855e-03 -1.86345517e-03 3.86577603e-03
68800 6.88000000e+03 3.28648509e-03 -1.96399167e-03 3.82860909e-03
68900 6.89000000e+03 3.24034947e-03 -1.96454534e-03 3.78936711e-03
69000 6.90000000e+03 3.19033302e-03 -1.87736226e-03 3.70171769e-03
69100 6.91000000e+03 3.20078782e-03 -1.87449320e-03 3.70928125e-03
69200 6.92000000e+03 3.23666795e-03 -2.05253274e-03 3.83261139e-03
69300 6.93000000e+03 3.25368647e-03 -1.98897975e-03 3.81346511e-03
69400 6.94000000e+03 3.15963686e-03 -1.72594062e-03 3.60030223e-03
69500 6.95000000e+03 3.23889544e-03 -1.81203021e-03 3.71132014e-03
69600 6.96000000e+03 3.24111106e-03 -1.73602975e-03 3.67676491e-03
69700 6.97000000e+03 3.23604653e-03 -1.72831281e-03 3.66865947e-03
69800 6.98000000e+03 3.28389509e-03 -1.95030484e-03 3.81937899e-03
69900 6.99000000e+03 3.17366398e-03 -1.97756314e-03 3.73937147e-03
70000 7.00000000e+03 3.35162831e-03 -2.13933876e-03 3.97620204e-03
70100 7.01000000e+03 3.26109002e-03 -2.25570332e-03 3.96521193e-03
70200 7.02000000e+03 3.23090516e-03 -2.34086206e-03 3.98978487e-03
70300 7.03000000e+03 3.22918594e-03 -2.28485861e-03 3.95578320e-03
70400 7.04000000e+03 3.34723759e-03 -2.20477208e-03 4.00811919e-03
70500 7.05000000e+03 3.21858912e-03 -2.14398908e-03 3.86729946e-03
70600 7.06000000e+03 3.21281236e-03 -1.95127341e-03 3.75894017e-03
70700 7.07000000e+03 3.23969685e-03 -2.30545015e-03 3.97627163e-03
70800 7.08000000e+03 3.10532469e-03 -2.23031314e-03 3.82326276e-03
70900 7.09000000e+03 3.09219724e-03 -1.99619238e-03 3.68055265e-03
71000 7.10000000e+03 3.07507603e-03 -2.12583179e-03 3.73834902e-03
71100 7.11000000e+03 3.03747295e-03 -2.21385318e-03 3.75864176e-03
71200 7.12000000e+03 2.96200044e-03 -2.25808634e-03 3.72456716e-03
71300 7.13000000e+03 3.03898519e-03 -2.22833687e-03 3.76841030e-03
71400 7.14000000e+03 3.03291134e-03 -2.42809393e-03 3.88512436e-03
71500 7.15000000e+03 3.14802094e-03 -2.45772791e-03 3.99380299e-03
71600 7.16000000e+03 3.15389968e-03 -2.27772025e-03 3.89038466e-03
71700 7.17000000e+03 3.29923024e-03 -2.22215708e-03 3.97780119e-03
71800 7.18000000e+03 3.34766135e-03 -2.23310431e-03 4.02412616e-03
71900 7.19000000e+03 3.23812431e-03 -2.11727270e-03 3.86888779e-03
72000 7.20000000e+03 3.23042460e-03 -1.99371274e-03 3.79612086e-03
72100 7.21000000e+03 3.12146568e-03 -1.83577370e-03 3.62127230e-03
72200 7.22000000e+03 3.22871609e-03 -1.87655562e-03 3.73444354e-03
72300 7.23000000e+03 3.29219154e-03 -2.00174190e-03 3.85298531e-03
72400 7.24000000e+03 3.35914502e-03 -1.96067616e-03 3.88948663e-03
72500 7.25000000e+03 3.35230376e-03 -1.89186167e-03 3.84929618e-03
72600 7.26000000e+03 3.44276987e-03 -1.88324298e-03 3.92419017e-03
72700 7.27000000e+03 3.41820065e-03 -1.82119140e-03 3.87309099e-03
72800 7.28000000e+03 3.44021851e-03 -2.17794324e-03 4.07167535e-03
72900 7.29000000e+03 3.40609648e-03 -2.33170483e-03 4.12775250e-03
73000 7.30000000e+03 3.39711807e-03 -2.33807601e-03 4.12395570e-03
73100 7.31000000e+03 3.41084786e-03 -2.15351162e-03 4.03379417e-03
73200 7.32000000e+03 3.29648028e-03 -2.02647806e-03 3.86954721e-03
73300 7.33000000e+03 3.32765654e-03 -1.94862531e-03 3.85622077e-03
73400 7.34000000e+03 3.32376221e-03 -1.74097414e-03 3.75211756e-03
73500 7.35000000e+03 3.20769055e-03 -1.64286920e-03 3.60392812e-03
73600 7.36000000e+03 3.21490993e-03 -1.67185301e-03 3.62363606e-03
73700 7.37000000e+03 3.09297256e-03 -1.45399699e-03 3.41768730e-03
73800 7.38000000e+03 3.04922927e-03 -1.35102181e-03 3.33512505e-03
73900 7.39000000e+03 3.11751943e-03 -1.57875649e-03 3.49448129e-03
74000 7.40000000e+03 3.07335937e-03 -1.70042017e-03 3.51240183e-03
74100 7.41000000e+03 3.00822314e-03 -1.56849390e-03 3.39257713e-03
74200 7.42000000e+03 3.07077984e-03 -1.58646645e-03 3.45638028e-03
74300 7.43000000e+03 3.11226072e-03 -1.52347609e-03 3.46513292e-03
74400 7.44000000e+03 3.12353298e-03 -1.39344705e-03 3.42025627e-03
74500 7.45000000e+03 3.00937798e-03 -1.35393324e-03 3.29992288e-03
74600 7.46000000e+03 2.90548522e-03 -1.26352394e-03 3.16833349e-03
74700 7.47000000e+03 2.79891095e-03 -1.27369259e-03 3.07509273e-03
74800 7.48000000e+03 2.73523945e-03 -1.37418020e-03 3.06103023e-03
74900 7.49000000e+03 2.65480927e-03 -1.19317207e-03 2.91061365e-03
75000 7.50000000e+03 2.72175157e-03 -1.09403278e-03 2.93340065e-03
75100 7.51000000e+03 2.60568340e-03 -1.07163517e-03 2.81744351e-03
75200 7.52000000e+03 2.69933115e-03 -1.06503954e-03 2.90184387e-03
75300 7.53000000e+03 2.86873756e-03 -1.30366453e-03 3.15106274e-03
75400 7.54000000e+03 2.89297802e-03 -1.36066135e-03 3.19698626e-03
75500 7.55000000e+03 2.98936851e-03 -1.35129842e-03 3.28059926e-03
75600 7.56000000e+03 2.94307643e-03 -1.36140385e-03 3.24270247e-03
75700 7.57000000e+03 2.95349048e-03 -1.53964071e-03 3.33070556e-03
75800 7.58000000e+03 2.86938553e-03 -1.54032977e-03 3.25668376e-03
75900 7.59000000e+03 2.91534862e-03 -1.55347306e-03 3.30341281e-03
76000 7.60000000e+03 3.07811750e-03 -1.79568632e-03 3.56360726e-03
76100 7.61000000e+03 3.14365141e-03 -1.84547622e-03 3.64531572e-03
76200 7.62000000e+03 3.19256517e-03 -1.87128258e-03 3.70056359e-03
76300 7.63000000e+03 3.15824361e-03 -1.80586765e-03 3.63808475e-03
76400 7.64000000e+03 3.16222804e-03 -1.81331695e-03 3.64524410e-03
76500 7.65000000e+03 3.05965054e-03 -1.63757906e-03 3.47032082e-03
76600 7.66000000e+03 3.06329178e-03 -1.52582163e-03 3.42226360e-03
76700 7.67000000e+03 2.97524943e-03 -1.45405577e-03 3.31155362e-03
76800 7.68000000e+03 2.94708484e-03 -1.53351901e-03 3.32219650e-03
76900 7.69000000e+03 3.09453346e-03 -1.53132447e-03 3.45269343e-03
77000 7.70000000e+03 3.24526732e-03 -1.64121133e-03 3.63666531e-03
77100 7.71000000e+03 3.40267923e-03 -1.92220090e-03 3.90807910e-03
77200 7.72000000e+03 3.41101247e-03 -1.88297778e-03 3.89623041e-03
77300 7.73000000e+03 3.59402341e-03 -2.04310846e-03 4.13416212e-03
77400 7.74000000e+03 3.50747327e-03 -1.94227288e-03 4.00933819e-03
77500 7.75000000e+03 3.48642585e-03 -1.81653083e-03 3.93127835e-03
77600 7.76000000e+03 3.34669463e-03 -1.83336716e-03 3.81596647e-03
77700 7.77000000e+03 3.30630364e-03 -1.77673006e-03 3.75345354e-03
77800 7.78000000e+03 3.22165038e-03 -1.66108902e-03 3.62467210e-03
77900 7.79000000e+03 3.20803653e-03 -1.66636042e-03 3.61500421e-03
78000 7.80000000e+03 3.33986338e-03 -2.08498491e-03 3.93723881e-03
78100 7.81000000e+03 3.33007053e-03 -2.10190169e-03 3.93793860e-03
78200 7.82000000e+03 3.34152952e-03 -2.02364498e-03 3.90652768e-03
78300 7.83000000e+03 3.31747462e-03 -1.95397204e-03 3.85014864e-03
78400 7.84000000e+03 3.21413158e-03 -1.73932011e-03 3.65456923e-03
78500 7.85000000e+03 3.19655309e-03 -1.80099974e-03 3.66899874e-03
78600 7.86000000e+03 3.25795193e-03 -1.97789585e-03 3.81134134e-03
78700 7.87000000e+03 3.30652669e-03 -1.95523049e-03 3.84135979e-03
78800 7.88000000e+03 3.39074060e-03 -2.00331048e-03 3.93832131e-03
78900 7.89000000e+03 3.35802045e-03 -2.18461198e-03 4.00609920e-03
79000 7.90000000e+03 3.49317188e-03 -2.03794148e-03 4.04418784e-03
79100 7.91000000e+03 3.28823971e-03 -1.94969797e-03 3.82280558e-03
79200 7.92000000e+03 3.33817047e-03 -2.04084907e-03 3.91260105e-03
79300 7.93000000e+03 3.38815479e-03 -1.94399862e-03 3.90624161e-03
79400 7.94000000e+03 3.39553552e-03 -1.90512254e-03 3.89347574e-03
79500 7.95000000e+03 3.39659629e-03 -1.79431937e-03 3.84141229e-03
79600 7.96000000e+03 3.29774222e-03 -1.91695290e-03 3.81442160e-03
79700 7.97000000e+03 3.31172394e-03 -1.87254627e-03 3.80446382e-03
79800 7.98000000e+03 3.22005711e-03 -1.97884114e-03 3.77949469e-03
79900 7.99000000e+03 3.20446584e-03 -1.96201494e-03 3.75740655e-03
80000 8.00000000e+03 3.13306344e-03 -1.80722889e-03 3.61692726e-03
80100 8.01000000e+03 3.22186830e-03 -1.85921811e-03 3.71982894e-03
80200 8.02000000e+03 3.27194994e-03 -1.94916967e-03 3.80853237e-03
80300 8.03000000e+03 3.20713199e-03 -1.89229520e-03 3.72377184e-03
80400 8.04000000e+03 3.21733067e-03 -1.73793943e-03 3.65672669e-03
80500 8.05000000e+03 3.18150199e-03 -1.73294649e-03 3.62285225e-03
80600 8.06000000e+03 3.18094087e-03 -1.65523635e-03 3.58583215e-03
80700 8.07000000e+03 3.30046844e-03 -1.87812652e-03 3.79742691e-03
80800 8.08000000e+03 3.23046069e-03 -1.87349005e-03 3.73441310e-03
80900 8.09000000e+03 3.21973860e-03 -2.14316323e-03 3.86779851e-03
81000 8.10000000e+03 3.21520586e-03 -2.21350091e-03 3.90347729e-03
81100 8.11000000e+03 3.20348470e-03 -2.16585118e-03 3.86694007e-03
81200 8.12000000e+03 3.24228802e-03 -2.34513590e-03 4.00151146e-03
81300 8.13000000e+03 3.26098548e-03 -2.26135482e-03 3.96834373e-03
81400 8.14000000e+03 3.30258394e-03 -2.12942436e-03 3.92956852e-03
81500 8.15000000e+03 3.18298978e-03 -2.06268183e-03 3.79289866e-03
81600 8.16000000e+03 3.27527383e-03 -2.11327756e-03 3.89786618e-03
81700 8.17000000e+03 3.23915249e-03 -2.29458744e-03 3.96953906e-03
81800 8.18000000e+03 3.07125319e-03 -2.14265264e-03 3.74480393e-03
81900 8.19000000e+03 3.05031100e-03 -1.91545335e-03 3.60185490e-03
82000 8.20000000e+03 3.15674790e-03 -2.16556434e-03 3.82814919e-03
82100 8.21000000e+03 2.99482350e-03 -2.38498510e-03 3.82846206e-03
82200 8.22000000e+03 2.93116551e-03 -2.17319676e-03 3.64890605e-03
82300 8.23000000e+03 3.15415673e-03 -2.50907009e-03 4.03040164e-03
82400 8.24000000e+03 3.06939939e-03 -2.37013935e-03 3.87798571e-03
82500 8.25000000e+03 3.11825657e-03 -2.36047548e-03 3.91092937e-03
82600 8.26000000e+03 3.20316665e-03 -2.22283462e-03 3.89888065e-03
82700 8.27000000e+03 3.30191664e-03 -2.19392427e-03 3.96433566e-03
82800 8.28000000e+03 3.32336267e-03 -2.29072990e-03 4.03635763e-03
82900 8.29000000e+03 3.23332334e-03 -2.08667899e-03 3.84819555e-03
83000 8.30000000e+03 3.17508215e-03 -1.88825373e-03 3.69413708e-03
83100 8.31000000e+03 3.07217310e-03 -1.75367831e-03 3.53746169e-03
83200 8.32000000e+03 3.34284315e-03 -1.95551547e-03 3.87280791e-03
83300 8.33000000e+03 3.27901542e-03 -1.97534845e-03 3.82804698e-03
83400 8.34000000e+03 3.46090691e-03 -1.94470689e-03 3.96985662e-03
83500 8.35000000e+03 3.40760686e-03 -1.90276792e-03 3.90285924e-03
83600 8.36000000e+03 3.40646482e-03 -1.85717223e-03 3.87983135e-03
83700 8.37000000e+03 3.34192766e-03 -1.88040198e-03 3.83463063e-03
83800 8.38000000e+03 3.54051823e-03 -2.35618069e-03 4.25286454e-03
83900 8.39000000e+03 3.37276352e-03 -2.32111523e-03 4.09427767e-03
84000 8.40000000e+03 3.35596548e-03 -2.24478543e-03 4.03751978e-03
84100 8.41000000e+03 3.36416508e-03 -2.06070091e-03 3.94513560e-03
84200 8.42000000e+03 3.25661572e-03 -1.93609647e-03 3.78866935e-03
84300 8.43000000e+03 3.28302407e-03 -1.85117498e-03 3.76896482e-03
84400 8.44000000e+03 3.21647897e-03 -1.71567174e-03 3.64544462e-03
84500 8.45000000e+03 3.23384977e-03 -1.69440545e-03 3.65086211e-03
84600 8.46000000e+03 3.19389952e-03 -1.66320289e-03 3.60100514e-03
84700 8.47000000e+03 3.04233166e-03 -1.37373828e-03 3.33810408e-03
84800 8.48000000e+03 3.13825486e-03 -1.34968059e-03 3.41617934e-03
84900 8.49000000e+03 3.17764096e-03 -1.64193870e-03 3.57678134e-03
85000 8.50000000e+03 3.02190846e-03 -1.72892271e-03 3.48153766e-03
85100 8.51000000e+03 3.03279283e-03 -1.54849992e-03 3.40524365e-03
85200 8.52000000e+03 3.03122262e-03 -1.50584697e-03 3.38465444e-03
85300 8.53000000e+03 3.06853582e-03 -1.44136650e-03 3.39019903e-03
85400 8.54000000e+03 3.11763398e-03 -1.39097462e-03 3.41386175e-03
85500 8.55000000e+03 3.03065917e-03 -1.31333666e-03 3.30299079e-03
85600 8.56000000e+03 2.87948060e-03 -1.27052632e-03 3.14732357e-03
85700 8.57000000e+03 2.74959579e-03 -1.30041817e-03 3.04160557e-03
85800 8.58000000e+03 2.69682962e-03 -1.29492278e-03 2.99160742e-03
85900 8.59000000e+03 2.60914816e-03 -1.12407212e-03 2.84098438e-03
86000 8.60000000e+03 2.67579011e-03 -1.03206944e-03 2.86792957e-03
86100 8.61000000e+03 2.56475876e-03 -1.01851393e-03 2.75959383e-03
86200 8.62000000e+03 2.65835272e-03 -1.01485127e-03 2.84548103e-03
86300 8.63000000e+03 2.89126253e-03 -1.29553501e-03 3.16825030e-03
86400 8.64000000e+03 2.84973043e-03 -1.29173300e-03 3.12882369e-03
86500 8.65000000e+03 2.94823409e-03 -1.28918712e-03 3.21777682e-03
86600 8.66000000e+03 2.91245827e-03 -1.37742469e-03 3.22175603e-03
86700 8.67000000e+03 2.98412098e-03 -1.64530729e-03 3.40764054e-03
86800 8.68000000e+03 2.89657991e-03 -1.53713149e-03 3.27916886e-03
86900 8.69000000e+03 2.94490834e-03 -1.53058546e-03 3.31891202e-03
87000 8.70000000e+03 3.03905457e-03 -1.72664796e-03 3.49530626e-03
87100 8.71000000e+03 3.20410356e-03 -1.88688026e-03 3.71841320e-03
87200 8.72000000e+03 3.20643559e-03 -1.85685512e-03 3.70528543e-03
87300 8.73000000e+03 3.24541470e-03 -1.78435922e-03 3.70360020e-03
87400 8.74000000e+03 3.12028150e-03 -1.73434161e-03 3.56988760e-03
87500 8.75000000e+03 3.02368728e-03 -1.56471517e-03 3.40455847e-03
87600 8.76000000e+03 3.03026475e-03 -1.46151031e-03 3.36430035e-03
87700 8.77000000e+03 2.98421457e-03 -1.47000328e-03 3.32662686e-03
87800 8.78000000e+03 3.08059482e-03 -1.55673258e-03 3.45159105e-03
87900 8.79000000e+03 3.06792650e-03 -1.46951387e-03 3.40171193e-03
88000 8.80000000e+03 3.21376324e-03 -1.56523089e-03 3.57466389e-03
88100 8.81000000e+03 3.37312277e-03 -1.84986403e-03 3.84707086e-03
88200 8.82000000e+03 3.48511385e-03 -2.05693743e-03 4.04685188e-03
88300 8.83000000e+03 3.55459517e-03 -1.96864665e-03 4.06333809e-03
88400 8.84000000e+03 3.47123481e-03 -1.86125294e-03 3.93874772e-03
88500 8.85000000e+03 3.44800856e-03 -1.74281991e-03 3.86344202e-03
88600 8.86000000e+03 3.37791722e-03 -1.82987237e-03 3.84171286e-03
88700 8.87000000e+03 3.30140325e-03 -1.85322273e-03 3.78598705e-03
88800 8.88000000e+03 3.18787852e-03 -1.58777554e-03 3.56140431e-03
88900 8.89000000e+03 3.20871640e-03 -1.78484677e-03 3.67172152e-03
89000 8.90000000e+03 3.36714298e-03 -2.17575370e-03 4.00893453e-03
89100 8.91000000e+03 3.30683403e-03 -2.04154011e-03 3.88626264e-03
89200 8.92000000e+03 3.39862145e-03 -1.95489288e-03 3.92074406e-03
89300 8.93000000e+03 3.28455446e-03 -1.88755663e-03 3.78829355e-03
89400 8.94000000e+03 3.15282401e-03 -1.76062610e-03 3.61110834e-03
89500 8.95000000e+03 3.18943476e-03 -1.80958735e-03 3.66702884e-03
89600 8.96000000e+03 3.23167862e-03 -1.91571971e-03 3.75682429e-03
89700 8.97000000e+03 3.27859446e-03 -1.88478653e-03 3.78174588e-03
89800 8.98000000e+03 3.40994378e-03 -2.00447929e-03 3.95545873e-03
89900 8.99000000e+03 3.48466216e-03 -2.15442805e-03 4.09688059e-03
90000 9.00000000e+03 3.42046912e-03 -2.04800558e-03 3.98671994e-03
90100 9.01000000e+03 3.31868604e-03 -1.95100787e-03 3.84968943e-03
90200 9.02000000e+03 3.41445790e-03 -2.09595589e-03 4.00643904e-03
90300 9.03000000e+03 3.39809689e-03 -1.94400537e-03 3.91487156e-03
90400 9.04000000e+03 3.36020486e-03 -1.83087122e-03 3.82662595e-03
90500 9.05000000e+03 3.37134791e-03 -1.80926500e-03 3.82615036e-03
90600 9.06000000e+03 3.32478993e-03 -1.91502203e-03 3.83686557e-03
90700 9.07000000e+03 3.23554152e-03 -1.88179279e-03 3.74297649e-03
90800 9.08000000e+03 3.25981737e-03 -1.97783555e-03 3.81290477e-03
90900 9.09000000e+03 3.17680510e-03 -1.88273308e-03 3.69280036e-03
91000 9.10000000e+03 3.18034156e-03 -1.79652532e-03 3.65268062e-03
91100 9.11000000e+03 3.21158580e-03 -1.97885861e-03 3.77228906e-03
91200 9.12000000e+03 3.24341818e-03 -1.88413402e-03 3.75096287e-03
91300 9.13000000e+03 3.17835668e-03 -1.81595865e-03 3.66055419e-03
91400 9.14000000e+03 3.15892370e-03 -1.75522733e-03 3.61380990e-03
91500 9.15000000e+03 3.29188700e-03 -1.75656122e-03 3.73122330e-03
91600 9.16000000e+03 3.22082872e-03 -1.74049428e-03 3.66101870e-03
91700 9.17000000e+03 3.26560321e-03 -1.78921036e-03 3.72363238e-03
91800 9.18000000e+03 3.18479771e-03 -1.97977666e-03 3.74999361e-03
91900 9.19000000e+03 3.23610986e-03 -2.14673881e-03 3.88341274e-03
92000 9.20000000e+03 3.26195662e-03 -2.27361685e-03 3.97614066e-03
92100 9.21000000e+03 3.20268981e-03 -2.17821007e-03 3.87321845e-03
92200 9.22000000e+03 3.21887247e-03 -2.28183880e-03 3.94562141e-03
92300 9.23000000e+03 3.29904002e-03 -2.24697357e-03 3.99156051e-03
92400 9.24000000e+03 3.27633508e-03 -2.06288625e-03 3.87167551e-03
92500 9.25000000e+03 3.16266576e-03 -1.98721071e-03 3.73516547e-03
92600 9.26000000e+03 3.22343037e-03 -2.33407202e-03 3.97974817e-03
92700 9.27000000e+03 3.15269665e-03 -2.26767897e-03 3.88353757e-03
92800 9.28000000e+03 3.11678462e-03 -2.11036159e-03 3.76403671e-03
92900 9.29000000e+03 3.10310582e-03 -1.97338732e-03 3.67743433e-03
93000 9.30000000e+03 3.05035827e-03 -2.23878818e-03 3.78376242e-03
93100 9.31000000e+03 2.97167571e-03 -2.37738877e-03 3.80563186e-03
93200 9.32000000e+03 2.97645526e-03 -2.16613547e-03 3.68122653e-03
93300 9.33000000e+03 3.14623094e-03 -2.55993940e-03 4.05611376e-03
93400 9.34000000e+03 3.13019124e-03 -2.50334898e-03 4.00809847e-03
93500 9.35000000e+03 3.15907877e-03 -2.40296777e-03 3.96913502e-03
93600 9.36000000e+03 3.17719206e-03 -2.13344372e-03 3.82702646e-03
93700 9.37000000e+03 3.34555982e-03 -2.13738880e-03 3.97003796e-03
93800 9.38000000e+03 3.28717683e-03 -2.17112782e-03 3.93945778e-03
93900 9.39000000e+03 3.20367306e-03 -2.08079466e-03 3.82010830e-03
94000 9.40000000e+03 3.13263666e-03 -1.79511297e-03 3.61051839e-03
94100 9.41000000e+03 3.08323093e-03 -1.75640802e-03 3.54841966e-03
94200 9.42000000e+03 3.35985865e-03 -2.03167251e-03 3.92636515e-03
94300 9.43000000e+03 3.29238037e-03 -1.95374549e-03 3.82843178e-03
94400 9.44000000e+03 3.39939096e-03 -2.02619401e-03 3.95743870e-03
94500 9.45000000e+03 3.49960662e-03 -2.03352794e-03 4.04752794e-03
94600 9.46000000e+03 3.35723208e-03 -1.75480347e-03 3.78818459e-03
94700 9.47000000e+03 3.46097886e-03 -1.87323056e-03 3.93539927e-03
94800 9.48000000e+03 3.42409173e-03 -2.38435226e-03 4.17247407e-03
94900 9.49000000e+03 3.38738179e-03 -2.39732955e-03 4.14988486e-03
95000 9.50000000e+03 3.39080393e-03 -2.22004438e-03 4.05291850e-03
95100 9.51000000e+03 3.36083653e-03 -2.05963477e-03 3.94174043e-03
95200 9.52000000e+03 3.22295097e-03 -1.85079034e-03 3.71656264e-03
95300 9.53000000e+03 3.32375197e-03 -1.79867668e-03 3.77922809e-03
95400 9.54000000e+03 3.17697157e-03 -1.62673439e-03 3.56923145e-03
95500 9.55000000e+03 3.24189267e-03 -1.66473235e-03 3.64433833e-03
95600 9.56000000e+03 3.15025472e-03 -1.57415809e-03 3.52165849e-03
95700 9.57000000e+03 3.05999094e-03 -1.36949972e-03 3.35247282e-03
95800 9.58000000e+03 3.09097418e-03 -1.36276346e-03 3.37805352e-03
95900 9.59000000e+03 3.13507020e-03 -1.56866678e-03 3.50562129e-03
96000 9.60000000e+03 3.04987351e-03 -1.70181540e-03 3.49254980e-03
96100 9.61000000e+03 3.11500346e-03 -1.70795352e-03 3.55251345e-03
96200 9.62000000e+03 3.03130900e-03 -1.51373260e-03 3.38824742e-03
96300 9.63000000e+03 3.10347090e-03 -1.51586544e-03 3.45389340e-03
96400 9.64000000e+03 3.01598664e-03 -1.38459331e-03 3.31862533e-03
96500 9.65000000e+03 2.91811256e-03 -1.29397213e-03 3.19213796e-03
96600 9.66000000e+03 2.85699312e-03 -1.37449941e-03 3.17043503e-03
96700 9.67000000e+03 2.71095801e-03 -1.23706355e-03 2.97986905e-03
96800 9.68000000e+03 2.65997858e-03 -1.22188218e-03 2.92719697e-03
96900 9.69000000e+03 2.65131937e-03 -1.07360340e-03 2.86044030e-03
97000 9.70000000e+03 2.63207429e-03 -1.06526911e-03 2.83947413e-03
97100 9.71000000e+03 2.67901341e-03 -1.09236990e-03 2.89316174e-03
97200 9.72000000e+03 2.73263245e-03 -1.11118273e-03 2.94991647e-03
97300 9.73000000e+03 2.94838753e-03 -1.47069781e-03 3.29483551e-03
97400 9.74000000e+03 2.97284243e-03 -1.38687005e-03 3.28042690e-03
97500 9.75000000e+03 2.99178460e-03 -1.34343596e-03 3.27957242e-03
97600 9.76000000e+03 2.89277267e-03 -1.39764906e-03 3.21271795e-03
97700 9.77000000e+03 2.95580551e-03 -1.57482515e-03 3.34915817e-03
97800 9.78000000e+03 2.97188852e-03 -1.67208526e-03 3.40998394e-03
97900 9.79000000e+03 2.99775414e-03 -1.56863010e-03 3.38336080e-03
98000 9.80000000e+03 3.16351326e-03 -1.87444431e-03 3.67713987e-03
98100 9.81000000e+03 3.26582929e-03 -1.89737289e-03 3.77699151e-03
98200 9.82000000e+03 3.15159513e-03 -1.86074188e-03 3.65990603e-03
98300 9.83000000e+03 3.15654441e-03 -1.86576170e-03 3.66672051e-03
98400 9.84000000e+03 3.08311195e-03 -1.65734161e-03 3.50033720e-03
98500 9.85000000e+03 3.07146669e-03 -1.53854711e-03 3.43526343e-03
98600 9.86000000e+03 2.95457570e-03 -1.47800532e-03 3.30363698e-03
98700 9.87000000e+03 2.97821662e-03 -1.63596030e-03 3.39796121e-03
98800 9.88000000e+03 3.04455031e-03 -1.57986186e-03 3.43005103e-03
98900 9.89000000e+03 3.22940061e-03 -1.59597537e-03 3.60224453e-03
99000 9.90000000e+03 3.25121591e-03 -1.55734376e-03 3.60495832e-03
99100 9.91000000e+03 3.34477890e-03 -1.77938608e-03 3.78863573e-03
99200 9.92000000e+03 3.56005738e-03 -2.11019884e-03 4.13847166e-03
99300 9.93000000e+03 3.49185499e-03 -1.97832030e-03 4.01332811e-03
99400 9.94000000e+03 3.49824294e-03 -1.84977299e-03 3.95719140e-03
99500 9.95000000e+03 3.38686048e-03 -1.97229325e-03 3.91928113e-03
99600 9.96000000e+03 3.35187186e-03 -1.82313251e-03 3.81560704e-03
99700 9.97000000e+03 3.26720532e-03 -1.77232979e-03 3.71695890e-03
99800 9.98000000e+03 3.23674036e-03 -1.67159003e-03 3.64289739e-03
99900 9.99000000e+03 3.26348492e-03 -2.04894878e-03 3.85337838e-03
100000 1.00000000e+04 3.34083289e-03 -2.10721442e-03 3.94987557e-03
