# step  t  vx_mean  vy_mean  vmag_mean
0 0.00000000e+00 4.77973092e-03 -3.86575796e-03 6.14735002e-03
100 1.00000000e+01 4.71487362e-03 -3.99526954e-03 6.17998478e-03
200 2.00000000e+01 4.66527231e-03 -3.79733602e-03 6.01535756e-03
300 3.00000000e+01 4.66292631e-03 -3.75314197e-03 5.98572939e-03
400 4.00000000e+01 4.54416219e-03 -3.42976488e-03 5.69321501e-03
500 5.00000000e+01 4.51760739e-03 -3.14803817e-03 5.50626197e-03
600 6.00000000e+01 4.43698186e-03 -3.08963424e-03 5.40672246e-03
700 7.00000000e+01 4.43141023e-03 -2.80410447e-03 5.24408223e-03
800 8.00000000e+01 4.48645279e-03 -3.06483195e-03 5.43336484e-03
900 9.00000000e+01 4.31426195e-03 -2.86447071e-03 5.17861455e-03
1000 1.00000000e+02 4.31489758e-03 -2.78649153e-03 5.13642640e-03
1100 1.10000000e+02 4.28938214e-03 -2.69197486e-03 5.06414137e-03
1200 1.20000000e+02 4.28614253e-03 -2.62872060e-03 5.02804035e-03
1300 1.30000000e+02 4.25872998e-03 -2.50333943e-03 4.93998880e-03
1400 1.40000000e+02 4.38265875e-03 -2.66957586e-03 5.13169884e-03
1500 1.50000000e+02 4.18333570e-03 -2.74491147e-03 5.00348244e-03
1600 1.60000000e+02 4.15229565e-03 -2.73716450e-03 4.97329153e-03
1700 1.70000000e+02 3.99991451e-03 -2.60910252e-03 4.77563944e-03
1800 1.80000000e+02 3.94104375e-03 -2.61511863e-03 4.72976440e-03
1900 1.90000000e+02 3.78864678e-03 -2.52268207e-03 4.55167763e-03
2000 2.00000000e+02 3.88424448e-03 -2.70274607e-03 4.73203883e-03
2100 2.10000000e+02 3.94217204e-03 -2.49697384e-03 4.66643320e-03
2200 2.20000000e+02 4.22132993e-03 -2.62902793e-03 4.97306890e-03
2300 2.30000000e+02 4.26304573e-03 -2.77264975e-03 5.08538549e-03
2400 2.40000000e+02 4.37056134e-03 -3.00369132e-03 5.30320356e-03
2500 2.50000000e+02 4.40687081e-03 -3.08754621e-03 5.38084119e-03
2600 2.60000000e+02 4.48507676e-03 -3.11609940e-03 5.46131751e-03
2700 2.70000000e+02 4.57747187e-03 -3.12166661e-03 5.54058221e-03
2800 2.80000000e+02 4.78649000e-03 -3.13301687e-03 5.72068888e-03
2900 2.90000000e+02 4.47881967e-03 -3.32748657e-03 5.57960505e-03
3000 3.00000000e+02 4.52285632e-03 -3.36924056e-03 5.63985915e-03
3100 3.10000000e+02 4.37563797e-03 -3.42966150e-03 5.55956704e-03
3200 3.20000000e+02 4.46548406e-03 -3.29590007e-03 5.55009055e-03
3300 3.30000000e+02 4.31000534e-03 -3.12621612e-03 5.32441295e-03
3400 3.40000000e+02 4.17793076e-03 -3.03245359e-03 5.16244906e-03
3500 3.50000000e+02 4.09483816e-03 -2.85859522e-03 4.99392293e-03
3600 3.60000000e+02 4.30056453e-03 -2.72496324e-03 5.09119631e-03
3700 3.70000000e+02 4.19809902e-03 -2.37133633e-03 4.82154243e-03
3800 3.80000000e+02 4.40737884e-03 -2.36426620e-03 5.00147408e-03
3900 3.90000000e+02 4.33574896e-03 -2.21761968e-03 4.86996469e-03
4000 4.00000000e+02 4.09447122e-03 -2.20455090e-03 4.65024077e-03
4100 4.10000000e+02 4.25281562e-03 -2.53056968e-03 4.94875980e-03
4200 4.20000000e+02 4.18567890e-03 -2.30377028e-03 4.77778875e-03
4300 4.30000000e+02 4.15821280e-03 -2.42026080e-03 4.81127801e-03
4400 4.40000000e+02 4.03335970e-03 -2.49079149e-03 4.74046756e-03
4500 4.50000000e+02 4.02356545e-03 -2.26166751e-03 4.61564934e-03
4600 4.60000000e+02 4.15472733e-03 -2.40431679e-03 4.80026025e-03
4700 4.70000000e+02 4.10787296e-03 -2.26035994e-03 4.68869356e-03
4800 4.80000000e+02 4.12565982e-03 -2.44226609e-03 4.79434382e-03
4900 4.90000000e+02 4.30731382e-03 -2.57231994e-03 5.01694949e-03
5000 5.00000000e+02 4.51514870e-03 -2.73379125e-03 5.27827456e-03
5100 5.10000000e+02 4.53550648e-03 -2.69561540e-03 5.27609339e-03
5200 5.20000000e+02 4.38508950e-03 -2.73365434e-03 5.16738580e-03
5300 5.30000000e+02 4.69480688e-03 -2.90190522e-03 5.51926313e-03
5400 5.40000000e+02 4.43461817e-03 -2.73980619e-03 5.21271295e-03
5500 5.50000000e+02 4.54604952e-03 -2.83246534e-03 5.35625112e-03
5600 5.60000000e+02 4.51111700e-03 -2.93830852e-03 5.38366358e-03
5700 5.70000000e+02 4.56248363e-03 -3.15924408e-03 5.54951170e-03
5800 5.80000000e+02 4.73771105e-03 -2.90144840e-03 5.55556557e-03
5900 5.90000000e+02 4.81575541e-03 -3.08228889e-03 5.71769228e-03
6000 6.00000000e+02 4.84233676e-03 -2.80583231e-03 5.59650964e-03
6100 6.10000000e+02 4.71833907e-03 -2.61839153e-03 5.39617437e-03
6200 6.20000000e+02 4.79681417e-03 -2.64747953e-03 5.47892089e-03
6300 6.30000000e+02 4.83767968e-03 -2.79187225e-03 5.58548971e-03
6400 6.40000000e+02 4.79504094e-03 -2.93020578e-03 5.61947715e-03
6500 6.50000000e+02 4.82413080e-03 -2.91635515e-03 5.63714159e-03
6600 6.60000000e+02 4.81782062e-03 -2.64583342e-03 5.49652890e-03
6700 6.70000000e+02 4.66706464e-03 -2.51529925e-03 5.30171884e-03
6800 6.80000000e+02 4.73679323e-03 -2.57589878e-03 5.39188878e-03
6900 6.90000000e+02 4.70188260e-03 -2.78978213e-03 5.46722821e-03
7000 7.00000000e+02 4.70963679e-03 -2.88782432e-03 5.52450975e-03
7100 7.10000000e+02 4.62044682e-03 -3.01850447e-03 5.51904866e-03
7200 7.20000000e+02 4.55399416e-03 -2.70130415e-03 5.29489443e-03
7300 7.30000000e+02 4.52540210e-03 -2.57768994e-03 5.20804662e-03
7400 7.40000000e+02 4.57423972e-03 -2.63025844e-03 5.27654513e-03
7500 7.50000000e+02 4.62611672e-03 -2.83456803e-03 5.42547065e-03
7600 7.60000000e+02 4.61352523e-03 -2.96432339e-03 5.48377864e-03
7700 7.70000000e+02 4.71823104e-03 -2.94577493e-03 5.56231014e-03
7800 7.80000000e+02 4.78261709e-03 -3.14777275e-03 5.72554797e-03
7900 7.90000000e+02 4.89808246e-03 -3.22293513e-03 5.86332011e-03
8000 8.00000000e+02 4.59753582e-03 -3.12625244e-03 5.55974729e-03
8100 8.10000000e+02 4.56682034e-03 -3.29895644e-03 5.63373425e-03
8200 8.20000000e+02 4.54423483e-03 -3.00313858e-03 5.44691762e-03
8300 8.30000000e+02 4.52579977e-03 -2.76096421e-03 5.30148912e-03
8400 8.40000000e+02 4.41406853e-03 -2.94394605e-03 5.30573457e-03
8500 8.50000000e+02 4.31286544e-03 -2.82056723e-03 5.15329096e-03
8600 8.60000000e+02 4.36330354e-03 -2.59571336e-03 5.07702133e-03
8700 8.70000000e+02 4.30385582e-03 -2.73739290e-03 5.10063671e-03
8800 8.80000000e+02 4.26712586e-03 -2.63735419e-03 5.01637321e-03
8900 8.90000000e+02 4.13428620e-03 -2.45049200e-03 4.80595811e-03
9000 9.00000000e+02 4.01274581e-03 -2.55363202e-03 4.75638154e-03
9100 9.10000000e+02 4.09424864e-03 -2.84922775e-03 4.98808287e-03
9200 9.20000000e+02 4.10554279e-03 -2.79017747e-03 4.96392706e-03
9300 9.30000000e+02 4.31050640e-03 -2.73052696e-03 5.10257218e-03
9400 9.40000000e+02 4.30794526e-03 -2.69834837e-03 5.08325450e-03
9500 9.50000000e+02 4.15481394e-03 -2.64751562e-03 4.92664367e-03
9600 9.60000000e+02 4.04407084e-03 -2.55181617e-03 4.78186938e-03
9700 9.70000000e+02 3.89299542e-03 -2.21616030e-03 4.47959594e-03
9800 9.80000000e+02 3.75653687e-03 -2.26998888e-03 4.38912506e-03
9900 9.90000000e+02 3.78561812e-03 -2.52478803e-03 4.55032516e-03
10000 1.00000000e+03 3.77207855e-03 -2.29019718e-03 4.41288791e-03
10100 1.01000000e+03 3.93056776e-03 -2.63461494e-03 4.73186631e-03
10200 1.02000000e+03 3.93736595e-03 -3.14868544e-03 5.04153455e-03
10300 1.03000000e+03 3.99600156e-03 -2.91570672e-03 4.94665282e-03
10400 1.04000000e+03 4.01226152e-03 -2.74430262e-03 4.86101217e-03
10500 1.05000000e+03 4.16705990e-03 -3.11324326e-03 5.20160281e-03
10600 1.06000000e+03 4.10418399e-03 -3.11443512e-03 5.15209009e-03
10700 1.07000000e+03 4.26731212e-03 -3.10574425e-03 5.27784048e-03
10800 1.08000000e+03 4.28462075e-03 -3.26405093e-03 5.38627918e-03
10900 1.09000000e+03 4.25016973e-03 -3.36912414e-03 5.42355421e-03
11000 1.10000000e+03 4.47514048e-03 -3.30151198e-03 5.56119265e-03
11100 1.11000000e+03 4.51132748e-03 -3.17019899e-03 5.51382239e-03
11200 1.12000000e+03 4.56060003e-03 -2.99595902e-03 5.45663295e-03
11300 1.13000000e+03 4.50843340e-03 -2.67198822e-03 5.24075307e-03
11400 1.14000000e+03 4.52753715e-03 -2.63437582e-03 5.23817990e-03
11500 1.15000000e+03 4.58206469e-03 -2.62837252e-03 5.28239140e-03
11600 1.16000000e+03 4.49720724e-03 -2.58219917e-03 5.18581001e-03
11700 1.17000000e+03 4.42310702e-03 -2.62627052e-03 5.14404243e-03
11800 1.18000000e+03 4.51896107e-03 -2.79042614e-03 5.31107213e-03
11900 1.19000000e+03 4.62469878e-03 -2.75570992e-03 5.38347248e-03
12000 1.20000000e+03 4.56267316e-03 -2.72614742e-03 5.31506031e-03
12100 1.21000000e+03 4.56448225e-03 -2.51168176e-03 5.20989861e-03
12200 1.22000000e+03 4.52096201e-03 -2.40053167e-03 5.11875471e-03
12300 1.23000000e+03 4.44936380e-03 -2.38671037e-03 5.04908156e-03
12400 1.24000000e+03 4.41245455e-03 -2.46182084e-03 5.05275341e-03
12500 1.25000000e+03 4.26575961e-03 -2.55398219e-03 4.97187390e-03
12600 1.26000000e+03 4.33557294e-03 -2.63777934e-03 5.07494558e-03
12700 1.27000000e+03 4.23170254e-03 -2.66928598e-03 5.00323835e-03
12800 1.28000000e+03 4.10531973e-03 -2.80750706e-03 4.97350440e-03
12900 1.29000000e+03 4.30321507e-03 -3.01188254e-03 5.25253238e-03
13000 1.30000000e+03 4.23492258e-03 -3.02647799e-03 5.20520301e-03
13100 1.31000000e+03 4.25770227e-03 -3.06153810e-03 5.24414379e-03
13200 1.32000000e+03 4.21697274e-03 -3.15433042e-03 5.26618073e-03
13300 1.33000000e+03 4.23094677e-03 -3.27515416e-03 5.35047150e-03
13400 1.34000000e+03 4.20609117e-03 -2.93848244e-03 5.13087536e-03
13500 1.35000000e+03 4.19539260e-03 -3.10510164e-03 5.21948036e-03
13600 1.36000000e+03 4.30349028e-03 -3.03892931e-03 5.26831282e-03
13700 1.37000000e+03 4.21477668e-03 -2.90343049e-03 5.11803195e-03
13800 1.38000000e+03 4.15732339e-03 -2.91590113e-03 5.07797373e-03
13900 1.39000000e+03 4.19308990e-03 -2.87881261e-03 5.08621322e-03
14000 1.40000000e+03 4.47801314e-03 -2.82585481e-03 5.29509746e-03
14100 1.41000000e+03 4.51808935e-03 -3.01772216e-03 5.43321069e-03
14200 1.42000000e+03 4.66301898e-03 -3.00154183e-03 5.54553869e-03
14300 1.43000000e+03 4.58139926e-03 -2.66452879e-03 5.29989932e-03
14400 1.44000000e+03 4.76508308e-03 -2.93989456e-03 5.59901749e-03
14500 1.45000000e+03 4.78630140e-03 -2.84161721e-03 5.56627968e-03
14600 1.46000000e+03 4.89003258e-03 -2.77525885e-03 5.62267555e-03
14700 1.47000000e+03 4.87946672e-03 -2.64198915e-03 5.54881088e-03
14800 1.48000000e+03 4.94000409e-03 -2.59162160e-03 5.57854308e-03
14900 1.49000000e+03 4.99234209e-03 -2.69988785e-03 5.67563863e-03
15000 1.50000000e+03 5.04557556e-03 -2.68585258e-03 5.71591084e-03
15100 1.51000000e+03 4.88000829e-03 -2.66567059e-03 5.56060074e-03
15200 1.52000000e+03 4.84824413e-03 -2.87830713e-03 5.63827306e-03
15300 1.53000000e+03 4.80791414e-03 -2.91169737e-03 5.62085581e-03
15400 1.54000000e+03 4.97355172e-03 -3.04854289e-03 5.83350928e-03
15500 1.55000000e+03 4.90265852e-03 -3.06068803e-03 5.77960827e-03
15600 1.56000000e+03 5.04326262e-03 -3.04425787e-03 5.89084067e-03
15700 1.57000000e+03 5.29881241e-03 -3.23558529e-03 6.20857674e-03
15800 1.58000000e+03 5.05177770e-03 -3.02436482e-03 5.88788931e-03
15900 1.59000000e+03 4.91098501e-03 -2.83073448e-03 5.66840643e-03
16000 1.60000000e+03 4.84758941e-03 -2.88183731e-03 5.63951323e-03
16100 1.61000000e+03 4.79602441e-03 -2.74456991e-03 5.52580439e-03
16200 1.62000000e+03 4.66435589e-03 -2.69031944e-03 5.38461090e-03
16300 1.63000000e+03 4.46857465e-03 -2.85728299e-03 5.30398204e-03
16400 1.64000000e+03 4.42802766e-03 -2.73018423e-03 5.20205103e-03
16500 1.65000000e+03 4.18121694e-03 -2.88459333e-03 5.07971000e-03
16600 1.66000000e+03 4.10006614e-03 -2.74322391e-03 4.93313489e-03
16700 1.67000000e+03 3.96749284e-03 -2.75455182e-03 4.82996431e-03
16800 1.68000000e+03 3.98450112e-03 -2.79857381e-03 4.86911332e-03
16900 1.69000000e+03 4.03953111e-03 -3.02099437e-03 5.04422626e-03
17000 1.70000000e+03 4.06561233e-03 -2.76275049e-03 4.91548511e-03
17100 1.71000000e+03 4.11773333e-03 -2.75043398e-03 4.95182945e-03
17200 1.72000000e+03 4.13413718e-03 -2.66215904e-03 4.91713138e-03
17300 1.73000000e+03 4.24558902e-03 -2.75570713e-03 5.06151637e-03
17400 1.74000000e+03 4.22138814e-03 -2.78679049e-03 5.05829211e-03
17500 1.75000000e+03 4.35111858e-03 -2.90287659e-03 5.23057601e-03
17600 1.76000000e+03 4.14347136e-03 -2.51813931e-03 4.84864729e-03
17700 1.77000000e+03 4.05575521e-03 -2.49295030e-03 4.76066713e-03
17800 1.78000000e+03 4.09762701e-03 -2.69867317e-03 4.90646349e-03
17900 1.79000000e+03 4.03437484e-03 -2.55785184e-03 4.77690134e-03
18000 1.80000000e+03 3.90543696e-03 -2.51132250e-03 4.64318624e-03
18100 1.81000000e+03 3.96928983e-03 -2.74745561e-03 4.82739827e-03
18200 1.82000000e+03 3.87257454e-03 -2.53087678e-03 4.62624803e-03
18300 1.83000000e+03 4.03650291e-03 -2.60702707e-03 4.80519988e-03
18400 1.84000000e+03 4.04094812e-03 -3.06449202e-03 5.07152571e-03
18500 1.85000000e+03 4.18874528e-03 -2.93559581e-03 5.11500829e-03
18600 1.86000000e+03 4.30020597e-03 -2.75151804e-03 5.10515650e-03
18700 1.87000000e+03 4.49631084e-03 -2.84424191e-03 5.32038751e-03
18800 1.88000000e+03 4.61033639e-03 -2.87350593e-03 5.43251672e-03
18900 1.89000000e+03 4.56099119e-03 -2.76125874e-03 5.33171553e-03
19000 1.90000000e+03 4.49314574e-03 -2.64488277e-03 5.21380509e-03
19100 1.91000000e+03 4.64258669e-03 -2.68205814e-03 5.36162728e-03
19200 1.92000000e+03 4.55940329e-03 -2.81728548e-03 5.35959474e-03
19300 1.93000000e+03 4.46808850e-03 -2.67770560e-03 5.20902315e-03
19400 1.94000000e+03 4.43136971e-03 -2.68428260e-03 5.18096619e-03
19500 1.95000000e+03 4.35713958e-03 -2.46319757e-03 5.00519806e-03
19600 1.96000000e+03 4.47602011e-03 -2.68591382e-03 5.22004685e-03
19700 1.97000000e+03 4.60856827e-03 -2.85403430e-03 5.42073918e-03
19800 1.98000000e+03 4.62587830e-03 -2.70874402e-03 5.36060111e-03
19900 1.99000000e+03 4.68233554e-03 -2.57731229e-03 5.34479230e-03
20000 2.00000000e+03 4.47507482e-03 -2.52715405e-03 5.13933870e-03
20100 2.01000000e+03 4.56944760e-03 -2.60333484e-03 5.25901166e-03
20200 2.02000000e+03 4.51419177e-03 -2.89004948e-03 5.36006654e-03
20300 2.03000000e+03 4.51279851e-03 -2.66770134e-03 5.24232589e-03
20400 2.04000000e+03 4.50809812e-03 -2.96250149e-03 5.39438261e-03
20500 2.05000000e+03 4.33235150e-03 -2.77845282e-03 5.14675331e-03
20600 2.06000000e+03 4.47930489e-03 -3.08659393e-03 5.43978257e-03
20700 2.07000000e+03 4.40099230e-03 -2.93957815e-03 5.29243355e-03
20800 2.08000000e+03 4.52712923e-03 -2.99446960e-03 5.42786765e-03
20900 2.09000000e+03 4.57619084e-03 -3.15084471e-03 5.55601881e-03
21000 2.10000000e+03 4.60621295e-03 -3.14749964e-03 5.57888445e-03
21100 2.11000000e+03 4.62285057e-03 -3.11047258e-03 5.57187464e-03
21200 2.12000000e+03 4.61139763e-03 -3.08956020e-03 5.55070899e-03
21300 2.13000000e+03 4.62940894e-03 -3.04255728e-03 5.53972760e-03
21400 2.14000000e+03 4.46512178e-03 -2.87839398e-03 5.31248194e-03
21500 2.15000000e+03 4.52768290e-03 -2.86454149e-03 5.35775237e-03
21600 2.16000000e+03 4.44635190e-03 -2.86047393e-03 5.28699880e-03
21700 2.17000000e+03 4.43471177e-03 -2.81112990e-03 5.25063042e-03
21800 2.18000000e+03 4.49513923e-03 -2.79054604e-03 5.29088121e-03
21900 2.19000000e+03 4.58018575e-03 -2.71749194e-03 5.32567967e-03
22000 2.20000000e+03 4.62176930e-03 -2.79807160e-03 5.40277300e-03
22100 2.21000000e+03 4.48117498e-03 -2.70817499e-03 5.23594700e-03
22200 2.22000000e+03 4.48608492e-03 -2.69384356e-03 5.23275750e-03
22300 2.23000000e+03 4.56140190e-03 -2.77613662e-03 5.33978669e-03
22400 2.24000000e+03 4.66535147e-03 -2.82561895e-03 5.45432185e-03
22500 2.25000000e+03 4.65957820e-03 -3.22792493e-03 5.66843615e-03
22600 2.26000000e+03 4.58774436e-03 -3.33353691e-03 5.67096699e-03
22700 2.27000000e+03 4.55288775e-03 -3.28339124e-03 5.61332744e-03
22800 2.28000000e+03 4.56592254e-03 -3.32823233e-03 5.65020169e-03
22900 2.29000000e+03 4.49992344e-03 -3.06277256e-03 5.44333416e-03
23000 2.30000000e+03 4.52012429e-03 -2.86640553e-03 5.35236436e-03
23100 2.31000000e+03 4.55813296e-03 -3.10472981e-03 5.51506331e-03
23200 2.32000000e+03 4.51102760e-03 -2.91909999e-03 5.37312895e-03
23300 2.33000000e+03 4.57893964e-03 -2.95773707e-03 5.45113720e-03
23400 2.34000000e+03 4.84522851e-03 -3.03922361e-03 5.71953840e-03
23500 2.35000000e+03 5.01783425e-03 -3.25015397e-03 5.97847484e-03
23600 2.36000000e+03 4.91512893e-03 -3.43974400e-03 5.99919421e-03
23700 2.37000000e+03 4.61798673e-03 -3.18538584e-03 5.61003426e-03
23800 2.38000000e+03 4.44826391e-03 -2.81981099e-03 5.26672439e-03
23900 2.39000000e+03 4.33617039e-03 -2.87555740e-03 5.20299952e-03
24000 2.40000000e+03 4.31949086e-03 -2.45330413e-03 4.96756505e-03
24100 2.41000000e+03 4.39163111e-03 -2.84669548e-03 5.23355510e-03
24200 2.42000000e+03 4.27303137e-03 -2.63552018e-03 5.02043462e-03
24300 2.43000000e+03 4.18482674e-03 -2.57276674e-03 4.91242339e-03
24400 2.44000000e+03 4.20577079e-03 -2.47458392e-03 4.87976162e-03
24500 2.45000000e+03 4.27801628e-03 -2.72537116e-03 5.07238319e-03
24600 2.46000000e+03 4.35336959e-03 -2.73307879e-03 5.14018934e-03
24700 2.47000000e+03 4.18039178e-03 -2.75501818e-03 5.00657574e-03
24800 2.48000000e+03 4.08494379e-03 -2.55896058e-03 4.82027437e-03
24900 2.49000000e+03 4.07213997e-03 -2.74690147e-03 4.91200485e-03
25000 2.50000000e+03 4.10968577e-03 -2.54667271e-03 4.83477601e-03
25100 2.51000000e+03 4.34346963e-03 -2.43683299e-03 4.98034973e-03
25200 2.52000000e+03 4.17281315e-03 -2.47088843e-03 4.84950092e-03
25300 2.53000000e+03 4.23871260e-03 -2.66429503e-03 5.00651101e-03
25400 2.54000000e+03 4.33466118e-03 -2.68560811e-03 5.09919390e-03
25500 2.55000000e+03 4.16861847e-03 -2.59788707e-03 4.91186290e-03
25600 2.56000000e+03 4.22830135e-03 -2.66313669e-03 4.99708208e-03
25700 2.57000000e+03 4.18738835e-03 -2.53191637e-03 4.89334463e-03
25800 2.58000000e+03 4.08884697e-03 -2.30136979e-03 4.69201156e-03
25900 2.59000000e+03 4.13572881e-03 -2.21447693e-03 4.69128563e-03
26000 2.60000000e+03 4.21038782e-03 -2.30057817e-03 4.79791887e-03
26100 2.61000000e+03 4.30395221e-03 -2.53954018e-03 4.99732618e-03
26200 2.62000000e+03 4.41431347e-03 -2.60050432e-03 5.12335692e-03
26300 2.63000000e+03 4.49317973e-03 -2.53546447e-03 5.15919027e-03
26400 2.64000000e+03 4.59480332e-03 -2.48506851e-03 5.22377096e-03
26500 2.65000000e+03 4.71502123e-03 -2.65315012e-03 5.41023390e-03
26600 2.66000000e+03 4.73102275e-03 -2.65550963e-03 5.42533941e-03
26700 2.67000000e+03 4.64687776e-03 -2.57483171e-03 5.31255412e-03
26800 2.68000000e+03 4.64640092e-03 -2.50554294e-03 5.27890017e-03
26900 2.69000000e+03 4.66559967e-03 -2.55503552e-03 5.31940098e-03
27000 2.70000000e+03 4.67369892e-03 -2.64441594e-03 5.36995319e-03
27100 2.71000000e+03 4.42715827e-03 -2.72252783e-03 5.19729624e-03
27200 2.72000000e+03 4.53646015e-03 -2.63790647e-03 5.24766817e-03
27300 2.73000000e+03 4.54831030e-03 -2.60046730e-03 5.23923246e-03
27400 2.74000000e+03 4.65531368e-03 -2.69620819e-03 5.37972899e-03
27500 2.75000000e+03 4.77799959e-03 -2.86999205e-03 5.57370025e-03
27600 2.76000000e+03 4.68414277e-03 -2.76635913e-03 5.44003091e-03
27700 2.77000000e+03 4.68255533e-03 -2.63731135e-03 5.37417301e-03
27800 2.78000000e+03 4.85475361e-03 -3.06092133e-03 5.73915255e-03
27900 2.79000000e+03 4.53976961e-03 -2.99285515e-03 5.43752610e-03
28000 2.80000000e+03 4.50650137e-03 -2.94093695e-03 5.38123264e-03
28100 2.81000000e+03 4.54036333e-03 -2.94238538e-03 5.41040949e-03
28200 2.82000000e+03 4.50504012e-03 -2.86496850e-03 5.33886046e-03
28300 2.83000000e+03 4.48978879e-03 -2.96552316e-03 5.38075561e-03
28400 2.84000000e+03 4.41503664e-03 -2.75254901e-03 5.20279489e-03
28500 2.85000000e+03 4.40094015e-03 -2.76843598e-03 5.19927995e-03
28600 2.86000000e+03 4.67005000e-03 -3.06900684e-03 5.58821706e-03
28700 2.87000000e+03 4.56169806e-03 -3.00976611e-03 5.46514238e-03
28800 2.88000000e+03 4.69258521e-03 -3.18445568e-03 5.67107696e-03
28900 2.89000000e+03 4.85336781e-03 -3.11272475e-03 5.76578134e-03
29000 2.90000000e+03 4.70859930e-03 -3.07465810e-03 5.62356024e-03
29100 2.91000000e+03 4.64532524e-03 -3.06967599e-03 5.56794013e-03
29200 2.92000000e+03 4.56260610e-03 -2.77611474e-03 5.34080401e-03
29300 2.93000000e+03 4.58864775e-03 -2.93884147e-03 5.44908041e-03
29400 2.94000000e+03 4.55734134e-03 -2.91885156e-03 5.41193630e-03
29500 2.95000000e+03 4.39312356e-03 -2.85006198e-03 5.23663899e-03
29600 2.96000000e+03 4.46665939e-03 -2.97060353e-03 5.36428294e-03
29700 2.97000000e+03 4.38593747e-03 -2.65555643e-03 5.12722414e-03
29800 2.98000000e+03 4.57423553e-03 -2.53555365e-03 5.22997734e-03
29900 2.99000000e+03 4.61625634e-03 -2.73736799e-03 5.36684322e-03
30000 3.00000000e+03 4.60283691e-03 -2.93417042e-03 5.45852212e-03
30100 3.01000000e+03 4.48722765e-03 -3.13582644e-03 5.47436018e-03
30200 3.02000000e+03 4.74472018e-03 -3.21628735e-03 5.73209158e-03
30300 3.03000000e+03 4.71193343e-03 -3.39138601e-03 5.80549875e-03
30400 3.04000000e+03 4.56772093e-03 -3.16151674e-03 5.55511139e-03
30500 3.05000000e+03 4.67308238e-03 -3.06994421e-03 5.59126608e-03
30600 3.06000000e+03 4.49383631e-03 -3.03725107e-03 5.42397076e-03
30700 3.07000000e+03 4.49446449e-03 -2.99956906e-03 5.40348273e-03
30800 3.08000000e+03 4.32163244e-03 -3.01174098e-03 5.26755073e-03
30900 3.09000000e+03 4.25446033e-03 -3.00280517e-03 5.20742466e-03
31000 3.10000000e+03 4.29919641e-03 -3.06214811e-03 5.27824221e-03
31100 3.11000000e+03 4.36349632e-03 -3.30292410e-03 5.47260521e-03
31200 3.12000000e+03 4.46272921e-03 -3.42948688e-03 5.62826192e-03
31300 3.13000000e+03 4.43878304e-03 -3.44727654e-03 5.62018776e-03
31400 3.14000000e+03 4.46495507e-03 -3.12940218e-03 5.45242898e-03
31500 3.15000000e+03 4.38865600e-03 -3.03575024e-03 5.33629844e-03
31600 3.16000000e+03 4.54979250e-03 -3.09508969e-03 5.50274404e-03
31700 3.17000000e+03 4.54444485e-03 -2.95700971e-03 5.42179725e-03
31800 3.18000000e+03 4.73334407e-03 -3.03272577e-03 5.62156310e-03
31900 3.19000000e+03 4.72654775e-03 -2.94444873e-03 5.56866518e-03
32000 3.20000000e+03 4.62471182e-03 -2.75950367e-03 5.38542662e-03
32100 3.21000000e+03 4.71783523e-03 -3.00632254e-03 5.59427783e-03
32200 3.22000000e+03 4.71312366e-03 -3.43379611e-03 5.83133693e-03
32300 3.23000000e+03 4.70145978e-03 -3.15757748e-03 5.66339294e-03
32400 3.24000000e+03 4.71793767e-03 -3.04549723e-03 5.61551327e-03
32500 3.25000000e+03 4.58626589e-03 -2.66767316e-03 5.30568703e-03
32600 3.26000000e+03 4.54237964e-03 -2.60051107e-03 5.23410648e-03
32700 3.27000000e+03 4.55049798e-03 -2.68890243e-03 5.28556791e-03
32800 3.28000000e+03 4.46218206e-03 -2.49317428e-03 5.11145642e-03
32900 3.29000000e+03 4.42673592e-03 -2.46592611e-03 5.06722631e-03
33000 3.30000000e+03 4.36720066e-03 -2.61084782e-03 5.08812027e-03
33100 3.31000000e+03 4.49085329e-03 -2.54768343e-03 5.16318255e-03
33200 3.32000000e+03 4.37892321e-03 -2.24013138e-03 4.91865399e-03
33300 3.33000000e+03 4.33121528e-03 -2.12380150e-03 4.82389455e-03
33400 3.34000000e+03 4.19750717e-03 -2.10209028e-03 4.69444884e-03
33500 3.35000000e+03 4.27232636e-03 -2.23187148e-03 4.82016834e-03
33600 3.36000000e+03 4.30670287e-03 -2.22969195e-03 4.84966141e-03
33700 3.37000000e+03 4.29377239e-03 -2.28347839e-03 4.86320418e-03
33800 3.38000000e+03 4.42622090e-03 -2.55949143e-03 5.11296664e-03
33900 3.39000000e+03 4.65732766e-03 -2.45407224e-03 5.26433011e-03
34000 3.40000000e+03 4.54405230e-03 -2.50533503e-03 5.18894159e-03
34100 3.41000000e+03 4.68465127e-03 -2.49069254e-03 5.30561088e-03
34200 3.42000000e+03 4.81699686e-03 -2.81362841e-03 5.57852701e-03
34300 3.43000000e+03 4.75014187e-03 -2.84842495e-03 5.53871578e-03
34400 3.44000000e+03 4.80482634e-03 -2.86326604e-03 5.59326815e-03
34500 3.45000000e+03 4.58087679e-03 -2.74269795e-03 5.33917823e-03
34600 3.46000000e+03 4.46420303e-03 -2.63713230e-03 5.18493736e-03
34700 3.47000000e+03 4.34745476e-03 -2.68678321e-03 5.11069143e-03
34800 3.48000000e+03 4.40924754e-03 -2.53366539e-03 5.08536373e-03
34900 3.49000000e+03 4.53822641e-03 -2.75716232e-03 5.31012646e-03
35000 3.50000000e+03 4.44602454e-03 -2.68412661e-03 5.19342564e-03
35100 3.51000000e+03 4.75892611e-03 -2.76817777e-03 5.50546873e-03
35200 3.52000000e+03 4.58952552e-03 -2.69137952e-03 5.32045751e-03
35300 3.53000000e+03 4.53955727e-03 -2.53319275e-03 5.19852341e-03
35400 3.54000000e+03 4.52949526e-03 -2.72147986e-03 5.28420097e-03
35500 3.55000000e+03 4.53784596e-03 -2.81870924e-03 5.34201907e-03
35600 3.56000000e+03 4.78413608e-03 -2.93383980e-03 5.61207395e-03
35700 3.57000000e+03 4.72000521e-03 -2.93109845e-03 5.55605861e-03
35800 3.58000000e+03 4.65032179e-03 -2.72700004e-03 5.39092033e-03
35900 3.59000000e+03 4.62258421e-03 -2.78593297e-03 5.39719439e-03
36000 3.60000000e+03 4.63163480e-03 -2.81920261e-03 5.42217155e-03
36100 3.61000000e+03 4.45164368e-03 -2.75539653e-03 5.23539315e-03
36200 3.62000000e+03 4.54777945e-03 -2.98100268e-03 5.43770860e-03
36300 3.63000000e+03 4.58615366e-03 -2.90190568e-03 5.42714124e-03
36400 3.64000000e+03 4.51103598e-03 -2.63469969e-03 5.22408729e-03
36500 3.65000000e+03 4.68506897e-03 -2.71459017e-03 5.41469030e-03
36600 3.66000000e+03 4.72341571e-03 -2.86899274e-03 5.52646137e-03
36700 3.67000000e+03 4.70345234e-03 -2.97538959e-03 5.56555543e-03
36800 3.68000000e+03 4.70568892e-03 -3.13569396e-03 5.65474003e-03
36900 3.69000000e+03 4.59486060e-03 -2.92846840e-03 5.44873114e-03
37000 3.70000000e+03 4.71049221e-03 -3.29991640e-03 5.75136376e-03
37100 3.71000000e+03 4.59067523e-03 -3.22498986e-03 5.61024587e-03
37200 3.72000000e+03 4.52149147e-03 -3.01652448e-03 5.43537534e-03
37300 3.73000000e+03 4.45802696e-03 -2.95969774e-03 5.35105738e-03
37400 3.74000000e+03 4.45874035e-03 -2.88215373e-03 5.30915960e-03
37500 3.75000000e+03 4.38433327e-03 -3.11819138e-03 5.38010183e-03
37600 3.76000000e+03 4.64883866e-03 -3.28801898e-03 5.69409955e-03
37700 3.77000000e+03 4.57491493e-03 -3.18660797e-03 5.57533111e-03
37800 3.78000000e+03 4.64153150e-03 -3.22253956e-03 5.65053766e-03
37900 3.79000000e+03 4.64015128e-03 -3.05442465e-03 5.55522402e-03
38000 3.80000000e+03 4.50505409e-03 -3.01048579e-03 5.41835188e-03
38100 3.81000000e+03 4.63597104e-03 -3.15171643e-03 5.60584908e-03
38200 3.82000000e+03 4.63675288e-03 -3.26175755e-03 5.66908631e-03
38300 3.83000000e+03 4.55236388e-03 -3.37520149e-03 5.66709820e-03
38400 3.84000000e+03 4.40255040e-03 -3.11590359e-03 5.39363562e-03
38500 3.85000000e+03 4.46858630e-03 -3.28749651e-03 5.54760280e-03
38600 3.86000000e+03 4.61794622e-03 -3.41731077e-03 5.74486207e-03
38700 3.87000000e+03 4.71059559e-03 -3.26176593e-03 5.72964465e-03
38800 3.88000000e+03 4.63294284e-03 -3.13122803e-03 5.59184660e-03
38900 3.89000000e+03 4.67316294e-03 -3.03653185e-03 5.57305819e-03
39000 3.90000000e+03 4.65833861e-03 -3.07585392e-03 5.58220351e-03
39100 3.91000000e+03 4.91846120e-03 -2.82017281e-03 5.66962391e-03
39200 3.92000000e+03 4.80316952e-03 -3.09993420e-03 5.71664495e-03
39300 3.93000000e+03 4.70607961e-03 -2.90289591e-03 5.52937518e-03
39400 3.94000000e+03 4.75289393e-03 -2.78395624e-03 5.50821324e-03
39500 3.95000000e+03 5.01750782e-03 -2.66138022e-03 5.67964166e-03
39600 3.96000000e+03 5.06086741e-03 -2.98852683e-03 5.87738645e-03
39700 3.97000000e+03 5.16758254e-03 -3.11356410e-03 6.03309131e-03
39800 3.98000000e+03 5.13153477e-03 -2.83217616e-03 5.86121753e-03
39900 3.99000000e+03 5.03077451e-03 -2.52766814e-03 5.63007979e-03
40000 4.00000000e+03 4.83976398e-03 -2.43022921e-03 5.41565595e-03
40100 4.01000000e+03 4.98579070e-03 -2.57102889e-03 5.60966117e-03
40200 4.02000000e+03 4.64028958e-03 -2.46834871e-03 5.25595213e-03
40300 4.03000000e+03 4.58524283e-03 -2.56829010e-03 5.25552717e-03
40400 4.04000000e+03 4.53887926e-03 -2.59621791e-03 5.22893607e-03
40500 4.05000000e+03 4.60596476e-03 -2.47700140e-03 5.22976551e-03
40600 4.06000000e+03 4.61113919e-03 -2.69565056e-03 5.34126732e-03
40700 4.07000000e+03 4.48555639e-03 -2.44909641e-03 5.11060558e-03
40800 4.08000000e+03 4.48283413e-03 -2.12658290e-03 4.96166874e-03
40900 4.09000000e+03 4.33616946e-03 -1.86872005e-03 4.72170310e-03
41000 4.10000000e+03 4.15820675e-03 -2.17253692e-03 4.69154559e-03
41100 4.11000000e+03 4.29470558e-03 -2.18880968e-03 4.82030951e-03
41200 4.12000000e+03 4.33785841e-03 -2.20399816e-03 4.86565756e-03
41300 4.13000000e+03 4.36714105e-03 -2.27242010e-03 4.92298833e-03
41400 4.14000000e+03 4.36681602e-03 -2.29929830e-03 4.93516513e-03
41500 4.15000000e+03 4.41373605e-03 -2.92054331e-03 5.29250783e-03
41600 4.16000000e+03 4.37190617e-03 -2.85652187e-03 5.22238266e-03
41700 4.17000000e+03 4.32656705e-03 -2.98369094e-03 5.25562499e-03
41800 4.18000000e+03 4.37221304e-03 -2.83200596e-03 5.20927103e-03
41900 4.19000000e+03 4.47267666e-03 -2.63056927e-03 5.18890463e-03
42000 4.20000000e+03 4.47537145e-03 -2.51758541e-03 5.13489882e-03
42100 4.21000000e+03 4.54397034e-03 -2.82719196e-03 5.35169887e-03
42200 4.22000000e+03 4.46529826e-03 -2.75802985e-03 5.24839187e-03
42300 4.23000000e+03 4.43994952e-03 -2.47085257e-03 5.08116760e-03
42400 4.24000000e+03 4.41848533e-03 -2.71094264e-03 5.18384246e-03
42500 4.25000000e+03 4.54967283e-03 -2.77521904e-03 5.32929297e-03
42600 4.26000000e+03 4.48933057e-03 -2.69420724e-03 5.23572743e-03
42700 4.27000000e+03 4.34405124e-03 -2.56119249e-03 5.04286507e-03
42800 4.28000000e+03 4.42402065e-03 -2.65563396e-03 5.15987891e-03
42900 4.29000000e+03 4.61361511e-03 -2.84022442e-03 5.41777806e-03
43000 4.30000000e+03 4.62998636e-03 -2.93623027e-03 5.48253791e-03
43100 4.31000000e+03 4.64964565e-03 -2.93632410e-03 5.49920030e-03
43200 4.32000000e+03 4.67242533e-03 -2.87886430e-03 5.48811608e-03
43300 4.33000000e+03 4.55792341e-03 -2.70294468e-03 5.29911085e-03
43400 4.34000000e+03 4.50377539e-03 -2.62072543e-03 5.21077677e-03
43500 4.35000000e+03 4.61420603e-03 -2.74395430e-03 5.36844321e-03
43600 4.36000000e+03 4.46567964e-03 -2.66692066e-03 5.20141908e-03
43700 4.37000000e+03 4.38457634e-03 -2.91687739e-03 5.26618300e-03
43800 4.38000000e+03 4.48459992e-03 -2.76069250e-03 5.26621871e-03
43900 4.39000000e+03 4.63444972e-03 -2.69792392e-03 5.36254769e-03
44000 4.40000000e+03 4.87371767e-03 -2.79051485e-03 5.61605707e-03
44100 4.41000000e+03 4.94792312e-03 -2.94671417e-03 5.75891202e-03
44200 4.42000000e+03 4.99431137e-03 -2.94673513e-03 5.79882695e-03
44300 4.43000000e+03 4.92996536e-03 -2.96355085e-03 5.75214674e-03
44400 4.44000000e+03 4.79123229e-03 -3.02565866e-03 5.66661426e-03
44500 4.45000000e+03 4.89909109e-03 -3.45834764e-03 5.99677095e-03
44600 4.46000000e+03 4.88514267e-03 -3.23683349e-03 5.86018003e-03
44700 4.47000000e+03 4.73449333e-03 -2.98212375e-03 5.59539893e-03
44800 4.48000000e+03 4.56893491e-03 -3.07527697e-03 5.50749440e-03
44900 4.49000000e+03 4.58186818e-03 -2.91635632e-03 5.43126599e-03
45000 4.50000000e+03 4.57436778e-03 -3.14623653e-03 5.55190462e-03
45100 4.51000000e+03 4.56168875e-03 -3.02434317e-03 5.47317603e-03
45200 4.52000000e+03 4.62311367e-03 -3.01574450e-03 5.51977308e-03
45300 4.53000000e+03 4.52771410e-03 -2.96132430e-03 5.41014201e-03
45400 4.54000000e+03 4.42143250e-03 -3.26936040e-03 5.49888923e-03
45500 4.55000000e+03 4.49608825e-03 -3.09629506e-03 5.45910731e-03
45600 4.56000000e+03 4.32907324e-03 -3.32856481e-03 5.46078921e-03
45700 4.57000000e+03 4.22564941e-03 -3.17210937e-03 5.28378565e-03
45800 4.58000000e+03 4.39408049e-03 -3.06026684e-03 5.35473403e-03
45900 4.59000000e+03 4.44007991e-03 -3.22432909e-03 5.48731334e-03
46000 4.60000000e+03 4.34595067e-03 -2.99645262e-03 5.27882710e-03
46100 4.61000000e+03 4.34902404e-03 -3.01898574e-03 5.29417462e-03
46200 4.62000000e+03 4.40187287e-03 -3.29381530e-03 5.49779083e-03
46300 4.63000000e+03 4.34143608e-03 -2.91073695e-03 5.22689744e-03
46400 4.64000000e+03 4.33492800e-03 -2.75454950e-03 5.13606306e-03
46500 4.65000000e+03 4.49156994e-03 -2.81164492e-03 5.29901384e-03
46600 4.66000000e+03 4.48615104e-03 -2.76316167e-03 5.26883417e-03
46700 4.67000000e+03 4.70856437e-03 -2.67989235e-03 5.41778566e-03
46800 4.68000000e+03 4.75258986e-03 -2.47694855e-03 5.35932686e-03
46900 4.69000000e+03 4.61382139e-03 -2.25408678e-03 5.13500293e-03
47000 4.70000000e+03 4.77161957e-03 -2.34886422e-03 5.31841296e-03
47100 4.71000000e+03 5.00631286e-03 -2.47991411e-03 5.58687233e-03
47200 4.72000000e+03 5.08304872e-03 -2.66401307e-03 5.73884569e-03
47300 4.73000000e+03 5.35521004e-03 -2.86243181e-03 6.07221463e-03
47400 4.74000000e+03 4.96630138e-03 -2.86274659e-03 5.73231781e-03
47500 4.75000000e+03 5.01628220e-03 -2.73300405e-03 5.71247742e-03
47600 4.76000000e+03 4.85557225e-03 -2.49755220e-03 5.46025172e-03
47700 4.77000000e+03 4.65288712e-03 -2.46791751e-03 5.26687529e-03
47800 4.78000000e+03 4.61661862e-03 -2.50706985e-03 5.25343380e-03
47900 4.79000000e+03 4.45686840e-03 -2.61706207e-03 5.16843204e-03
48000 4.80000000e+03 4.45913058e-03 -2.73572770e-03 5.23144832e-03
48100 4.81000000e+03 4.48400108e-03 -2.63679004e-03 5.20181963e-03
48200 4.82000000e+03 4.43803426e-03 -2.52947235e-03 5.10826570e-03
48300 4.83000000e+03 4.54132538e-03 -2.52746698e-03 5.19728059e-03
48400 4.84000000e+03 4.34021140e-03 -2.32574297e-03 4.92407507e-03
48500 4.85000000e+03 4.23632888e-03 -2.00231024e-03 4.68569405e-03
48600 4.86000000e+03 4.24684258e-03 -2.03141756e-03 4.70768831e-03
48700 4.87000000e+03 4.38035931e-03 -2.28841137e-03 4.94210222e-03
48800 4.88000000e+03 4.18335991e-03 -2.08719401e-03 4.67513411e-03
48900 4.89000000e+03 4.30403743e-03 -2.69602938e-03 5.07871171e-03
49000 4.90000000e+03 4.15334664e-03 -2.60070502e-03 4.90040355e-03
49100 4.91000000e+03 4.33079805e-03 -2.91603711e-03 5.22102329e-03
49200 4.92000000e+03 4.38705040e-03 -2.86704465e-03 5.24081637e-03
49300 4.93000000e+03 4.20435332e-03 -2.72886595e-03 5.01231445e-03
49400 4.94000000e+03 4.29064315e-03 -3.01241339e-03 5.24254261e-03
49500 4.95000000e+03 4.37229685e-03 -2.76019494e-03 5.17065333e-03
49600 4.96000000e+03 4.48768167e-03 -2.78005376e-03 5.27901370e-03
49700 4.97000000e+03 4.41031391e-03 -2.63750600e-03 5.13880401e-03
49800 4.98000000e+03 4.40320419e-03 -2.60029500e-03 5.11368177e-03
49900 4.99000000e+03 4.39221831e-03 -2.59237713e-03 5.10019616e-03
50000 5.00000000e+03 4.62865178e-03 -2.55190721e-03 5.28551300e-03
50100 5.01000000e+03 4.66100872e-03 -2.81047029e-03 5.44277002e-03
50200 5.02000000e+03 4.52330988e-03 -2.64128298e-03 5.23800611e-03
50300 5.03000000e+03 4.42640763e-03 -2.46742461e-03 5.06766896e-03
50400 5.04000000e+03 4.45540342e-03 -2.53797439e-03 5.12756606e-03
50500 5.05000000e+03 4.54544416e-03 -2.49793800e-03 5.18659395e-03
50600 5.06000000e+03 4.63054609e-03 -2.55317893e-03 5.28778590e-03
50700 5.07000000e+03 4.78254538e-03 -2.73697847e-03 5.51033497e-03
50800 5.08000000e+03 4.77515906e-03 -2.64186598e-03 5.45725205e-03
50900 5.09000000e+03 4.77051409e-03 -2.68384116e-03 5.47364669e-03
51000 5.10000000e+03 4.66562994e-03 -2.86830729e-03 5.47679554e-03
51100 5.11000000e+03 4.66074608e-03 -2.78724195e-03 5.43058668e-03
51200 5.12000000e+03 4.51116171e-03 -2.87006027e-03 5.34675845e-03
51300 5.13000000e+03 4.46842099e-03 -2.69245636e-03 5.21690592e-03
51400 5.14000000e+03 4.58998140e-03 -2.58721877e-03 5.26893065e-03
51500 5.15000000e+03 4.66921972e-03 -2.62481021e-03 5.35642058e-03
51600 5.16000000e+03 4.79588751e-03 -2.79468647e-03 5.55074855e-03
51700 5.17000000e+03 4.97828051e-03 -2.76325410e-03 5.69375536e-03
51800 5.18000000e+03 5.03282063e-03 -3.07840621e-03 5.89964984e-03
51900 5.19000000e+03 4.96690813e-03 -3.12465290e-03 5.86801773e-03
52000 5.20000000e+03 4.86508245e-03 -3.02663120e-03 5.72970537e-03
52100 5.21000000e+03 5.16784191e-03 -3.29515338e-03 6.12899876e-03
52200 5.22000000e+03 5.12101175e-03 -3.06131295e-03 5.96627173e-03
52300 5.23000000e+03 5.05293114e-03 -2.95028440e-03 5.85117861e-03
52400 5.24000000e+03 4.83282469e-03 -2.74915691e-03 5.56004120e-03
52500 5.25000000e+03 4.79368586e-03 -2.99335294e-03 5.65151183e-03
52600 5.26000000e+03 4.73489380e-03 -2.98071653e-03 5.59498796e-03
52700 5.27000000e+03 4.82537132e-03 -3.02314712e-03 5.69417482e-03
52800 5.28000000e+03 4.64857789e-03 -3.13467951e-03 5.60673631e-03
52900 5.29000000e+03 4.41421289e-03 -3.12380353e-03 5.40771892e-03
53000 5.30000000e+03 4.42654500e-03 -3.39078042e-03 5.57599251e-03
53100 5.31000000e+03 4.53477725e-03 -3.10543994e-03 5.49617703e-03
53200 5.32000000e+03 4.43965383e-03 -2.92446534e-03 5.31629793e-03
53300 5.33000000e+03 4.41233814e-03 -2.82920781e-03 5.24148306e-03
53400 5.34000000e+03 4.49242443e-03 -2.96801236e-03 5.38432675e-03
53500 5.35000000e+03 4.42593731e-03 -3.02038598e-03 5.35832553e-03
53600 5.36000000e+03 4.34530340e-03 -3.00018303e-03 5.28041285e-03
53700 5.37000000e+03 4.41374443e-03 -3.03517072e-03 5.35662219e-03
53800 5.38000000e+03 4.39179502e-03 -2.83749891e-03 5.22869616e-03
53900 5.39000000e+03 4.53593954e-03 -2.81208474e-03 5.33690623e-03
54000 5.40000000e+03 4.65715909e-03 -2.81604775e-03 5.44235756e-03
54100 5.41000000e+03 4.68063913e-03 -2.82393862e-03 5.46653565e-03
54200 5.42000000e+03 4.70412103e-03 -2.77670636e-03 5.46249512e-03
54300 5.43000000e+03 4.71618492e-03 -2.44850223e-03 5.31390284e-03
54400 5.44000000e+03 4.53946833e-03 -2.45952001e-03 5.16294600e-03
54500 5.45000000e+03 4.69076214e-03 -2.33604875e-03 5.24026462e-03
54600 5.46000000e+03 4.74551599e-03 -2.42754584e-03 5.33037530e-03
54700 5.47000000e+03 4.82488051e-03 -2.69631320e-03 5.52716716e-03
54800 5.48000000e+03 5.14621241e-03 -2.98175658e-03 5.94763604e-03
54900 5.49000000e+03 5.20912977e-03 -2.78996746e-03 5.90922595e-03
55000 5.50000000e+03 5.11281518e-03 -2.91485665e-03 5.88534352e-03
55100 5.51000000e+03 4.94011771e-03 -2.46772915e-03 5.52217803e-03
55200 5.52000000e+03 4.79724724e-03 -2.26104702e-03 5.30338710e-03
55300 5.53000000e+03 4.87806974e-03 -2.62478786e-03 5.53941113e-03
55400 5.54000000e+03 4.63075005e-03 -2.67052278e-03 5.34560922e-03
55500 5.55000000e+03 4.66879923e-03 -2.57022842e-03 5.32951784e-03
55600 5.56000000e+03 4.65741474e-03 -2.79210205e-03 5.43022522e-03
55700 5.57000000e+03 4.62584011e-03 -2.47743726e-03 5.24748436e-03
55800 5.58000000e+03 4.58160788e-03 -2.55504693e-03 5.24589321e-03
55900 5.59000000e+03 4.46701935e-03 -2.44798791e-03 5.09381062e-03
56000 5.60000000e+03 4.24233079e-03 -2.10691104e-03 4.73671243e-03
56100 5.61000000e+03 4.15686704e-03 -2.40597036e-03 4.80294045e-03
56200 5.62000000e+03 4.23834659e-03 -2.47027702e-03 4.90569571e-03
56300 5.63000000e+03 4.27761488e-03 -2.50606542e-03 4.95765599e-03
56400 5.64000000e+03 4.29239217e-03 -2.71310052e-03 5.07794693e-03
56500 5.65000000e+03 4.30235267e-03 -2.78965523e-03 5.12761297e-03
56600 5.66000000e+03 4.25259769e-03 -2.78135762e-03 5.08139128e-03
56700 5.67000000e+03 4.25765524e-03 -2.94130994e-03 5.17483645e-03
56800 5.68000000e+03 4.33181226e-03 -2.82123359e-03 5.16952188e-03
56900 5.69000000e+03 4.30675596e-03 -2.78749783e-03 5.13013558e-03
57000 5.70000000e+03 4.34597582e-03 -2.74727913e-03 5.14150254e-03
57100 5.71000000e+03 4.28894535e-03 -2.60683428e-03 5.01902751e-03
57200 5.72000000e+03 4.22482938e-03 -2.58957548e-03 4.95530871e-03
57300 5.73000000e+03 4.20512259e-03 -2.58384249e-03 4.93551396e-03
57400 5.74000000e+03 4.24854318e-03 -2.56100716e-03 4.96073349e-03
57500 5.75000000e+03 4.43500513e-03 -2.72687688e-03 5.20625854e-03
57600 5.76000000e+03 4.40269429e-03 -2.63684290e-03 5.13192532e-03
57700 5.77000000e+03 4.47885692e-03 -2.74914689e-03 5.25528001e-03
57800 5.78000000e+03 4.46255459e-03 -2.56008399e-03 5.14474717e-03
57900 5.79000000e+03 4.59116045e-03 -2.74798414e-03 5.35071688e-03
58000 5.80000000e+03 4.54640947e-03 -2.62368028e-03 5.24914634e-03
58100 5.81000000e+03 4.60946187e-03 -2.58299103e-03 5.28384154e-03
58200 5.82000000e+03 4.63994918e-03 -2.93114618e-03 5.48823709e-03
58300 5.83000000e+03 4.85060085e-03 -3.00812582e-03 5.70763957e-03
58400 5.84000000e+03 4.70289402e-03 -2.78875441e-03 5.46757380e-03
58500 5.85000000e+03 4.88262903e-03 -2.80174380e-03 5.62937248e-03
58600 5.86000000e+03 4.74505266e-03 -2.77022645e-03 5.49451357e-03
58700 5.87000000e+03 4.57783602e-03 -2.72153853e-03 5.32572574e-03
58800 5.88000000e+03 4.51038498e-03 -2.59005139e-03 5.20114784e-03
58900 5.89000000e+03 4.78214072e-03 -2.46261968e-03 5.37897440e-03
59000 5.90000000e+03 4.77533555e-03 -2.50969175e-03 5.39466239e-03
59100 5.91000000e+03 4.90903202e-03 -2.59832060e-03 5.55426551e-03
59200 5.92000000e+03 4.99043241e-03 -2.77612009e-03 5.71062680e-03
59300 5.93000000e+03 4.98166820e-03 -2.94751953e-03 5.78834082e-03
59400 5.94000000e+03 4.96370904e-03 -3.04643111e-03 5.82401494e-03
59500 5.95000000e+03 4.99281473e-03 -3.06602032e-03 5.85906815e-03
59600 5.96000000e+03 5.13426634e-03 -3.19437962e-03 6.04687952e-03
59700 5.97000000e+03 5.18036587e-03 -3.11561464e-03 6.04510092e-03
59800 5.98000000e+03 5.04829735e-03 -2.99105165e-03 5.86785276e-03
59900 5.99000000e+03 4.96899104e-03 -3.05054290e-03 5.83066754e-03
60000 6.00000000e+03 4.77758376e-03 -3.15625197e-03 5.72601372e-03
60100 6.01000000e+03 4.74829786e-03 -3.30341840e-03 5.78436735e-03
60200 6.02000000e+03 4.82858019e-03 -3.16656241e-03 5.77427954e-03
60300 6.03000000e+03 4.66804206e-03 -3.14853503e-03 5.63062071e-03
60400 6.04000000e+03 4.53382311e-03 -3.18740797e-03 5.54212248e-03
60500 6.05000000e+03 4.59346501e-03 -3.17292009e-03 5.58277195e-03
60600 6.06000000e+03 4.50151740e-03 -3.02091520e-03 5.42121643e-03
60700 6.07000000e+03 4.56408504e-03 -2.71228445e-03 5.30917689e-03
60800 6.08000000e+03 4.58227564e-03 -2.88939266e-03 5.41718008e-03
60900 6.09000000e+03 4.57889587e-03 -2.88006268e-03 5.40934824e-03
61000 6.10000000e+03 4.51835291e-03 -2.88549159e-03 5.36111693e-03
61100 6.11000000e+03 4.42196429e-03 -2.69587268e-03 5.17894755e-03
61200 6.12000000e+03 4.59188363e-03 -2.50985287e-03 5.23304468e-03
61300 6.13000000e+03 4.51764232e-03 -2.56021833e-03 5.19266887e-03
61400 6.14000000e+03 4.66730865e-03 -2.58499756e-03 5.33535214e-03
61500 6.15000000e+03 4.88824164e-03 -2.91640405e-03 5.69212780e-03
61600 6.16000000e+03 4.95933788e-03 -2.67622713e-03 5.63535481e-03
61700 6.17000000e+03 4.87883016e-03 -2.51759985e-03 5.49010863e-03
61800 6.18000000e+03 4.64816857e-03 -2.36813189e-03 5.21665790e-03
61900 6.19000000e+03 4.59660403e-03 -2.16682558e-03 5.08172232e-03
62000 6.20000000e+03 4.44429228e-03 -2.10104743e-03 4.91590624e-03
62100 6.21000000e+03 4.74863313e-03 -2.79303081e-03 5.50913221e-03
62200 6.22000000e+03 4.62239701e-03 -2.62070564e-03 5.31362891e-03
62300 6.23000000e+03 4.79237549e-03 -2.76505481e-03 5.53284655e-03
62400 6.24000000e+03 4.95787337e-03 -3.01835174e-03 5.80439106e-03
62500 6.25000000e+03 5.05432067e-03 -3.00306943e-03 5.87916520e-03
62600 6.26000000e+03 4.90941806e-03 -2.68190121e-03 5.59419161e-03
62700 6.27000000e+03 4.68146242e-03 -2.53319298e-03 5.32288992e-03
62800 6.28000000e+03 4.82321531e-03 -2.61775148e-03 5.48780728e-03
62900 6.29000000e+03 4.80253343e-03 -2.90566194e-03 5.61312735e-03
63000 6.30000000e+03 4.60458640e-03 -2.62134336e-03 5.29845798e-03
63100 6.31000000e+03 4.66570118e-03 -2.76370649e-03 5.42280749e-03
63200 6.32000000e+03 4.61537018e-03 -2.76093953e-03 5.37814364e-03
63300 6.33000000e+03 4.70880466e-03 -2.70097493e-03 5.42845345e-03
63400 6.34000000e+03 4.60885605e-03 -2.45775981e-03 5.22323055e-03
63500 6.35000000e+03 4.36284672e-03 -2.64457706e-03 5.10178590e-03
63600 6.36000000e+03 4.17605927e-03 -2.67354189e-03 4.95855799e-03
63700 6.37000000e+03 4.21069190e-03 -2.63714930e-03 4.96834809e-03
63800 6.38000000e+03 4.25428618e-03 -2.80794105e-03 5.09739971e-03
63900 6.39000000e+03 4.33209585e-03 -2.92154402e-03 5.22517692e-03
64000 6.40000000e+03 4.38867183e-03 -2.87194480e-03 5.24485533e-03
64100 6.41000000e+03 4.43367194e-03 -2.76340544e-03 5.22435226e-03
64200 6.42000000e+03 4.37322585e-03 -2.78236461e-03 5.18330562e-03
64300 6.43000000e+03 4.44464106e-03 -2.83612055e-03 5.27242012e-03
64400 6.44000000e+03 4.42313077e-03 -2.84306169e-03 5.25804960e-03
64500 6.45000000e+03 4.39225044e-03 -2.62783724e-03 5.11833884e-03
64600 6.46000000e+03 4.44823131e-03 -2.62436224e-03 5.16469156e-03
64700 6.47000000e+03 4.30269772e-03 -2.63536675e-03 5.04562836e-03
64800 6.48000000e+03 4.23691142e-03 -2.63950066e-03 4.99183154e-03
64900 6.49000000e+03 4.28661052e-03 -2.44691363e-03 4.93582982e-03
65000 6.50000000e+03 4.24744748e-03 -2.69641890e-03 5.03105207e-03
65100 6.51000000e+03 4.19847108e-03 -2.63204658e-03 4.95528290e-03
65200 6.52000000e+03 4.33134148e-03 -2.69548898e-03 5.10158601e-03
65300 6.53000000e+03 4.36065858e-03 -2.64396006e-03 5.09959489e-03
65400 6.54000000e+03 4.43871273e-03 -2.70878035e-03 5.19996747e-03
65500 6.55000000e+03 4.41393116e-03 -2.50469241e-03 5.07506378e-03
65600 6.56000000e+03 4.45164135e-03 -2.60037463e-03 5.15548823e-03
65700 6.57000000e+03 4.62300517e-03 -2.90969061e-03 5.46246064e-03
65800 6.58000000e+03 4.58953111e-03 -2.83356151e-03 5.39378036e-03
65900 6.59000000e+03 4.64697694e-03 -2.90267356e-03 5.47904266e-03
66000 6.60000000e+03 4.71347338e-03 -2.75085494e-03 5.45747507e-03
66100 6.61000000e+03 4.61322255e-03 -2.72770599e-03 5.35930987e-03
66200 6.62000000e+03 4.67284489e-03 -2.44645867e-03 5.27452742e-03
66300 6.63000000e+03 4.56388202e-03 -2.43868446e-03 5.17457254e-03
66400 6.64000000e+03 4.67527751e-03 -2.50320463e-03 5.30323045e-03
66500 6.65000000e+03 4.70588077e-03 -2.42940523e-03 5.29597239e-03
66600 6.66000000e+03 4.82694153e-03 -2.49014026e-03 5.43140526e-03
66700 6.67000000e+03 4.90352372e-03 -2.76008062e-03 5.62695209e-03
66800 6.68000000e+03 4.84989071e-03 -2.95940903e-03 5.68150875e-03
66900 6.69000000e+03 4.95983101e-03 -3.01661436e-03 5.80516028e-03
67000 6.70000000e+03 5.00954734e-03 -2.90006958e-03 5.78843400e-03
67100 6.71000000e+03 5.05638495e-03 -3.31436284e-03 6.04582747e-03
67200 6.72000000e+03 5.12739504e-03 -3.24597792e-03 6.06848849e-03
67300 6.73000000e+03 5.13652992e-03 -3.35805444e-03 6.13681262e-03
67400 6.74000000e+03 5.07699838e-03 -3.05192638e-03 5.92369540e-03
67500 6.75000000e+03 4.87508671e-03 -3.10013792e-03 5.77731128e-03
67600 6.76000000e+03 4.73822560e-03 -3.26187746e-03 5.75244525e-03
67700 6.77000000e+03 4.64185840e-03 -3.21067078e-03 5.64404609e-03
67800 6.78000000e+03 4.72456077e-03 -3.11162509e-03 5.65717997e-03
67900 6.79000000e+03 4.59041260e-03 -2.99711758e-03 5.48220774e-03
68000 6.80000000e+03 4.61058971e-03 -2.93587195e-03 5.46597489e-03
68100 6.81000000e+03 4.55940561e-03 -2.87890434e-03 5.39224163e-03
68200 6.82000000e+03 4.38993610e-03 -2.74526468e-03 5.17764591e-03
68300 6.83000000e+03 4.40161256e-03 -2.73669558e-03 5.18301995e-03
68400 6.84000000e+03 4.44958359e-03 -2.73172488e-03 5.22121776e-03
68500 6.85000000e+03 4.40399209e-03 -2.72305310e-03 5.17785327e-03
68600 6.86000000e+03 4.37967945e-03 -2.60774465e-03 5.09724673e-03
68700 6.87000000e+03 4.23065759e-03 -2.44622352e-03 4.88696973e-03
68800 6.88000000e+03 4.14284272e-03 -2.30565248e-03 4.74122127e-03
68900 6.89000000e+03 4.64900257e-03 -2.63706828e-03 5.34484368e-03
69000 6.90000000e+03 4.60790191e-03 -2.72036344e-03 5.35099404e-03
69100 6.91000000e+03 4.89637442e-03 -2.82281823e-03 5.65179487e-03
69200 6.92000000e+03 5.12210000e-03 -2.82053300e-03 5.84733400e-03
69300 6.93000000e+03 4.93439101e-03 -2.40408443e-03 5.48888300e-03
69400 6.94000000e+03 4.61893436e-03 -2.29429035e-03 5.15735618e-03
69500 6.95000000e+03 4.56521567e-03 -2.20512133e-03 5.06988700e-03
69600 6.96000000e+03 4.59981430e-03 -2.77466536e-03 5.37187672e-03
69700 6.97000000e+03 4.70076315e-03 -2.81792926e-03 5.48068422e-03
69800 6.98000000e+03 4.73073311e-03 -2.77823489e-03 5.48620314e-03
69900 6.99000000e+03 4.87228436e-03 -3.12078558e-03 5.78605717e-03
70000 7.00000000e+03 4.86279186e-03 -3.10959201e-03 5.77202799e-03
70100 7.01000000e+03 4.74786200e-03 -2.78064818e-03 5.50219936e-03
70200 7.02000000e+03 4.65923827e-03 -2.82164966e-03 5.44703663e-03
70300 7.03000000e+03 4.59301006e-03 -2.94708065e-03 5.45719944e-03
70400 7.04000000e+03 4.78442339e-03 -2.84288521e-03 5.56531253e-03
70500 7.05000000e+03 4.80208732e-03 -2.86131096e-03 5.58991441e-03
70600 7.06000000e+03 4.79791174e-03 -2.95405276e-03 5.63439302e-03
70700 7.07000000e+03 4.82905889e-03 -2.91757984e-03 5.64199272e-03
70800 7.08000000e+03 4.84141568e-03 -2.79674935e-03 5.59116381e-03
70900 7.09000000e+03 4.67560114e-03 -2.88704899e-03 5.49511583e-03
71000 7.10000000e+03 4.59655980e-03 -2.86006834e-03 5.41371895e-03
71100 7.11000000e+03 4.33693174e-03 -2.77331937e-03 5.14784200e-03
71200 7.12000000e+03 4.53229714e-03 -2.77147884e-03 5.31251469e-03
71300 7.13000000e+03 4.53976449e-03 -2.86518736e-03 5.36831074e-03
71400 7.14000000e+03 4.45959484e-03 -2.73530185e-03 5.23162139e-03
71500 7.15000000e+03 4.49909875e-03 -2.64307484e-03 5.21802014e-03
71600 7.16000000e+03 4.56268713e-03 -2.84610060e-03 5.37758333e-03
71700 7.17000000e+03 4.51829238e-03 -2.83561507e-03 5.33438646e-03
71800 7.18000000e+03 4.47640568e-03 -2.85919476e-03 5.31161016e-03
71900 7.19000000e+03 4.41707065e-03 -2.84322747e-03 5.25304251e-03
72000 7.20000000e+03 4.28658724e-03 -2.48989626e-03 4.95725867e-03
72100 7.21000000e+03 4.16317908e-03 -2.74503487e-03 4.98670999e-03
72200 7.22000000e+03 4.26221639e-03 -2.53291754e-03 4.95803992e-03
72300 7.23000000e+03 4.07766411e-03 -2.77319341e-03 4.93132298e-03
72400 7.24000000e+03 4.12756763e-03 -3.00467294e-03 5.10537697e-03
72500 7.25000000e+03 4.08267509e-03 -2.96680327e-03 5.04679676e-03
72600 7.26000000e+03 4.11451748e-03 -2.80777318e-03 4.98124927e-03
72700 7.27000000e+03 4.07231692e-03 -2.64693610e-03 4.85695747e-03
72800 7.28000000e+03 4.07469133e-03 -2.55370606e-03 4.80879653e-03
72900 7.29000000e+03 4.08497546e-03 -2.33746064e-03 4.70645798e-03
73000 7.30000000e+03 4.08008508e-03 -2.39379308e-03 4.73046928e-03
73100 7.31000000e+03 4.22355067e-03 -2.44628079e-03 4.88084726e-03
73200 7.32000000e+03 4.28489642e-03 -2.73008365e-03 5.08071787e-03
73300 7.33000000e+03 4.34133923e-03 -2.77747493e-03 5.15379407e-03
73400 7.34000000e+03 4.50765109e-03 -2.69281049e-03 5.25072820e-03
73500 7.35000000e+03 4.62513138e-03 -2.59928359e-03 5.30547975e-03
73600 7.36000000e+03 4.69156774e-03 -2.64173280e-03 5.38419539e-03
73700 7.37000000e+03 4.41327132e-03 -2.66396650e-03 5.15496666e-03
73800 7.38000000e+03 4.29658918e-03 -2.39581685e-03 4.91941225e-03
73900 7.39000000e+03 4.20576287e-03 -2.41363049e-03 4.84912915e-03
74000 7.40000000e+03 4.20493120e-03 -2.29077507e-03 4.78843365e-03
74100 7.41000000e+03 4.27129539e-03 -2.48656608e-03 4.94236534e-03
74200 7.42000000e+03 4.48084716e-03 -2.76584039e-03 5.26572543e-03
74300 7.43000000e+03 4.63850889e-03 -2.94818683e-03 5.49614140e-03
74400 7.44000000e+03 4.73042438e-03 -2.94050435e-03 5.56987258e-03
74500 7.45000000e+03 4.74655814e-03 -3.03837447e-03 5.63573719e-03
74600 7.46000000e+03 4.95580258e-03 -3.32017732e-03 5.96519544e-03
74700 7.47000000e+03 4.83097602e-03 -3.25436867e-03 5.82488152e-03
74800 7.48000000e+03 4.90970071e-03 -3.61395534e-03 6.09637879e-03
74900 7.49000000e+03 4.86385683e-03 -3.60680348e-03 6.05525677e-03
75000 7.50000000e+03 4.73061018e-03 -3.33647011e-03 5.78884319e-03
75100 7.51000000e+03 4.74018091e-03 -3.50131607e-03 5.89309166e-03
75200 7.52000000e+03 4.58814250e-03 -3.47755267e-03 5.75711944e-03
75300 7.53000000e+03 4.50252276e-03 -3.37088597e-03 5.62455184e-03
75400 7.54000000e+03 4.43556532e-03 -3.36501328e-03 5.56754471e-03
75500 7.55000000e+03 4.34500584e-03 -3.20679694e-03 5.40024281e-03
75600 7.56000000e+03 4.43832437e-03 -3.05139972e-03 5.38607124e-03
75700 7.57000000e+03 4.46666824e-03 -2.81133200e-03 5.27775641e-03
75800 7.58000000e+03 4.42461949e-03 -2.72454717e-03 5.19619235e-03
75900 7.59000000e+03 4.33098618e-03 -2.57112971e-03 5.03668038e-03
76000 7.60000000e+03 4.22792742e-03 -2.45283986e-03 4.88792325e-03
76100 7.61000000e+03 4.34894441e-03 -2.43095099e-03 4.98225252e-03
76200 7.62000000e+03 4.40279813e-03 -2.57379375e-03 5.09990644e-03
76300 7.63000000e+03 4.44598403e-03 -2.50960607e-03 5.10537918e-03
76400 7.64000000e+03 4.38717846e-03 -2.40769703e-03 5.00443202e-03
76500 7.65000000e+03 4.42818180e-03 -2.55193305e-03 5.11088606e-03
76600 7.66000000e+03 4.35720431e-03 -2.37266882e-03 4.96132913e-03
76700 7.67000000e+03 4.68777213e-03 -2.48848973e-03 5.30733348e-03
76800 7.68000000e+03 4.91647329e-03 -2.41455855e-03 5.47739013e-03
76900 7.69000000e+03 4.99840640e-03 -2.42152880e-03 5.55408572e-03
77000 7.70000000e+03 5.10155596e-03 -2.54069059e-03 5.69920888e-03
77100 7.71000000e+03 4.94523905e-03 -2.53416086e-03 5.55674010e-03
77200 7.72000000e+03 4.71313717e-03 -2.33154371e-03 5.25830372e-03
77300 7.73000000e+03 4.58624400e-03 -2.45384802e-03 5.20144251e-03
77400 7.74000000e+03 5.03819389e-03 -2.96060578e-03 5.84367900e-03
77500 7.75000000e+03 4.90250485e-03 -2.83176755e-03 5.66157763e-03
77600 7.76000000e+03 4.85790754e-03 -3.01735615e-03 5.71871522e-03
77700 7.77000000e+03 4.82264534e-03 -2.86340923e-03 5.60865585e-03
77800 7.78000000e+03 4.76987194e-03 -2.74211587e-03 5.50189766e-03
77900 7.79000000e+03 4.58770478e-03 -2.48181261e-03 5.21597824e-03
78000 7.80000000e+03 4.60582459e-03 -2.46863882e-03 5.22568635e-03
78100 7.81000000e+03 4.78406483e-03 -2.73114606e-03 5.50875985e-03
78200 7.82000000e+03 4.76763118e-03 -2.89708073e-03 5.57883356e-03
78300 7.83000000e+03 4.63592820e-03 -2.91385083e-03 5.47561475e-03
78400 7.84000000e+03 4.68223961e-03 -2.99429893e-03 5.55780477e-03
78500 7.85000000e+03 4.61174408e-03 -2.85285152e-03 5.42281710e-03
78600 7.86000000e+03 4.60035820e-03 -2.83007952e-03 5.40117077e-03
78700 7.87000000e+03 4.51014983e-03 -2.87568569e-03 5.34892696e-03
78800 7.88000000e+03 4.52928804e-03 -2.71079270e-03 5.27852699e-03
78900 7.89000000e+03 4.50719520e-03 -2.77969148e-03 5.29542192e-03
79000 7.90000000e+03 4.58792690e-03 -2.92283157e-03 5.43985456e-03
79100 7.91000000e+03 4.48956899e-03 -2.70480104e-03 5.24139088e-03
79200 7.92000000e+03 4.67433967e-03 -2.78240466e-03 5.43978189e-03
79300 7.93000000e+03 4.70306212e-03 -2.92873103e-03 5.54042045e-03
79400 7.94000000e+03 4.88793198e-03 -3.12524149e-03 5.80163886e-03
79500 7.95000000e+03 4.67638345e-03 -3.09616514e-03 5.60845797e-03
79600 7.96000000e+03 4.67468752e-03 -2.97870580e-03 5.54304895e-03
79700 7.97000000e+03 4.63040313e-03 -3.03200423e-03 5.53477034e-03
79800 7.98000000e+03 4.51327767e-03 -2.98424345e-03 5.41067318e-03
79900 7.99000000e+03 4.50603850e-03 -3.01042944e-03 5.41913908e-03
80000 8.00000000e+03 4.47205594e-03 -2.81756045e-03 5.28563442e-03
80100 8.01000000e+03 4.39993851e-03 -2.73191626e-03 5.17907572e-03
80200 8.02000000e+03 4.24486538e-03 -2.71922559e-03 5.04113776e-03
80300 8.03000000e+03 4.20801248e-03 -2.81355251e-03 5.06196076e-03
80400 8.04000000e+03 4.26669372e-03 -2.80550122e-03 5.10641875e-03
80500 8.05000000e+03 4.30310890e-03 -2.84695625e-03 5.15964205e-03
80600 8.06000000e+03 4.21440415e-03 -2.63456837e-03 4.97012604e-03
80700 8.07000000e+03 4.22757352e-03 -2.68835062e-03 5.00995079e-03
80800 8.08000000e+03 4.28525265e-03 -2.70462851e-03 5.06738647e-03
80900 8.09000000e+03 4.35199915e-03 -2.61645485e-03 5.07796539e-03
81000 8.10000000e+03 4.21662349e-03 -2.46290071e-03 4.88321550e-03
81100 8.11000000e+03 4.23994521e-03 -2.62993388e-03 4.98935743e-03
81200 8.12000000e+03 4.08929586e-03 -2.58934963e-03 4.84015208e-03
81300 8.13000000e+03 3.98825854e-03 -2.63812020e-03 4.78182856e-03
81400 8.14000000e+03 3.92629951e-03 -2.73447018e-03 4.78467920e-03
81500 8.15000000e+03 3.90933175e-03 -2.48272438e-03 4.63106845e-03
81600 8.16000000e+03 3.89619428e-03 -2.59669404e-03 4.68221634e-03
81700 8.17000000e+03 4.05753218e-03 -2.69208453e-03 4.86938255e-03
81800 8.18000000e+03 4.13662009e-03 -2.70376983e-03 4.94186170e-03
81900 8.19000000e+03 4.11389582e-03 -2.62629683e-03 4.88073497e-03
82000 8.20000000e+03 4.51401435e-03 -2.90399906e-03 5.36745155e-03
82100 8.21000000e+03 4.49383957e-03 -3.20837880e-03 5.52162011e-03
82200 8.22000000e+03 4.63082734e-03 -3.04840435e-03 5.54412581e-03
82300 8.23000000e+03 4.67302324e-03 -3.15747107e-03 5.63974909e-03
82400 8.24000000e+03 4.90275072e-03 -3.38337920e-03 5.95686322e-03
82500 8.25000000e+03 4.70145280e-03 -3.45819676e-03 5.83633303e-03
82600 8.26000000e+03 4.57388768e-03 -3.55544360e-03 5.79323983e-03
82700 8.27000000e+03 4.46559628e-03 -3.33034131e-03 5.57070224e-03
82800 8.28000000e+03 4.33445815e-03 -3.53538617e-03 5.59343212e-03
82900 8.29000000e+03 4.26670164e-03 -3.46208317e-03 5.49461216e-03
83000 8.30000000e+03 4.23912657e-03 -3.16592027e-03 5.29086432e-03
83100 8.31000000e+03 4.17328253e-03 -2.84329429e-03 5.04981282e-03
83200 8.32000000e+03 4.30916855e-03 -2.60581775e-03 5.03579385e-03
83300 8.33000000e+03 4.31075413e-03 -2.39506783e-03 4.93142485e-03
83400 8.34000000e+03 4.28028964e-03 -2.29090219e-03 4.85480301e-03
83500 8.35000000e+03 4.36488260e-03 -2.34881206e-03 4.95672454e-03
83600 8.36000000e+03 4.13025171e-03 -2.31950660e-03 4.73699166e-03
83700 8.37000000e+03 4.13525244e-03 -2.35427707e-03 4.75845913e-03
83800 8.38000000e+03 4.06793691e-03 -2.39068875e-03 4.71842171e-03
83900 8.39000000e+03 4.10580263e-03 -2.37574289e-03 4.74360300e-03
84000 8.40000000e+03 3.96239990e-03 -2.33236770e-03 4.59788561e-03
84100 8.41000000e+03 4.00217064e-03 -2.28018523e-03 4.60614964e-03
84200 8.42000000e+03 3.99877783e-03 -2.20011827e-03 4.56407105e-03
84300 8.43000000e+03 4.28071339e-03 -2.39148736e-03 4.90343950e-03
84400 8.44000000e+03 4.22273530e-03 -2.34423415e-03 4.82979576e-03
84500 8.45000000e+03 4.51400084e-03 -2.47152569e-03 5.14632324e-03
84600 8.46000000e+03 4.65870416e-03 -2.82313232e-03 5.44734803e-03
84700 8.47000000e+03 4.47898172e-03 -2.92736897e-03 5.35077250e-03
84800 8.48000000e+03 4.57890332e-03 -2.78964220e-03 5.36175896e-03
84900 8.49000000e+03 4.63817269e-03 -2.78369710e-03 5.40940065e-03
85000 8.50000000e+03 4.46416810e-03 -2.60545919e-03 5.16886974e-03
85100 8.51000000e+03 4.51950589e-03 -2.92427931e-03 5.38306075e-03
85200 8.52000000e+03 4.61148145e-03 -2.76597869e-03 5.37739707e-03
85300 8.53000000e+03 4.49166354e-03 -2.84763868e-03 5.31827861e-03
85400 8.54000000e+03 4.65790788e-03 -3.02314153e-03 5.55297132e-03
85500 8.55000000e+03 4.83874697e-03 -3.03308479e-03 5.71078590e-03
85600 8.56000000e+03 4.66484483e-03 -2.80790264e-03 5.44473090e-03
85700 8.57000000e+03 4.56354953e-03 -2.68431171e-03 5.29447955e-03
85800 8.58000000e+03 4.49857395e-03 -2.42985995e-03 5.11286485e-03
85900 8.59000000e+03 4.58485819e-03 -2.91247899e-03 5.43170862e-03
86000 8.60000000e+03 4.61812085e-03 -2.91616842e-03 5.46178345e-03
86100 8.61000000e+03 4.69274726e-03 -2.83711357e-03 5.48371136e-03
86200 8.62000000e+03 4.67783725e-03 -2.57555442e-03 5.34000392e-03
86300 8.63000000e+03 4.71395440e-03 -2.65265419e-03 5.40906095e-03
86400 8.64000000e+03 4.82226815e-03 -2.88898475e-03 5.62143247e-03
86500 8.65000000e+03 4.72745299e-03 -2.72044749e-03 5.45432364e-03
86600 8.66000000e+03 4.64409078e-03 -2.85336049e-03 5.45061879e-03
86700 8.67000000e+03 4.72546322e-03 -3.02035827e-03 5.60825880e-03
86800 8.68000000e+03 4.64857789e-03 -2.78713275e-03 5.42009090e-03
86900 8.69000000e+03 4.63134982e-03 -2.66113947e-03 5.34144778e-03
87000 8.70000000e+03 4.68076486e-03 -2.61009391e-03 5.35930499e-03
87100 8.71000000e+03 4.57641343e-03 -2.61167530e-03 5.26919422e-03
87200 8.72000000e+03 4.68104286e-03 -2.92192516e-03 5.51813455e-03
87300 8.73000000e+03 4.83689085e-03 -3.10535263e-03 5.74793250e-03
87400 8.74000000e+03 4.93956730e-03 -3.27982567e-03 5.92929857e-03
87500 8.75000000e+03 4.84170858e-03 -3.27208103e-03 5.84368516e-03
87600 8.76000000e+03 4.77852812e-03 -3.16842156e-03 5.73351779e-03
87700 8.77000000e+03 4.61225677e-03 -3.19736078e-03 5.61213226e-03
87800 8.78000000e+03 4.67790384e-03 -2.92593613e-03 5.51759790e-03
87900 8.79000000e+03 4.59382404e-03 -2.79788789e-03 5.37879131e-03
88000 8.80000000e+03 4.46389616e-03 -2.87282327e-03 5.30843503e-03
88100 8.81000000e+03 4.39815549e-03 -2.62144161e-03 5.12012967e-03
88200 8.82000000e+03 4.48994339e-03 -2.58489000e-03 5.18085397e-03
88300 8.83000000e+03 4.38007247e-03 -2.81595532e-03 5.20717190e-03
88400 8.84000000e+03 4.24104929e-03 -2.47898721e-03 4.91242065e-03
88500 8.85000000e+03 4.13681567e-03 -2.66659888e-03 4.92178763e-03
88600 8.86000000e+03 4.06831363e-03 -2.57702917e-03 4.81583380e-03
88700 8.87000000e+03 4.19373671e-03 -2.86590424e-03 5.07945220e-03
88800 8.88000000e+03 4.16298164e-03 -2.60546478e-03 4.91109589e-03
88900 8.89000000e+03 4.25393647e-03 -2.79162731e-03 5.08813900e-03
89000 8.90000000e+03 4.29200381e-03 -2.65487586e-03 5.04674772e-03
89100 8.91000000e+03 4.23369836e-03 -2.55981367e-03 4.94740819e-03
89200 8.92000000e+03 4.07337723e-03 -2.37104669e-03 4.71320109e-03
89300 8.93000000e+03 3.84678459e-03 -2.34898087e-03 4.50726777e-03
89400 8.94000000e+03 3.84896901e-03 -2.34074658e-03 4.50484816e-03
89500 8.95000000e+03 3.80926160e-03 -2.33203173e-03 4.46641309e-03
89600 8.96000000e+03 3.84140946e-03 -2.36338959e-03 4.51021474e-03
89700 8.97000000e+03 3.87902092e-03 -2.81250291e-03 4.79134385e-03
89800 8.98000000e+03 4.03187890e-03 -2.94632092e-03 4.99368145e-03
89900 8.99000000e+03 4.05010907e-03 -2.86825118e-03 4.96288709e-03
90000 9.00000000e+03 4.07075603e-03 -2.82822107e-03 4.95680230e-03
90100 9.01000000e+03 4.14050743e-03 -3.17013380e-03 5.21474353e-03
90200 9.02000000e+03 4.18883981e-03 -3.12532694e-03 5.22628429e-03
90300 9.03000000e+03 4.18871455e-03 -3.02346097e-03 5.16591191e-03
90400 9.04000000e+03 4.40306216e-03 -3.41320131e-03 5.57107706e-03
90500 9.05000000e+03 4.41832235e-03 -3.32219317e-03 5.52797792e-03
90600 9.06000000e+03 4.54419153e-03 -3.28963180e-03 5.60993351e-03
90700 9.07000000e+03 4.58684564e-03 -3.17497365e-03 5.57849537e-03
90800 9.08000000e+03 4.55068983e-03 -2.82705715e-03 5.35733423e-03
90900 9.09000000e+03 4.53678519e-03 -2.60057743e-03 5.22928511e-03
91000 9.10000000e+03 4.39088326e-03 -2.63168872e-03 5.11914459e-03
91100 9.11000000e+03 4.32804786e-03 -2.71510845e-03 5.10918899e-03
91200 9.12000000e+03 4.33629472e-03 -2.65143183e-03 5.08267082e-03
91300 9.13000000e+03 4.31823824e-03 -2.55352887e-03 5.01674109e-03
91400 9.14000000e+03 4.50723711e-03 -2.84247380e-03 5.32868123e-03
91500 9.15000000e+03 4.59698029e-03 -2.81827175e-03 5.39211308e-03
91600 9.16000000e+03 4.54486348e-03 -2.75020464e-03 5.31219442e-03
91700 9.17000000e+03 4.54519736e-03 -2.58404971e-03 5.22839669e-03
91800 9.18000000e+03 4.46846010e-03 -2.61963229e-03 5.17973059e-03
91900 9.19000000e+03 4.38871095e-03 -2.46515311e-03 5.03366305e-03
92000 9.20000000e+03 4.34612203e-03 -2.44811806e-03 4.98819193e-03
92100 9.21000000e+03 4.32785926e-03 -2.73681362e-03 5.12059709e-03
92200 9.22000000e+03 4.28742031e-03 -2.61358381e-03 5.02123423e-03
92300 9.23000000e+03 4.17947723e-03 -2.70133279e-03 4.97646750e-03
92400 9.24000000e+03 4.04574582e-03 -2.71858554e-03 4.87429653e-03
92500 9.25000000e+03 4.27270727e-03 -3.07445787e-03 5.26386917e-03
92600 9.26000000e+03 4.30704141e-03 -3.05655645e-03 5.28139594e-03
92700 9.27000000e+03 4.35912143e-03 -3.09189362e-03 5.34431903e-03
92800 9.28000000e+03 4.33816249e-03 -3.04548535e-03 5.30043723e-03
92900 9.29000000e+03 4.28292342e-03 -3.08718858e-03 5.27959907e-03
93000 9.30000000e+03 4.27573221e-03 -3.10527044e-03 5.28437228e-03
93100 9.31000000e+03 4.31586243e-03 -3.03644338e-03 5.27699317e-03
93200 9.32000000e+03 4.33852291e-03 -2.96795811e-03 5.25657268e-03
93300 9.33000000e+03 4.22674464e-03 -2.97975144e-03 5.17148808e-03
93400 9.34000000e+03 4.29277401e-03 -2.92368839e-03 5.19382927e-03
93500 9.35000000e+03 4.36882023e-03 -2.90893810e-03 5.24866755e-03
93600 9.36000000e+03 4.46674181e-03 -2.93168495e-03 5.34289800e-03
93700 9.37000000e+03 4.59993072e-03 -2.84137484e-03 5.40673410e-03
93800 9.38000000e+03 4.66093142e-03 -2.78883241e-03 5.43156220e-03
93900 9.39000000e+03 4.76185651e-03 -2.87189195e-03 5.56084893e-03
94000 9.40000000e+03 4.69944673e-03 -2.78620818e-03 5.46330994e-03
94100 9.41000000e+03 4.62837424e-03 -2.77354126e-03 5.39577420e-03
94200 9.42000000e+03 4.73264325e-03 -2.65460834e-03 5.42631160e-03
94300 9.43000000e+03 4.86695440e-03 -2.72356533e-03 5.57719044e-03
94400 9.44000000e+03 4.79860231e-03 -2.61837780e-03 5.46648758e-03
94500 9.45000000e+03 4.89115948e-03 -2.55368208e-03 5.51767462e-03
94600 9.46000000e+03 4.91197174e-03 -2.71809427e-03 5.61386702e-03
94700 9.47000000e+03 4.94568143e-03 -3.00822919e-03 5.78871382e-03
94800 9.48000000e+03 4.77742217e-03 -2.83439131e-03 5.55495605e-03
94900 9.49000000e+03 4.83180769e-03 -2.90014222e-03 5.63535185e-03
95000 9.50000000e+03 4.71639866e-03 -2.98489979e-03 5.58158070e-03
95100 9.51000000e+03 4.86552343e-03 -3.01673170e-03 5.72485706e-03
95200 9.52000000e+03 5.06603345e-03 -3.03891301e-03 5.90759572e-03
95300 9.53000000e+03 5.17927948e-03 -3.09227989e-03 6.03217464e-03
95400 9.54000000e+03 4.92856605e-03 -2.90184026e-03 5.71939159e-03
95500 9.55000000e+03 4.96451464e-03 -2.96280906e-03 5.78140494e-03
95600 9.56000000e+03 4.91086952e-03 -2.80419039e-03 5.65509710e-03
95700 9.57000000e+03 4.72378917e-03 -2.61595985e-03 5.39976204e-03
95800 9.58000000e+03 4.55951551e-03 -2.92027229e-03 5.41453340e-03
95900 9.59000000e+03 4.40397905e-03 -2.83282716e-03 5.23640537e-03
96000 9.60000000e+03 4.42908751e-03 -2.84809503e-03 5.26578213e-03
96100 9.61000000e+03 4.16258816e-03 -2.96705891e-03 5.11180778e-03
96200 9.62000000e+03 4.16478002e-03 -2.80933967e-03 5.02372193e-03
96300 9.63000000e+03 4.03924147e-03 -2.53240112e-03 4.76744450e-03
96400 9.64000000e+03 4.06965986e-03 -3.02855228e-03 5.07289467e-03
96500 9.65000000e+03 4.06798068e-03 -2.78853625e-03 4.93197742e-03
96600 9.66000000e+03 4.19933675e-03 -2.78410176e-03 5.03841758e-03
96700 9.67000000e+03 4.17812401e-03 -2.64923763e-03 4.94723967e-03
96800 9.68000000e+03 4.21410426e-03 -2.71802419e-03 5.01461167e-03
96900 9.69000000e+03 4.27137362e-03 -2.61605717e-03 5.00883097e-03
97000 9.70000000e+03 4.30545397e-03 -2.65877484e-03 5.06023888e-03
97100 9.71000000e+03 4.29590605e-03 -2.65537738e-03 5.05033047e-03
97200 9.72000000e+03 4.17049741e-03 -2.51988391e-03 4.87266494e-03
97300 9.73000000e+03 4.25334042e-03 -2.56565679e-03 4.96724264e-03
97400 9.74000000e+03 4.05084481e-03 -2.59029330e-03 4.80821829e-03
97500 9.75000000e+03 3.94635787e-03 -2.50109239e-03 4.67217332e-03
97600 9.76000000e+03 4.02298244e-03 -2.62007932e-03 4.80095859e-03
97700 9.77000000e+03 3.96936294e-03 -2.55365157e-03 4.71984941e-03
97800 9.78000000e+03 4.03645169e-03 -2.45239679e-03 4.72304904e-03
97900 9.79000000e+03 3.99213051e-03 -2.96515948e-03 4.97285399e-03
98000 9.80000000e+03 4.18654317e-03 -2.93311011e-03 5.11177842e-03
98100 9.81000000e+03 4.26023453e-03 -2.78414553e-03 5.08930886e-03
98200 9.82000000e+03 4.36328584e-03 -2.78989901e-03 5.17897672e-03
98300 9.83000000e+03 4.69572982e-03 -2.91653653e-03 5.52775396e-03
98400 9.84000000e+03 4.66612261e-03 -2.87895510e-03 5.48279880e-03
98500 9.85000000e+03 4.49674251e-03 -2.58735800e-03 5.18797789e-03
98600 9.86000000e+03 4.54269070e-03 -2.61608046e-03 5.24212893e-03
98700 9.87000000e+03 4.61207842e-03 -2.74750497e-03 5.36843096e-03
98800 9.88000000e+03 4.47202800e-03 -2.72375252e-03 5.23620685e-03
98900 9.89000000e+03 4.40744264e-03 -2.53454596e-03 5.08423778e-03
99000 9.90000000e+03 4.38030297e-03 -2.61644390e-03 5.10223802e-03
99100 9.91000000e+03 4.41642385e-03 -2.52268976e-03 5.08613441e-03
99200 9.92000000e+03 4.60419059e-03 -2.83404929e-03 5.40651517e-03
99300 9.93000000e+03 4.62256838e-03 -2.78614485e-03 5.39729020e-03
99400 9.94000000e+03 4.68298234e-03 -2.66424683e-03 5.38781354e-03
99500 9.95000000e+03 4.46801260e-03 -2.84804194e-03 5.29853560e-03
99600 9.96000000e+03 4.46268404e-03 -2.66441912e-03 5.19756463e-03
99700 9.97000000e+03 4.43389406e-03 -2.87229428e-03 5.28294340e-03
99800 9.98000000e+03 4.37659770e-03 -2.89699878e-03 5.24854355e-03
99900 9.99000000e+03 4.45181923e-03 -3.03994003e-03 5.39072628e-03
100000 1.00000000e+04 4.44522779e-03 -3.00033460e-03 5.36302693e-03
